0 6.1786 0.0867 cyclist 0.8161694407463074
1 6.1786 0.0867 cyclist 0.8260260224342346
2 6.1786 0.0867 cyclist 0.822625458240509
3 6.1786 0.0867 cyclist 0.8264255523681641
4 6.1786 0.0867 cyclist 0.828913152217865
5 6.1786 0.0867 cyclist 0.8239243030548096
6 6.1786 0.0867 cyclist 0.8159022331237793
7 6.1786 0.1025 cyclist 0.8032170534133911
8 6.1786 0.0867 cyclist 0.6824357211589813
8 7.0308 0.0079 pedestrian 0.4343349486589432
9 6.1786 0.0867 cyclist 0.6577095091342926
9 7.0308 0.0079 pedestrian 0.4763127565383911
10 6.1786 0.0867 cyclist 0.6286352127790451
10 7.0308 0.0079 pedestrian 0.5224754065275192
11 6.1786 0.0867 cyclist 0.6096281111240387
11 7.0308 0.0079 pedestrian 0.5533784180879593
11 6.1786 0.1821 pedestrian 0.4142488017678261
12 6.1786 0.0867 cyclist 0.5848197042942047
12 7.0308 -0.0079 pedestrian 0.5633452236652374
12 6.1786 0.1821 pedestrian 0.43915000557899475
13 7.0308 -0.0079 pedestrian 0.5631296038627625
13 6.1786 0.0867 cyclist 0.5594873279333115
13 6.1786 0.1821 pedestrian 0.4530751332640648
14 7.0308 -0.0079 pedestrian 0.5574588775634766
14 6.3916 0.0867 cyclist 0.5250773429870605
14 5.9655 0.1981 pedestrian 0.462274931371212
15 7.0308 -0.0079 pedestrian 0.5749320238828659
15 5.9655 0.1981 pedestrian 0.49229705333709717
15 6.3916 0.0867 cyclist 0.4849553257226944
16 6.1786 0.2142 pedestrian 0.7802850902080536
16 7.0308 -0.0236 pedestrian 0.778187096118927
17 6.1786 0.2142 pedestrian 0.8048870265483856
17 7.0308 -0.0236 pedestrian 0.7869668304920197
18 6.1786 0.2142 pedestrian 0.8240531980991364
18 7.0308 -0.0236 pedestrian 0.7979938685894012
19 6.1786 0.2142 pedestrian 0.8440288305282593
19 7.0308 -0.0394 pedestrian 0.8109954595565796
20 6.1786 0.2142 pedestrian 0.8568705022335052
20 7.0308 -0.0394 pedestrian 0.8181970417499542
21 6.1786 0.2142 pedestrian 0.865821897983551
21 7.0308 -0.0394 pedestrian 0.8209495544433594
22 6.1786 0.2142 pedestrian 0.8670332431793213
22 7.0308 -0.0394 pedestrian 0.8177141547203064
23 6.1786 0.2142 pedestrian 0.866603821516037
23 7.0308 -0.0394 pedestrian 0.8159104883670807
24 6.1786 0.2466 pedestrian 0.8839886486530304
24 7.0308 -0.0709 pedestrian 0.8184584677219391
25 6.1786 0.2466 pedestrian 0.8936561942100525
25 7.0308 -0.0867 pedestrian 0.8309207558631897
26 6.1786 0.2466 pedestrian 0.8989165127277374
26 7.0308 -0.0867 pedestrian 0.8450632989406586
27 6.1786 0.2466 pedestrian 0.9054671823978424
27 7.0308 -0.0867 pedestrian 0.8587827384471893
28 6.1786 0.2466 pedestrian 0.9044529497623444
28 7.0308 -0.0867 pedestrian 0.8668915033340454
29 6.1786 0.2466 pedestrian 0.899735689163208
29 7.0308 -0.0867 pedestrian 0.8698212206363678
30 6.1786 0.2466 pedestrian 0.8893297016620636
30 7.0308 -0.0867 pedestrian 0.8679216504096985
31 6.1786 0.2466 pedestrian 0.8761559426784515
31 7.0308 -0.0867 pedestrian 0.8670803308486938
32 7.0308 -0.1184 pedestrian 0.886174201965332
32 6.3916 0.2629 pedestrian 0.8687337338924408
33 7.0308 -0.1184 pedestrian 0.9000218510627747
33 6.3916 0.2629 pedestrian 0.8829005062580109
34 7.0308 -0.1184 pedestrian 0.9075653553009033
34 6.3916 0.2629 pedestrian 0.888187438249588
35 7.0308 -0.1184 pedestrian 0.9133989214897156
35 6.3916 0.2629 pedestrian 0.8907524347305298
36 7.0308 -0.1184 pedestrian 0.9136505126953125
36 6.3916 0.2629 pedestrian 0.8834062814712524
37 7.0308 -0.1343 pedestrian 0.9109114110469818
37 6.3916 0.2629 pedestrian 0.8728536665439606
38 7.0308 -0.1343 pedestrian 0.9086615443229675
38 6.3916 0.2792 pedestrian 0.8613834083080292
39 7.0308 -0.1343 pedestrian 0.9048192203044891
39 6.3916 0.2792 pedestrian 0.8477357029914856
40 7.0308 -0.1661 pedestrian 0.8963657915592194
40 6.6047 0.3121 pedestrian 0.8648980259895325
41 7.0308 -0.1661 pedestrian 0.9094757437705994
41 6.6047 0.3121 pedestrian 0.88035649061203
42 7.0308 -0.1661 pedestrian 0.9166746437549591
42 6.6047 0.3121 pedestrian 0.8892951607704163
43 7.0308 -0.1661 pedestrian 0.9243827164173126
43 6.6047 0.3121 pedestrian 0.8971720039844513
44 7.0308 -0.1661 pedestrian 0.9264356791973114
44 6.6047 0.3121 pedestrian 0.8947367966175079
45 7.0308 -0.1661 pedestrian 0.9264979064464569
45 6.8178 0.3287 pedestrian 0.8937190771102905
46 7.0308 -0.1661 pedestrian 0.9233928918838501
46 6.8178 0.3287 pedestrian 0.8948021829128265
47 7.0308 -0.1661 pedestrian 0.9189580976963043
47 6.8178 0.3287 pedestrian 0.8921549320220947
48 6.8178 0.3454 pedestrian 0.8704766035079956
48 7.0308 -0.1821 pedestrian 0.852522611618042
49 6.8178 0.3454 pedestrian 0.8836128413677216
49 7.2439 -0.1981 pedestrian 0.8694823682308197
50 6.8178 0.3454 pedestrian 0.8891408741474152
50 7.2439 -0.1981 pedestrian 0.8810465335845947
51 6.8178 0.3454 pedestrian 0.8938586413860321
51 7.2439 -0.1981 pedestrian 0.8899679481983185
52 7.2439 -0.1981 pedestrian 0.8922806084156036
52 6.8178 0.3454 pedestrian 0.8913821876049042
53 7.2439 -0.1981 pedestrian 0.895062267780304
53 6.8178 0.3454 pedestrian 0.8863341808319092
54 7.2439 -0.1981 pedestrian 0.8949975371360779
54 7.0308 0.3622 pedestrian 0.8796047866344452
55 7.2439 -0.1981 pedestrian 0.8941983580589294
55 7.0308 0.3622 pedestrian 0.877924919128418
56 7.0308 0.3622 pedestrian 0.8896689414978027
56 7.0308 -0.2142 pedestrian 0.8851696252822876
57 7.0308 0.3622 pedestrian 0.904838502407074
57 7.0308 -0.2142 pedestrian 0.898584395647049
58 7.0308 0.3622 pedestrian 0.9130127429962158
58 7.0308 -0.2142 pedestrian 0.904476135969162
59 7.0308 0.3791 pedestrian 0.9225766956806183
59 7.0308 -0.2142 pedestrian 0.90948086977005
60 7.0308 0.3791 pedestrian 0.9240304827690125
60 7.0308 -0.2142 pedestrian 0.908501148223877
61 7.0308 0.3791 pedestrian 0.9213613867759705
61 7.0308 -0.2304 pedestrian 0.9040566086769104
62 7.0308 0.3791 pedestrian 0.9152560830116272
62 7.0308 -0.2304 pedestrian 0.8972998559474945
63 7.0308 0.3791 pedestrian 0.9058894515037537
63 7.0308 -0.2304 pedestrian 0.8872388899326324
64 7.2439 0.3961 pedestrian 0.8894646465778351
64 7.2439 -0.2629 pedestrian 0.8667943477630615
65 7.2439 0.3961 pedestrian 0.9072504937648773
65 7.2439 -0.2629 pedestrian 0.8820089399814606
66 7.2439 0.3961 pedestrian 0.9165449738502502
66 7.2439 -0.2629 pedestrian 0.8899160027503967
67 7.2439 0.3961 pedestrian 0.9232114851474762
67 7.2439 -0.2629 pedestrian 0.8982776999473572
68 7.2439 0.3961 pedestrian 0.9205772578716278
68 7.2439 -0.2629 pedestrian 0.9000078737735748
69 7.2439 0.3961 pedestrian 0.9158858060836792
69 7.2439 -0.2629 pedestrian 0.8989341855049133
70 7.2439 0.3961 pedestrian 0.9071036577224731
70 7.2439 -0.2629 pedestrian 0.8939758241176605
71 7.2439 0.3961 pedestrian 0.8926653563976288
71 7.2439 -0.2792 pedestrian 0.8897954821586609
72 7.4569 0.4132 pedestrian 0.9099453985691071
72 7.4569 -0.2956 pedestrian 0.8464940190315247
73 7.4569 0.4132 pedestrian 0.9174882471561432
73 7.4569 -0.3121 pedestrian 0.8598803579807281
74 7.4569 0.4132 pedestrian 0.9218446314334869
74 7.4569 -0.3121 pedestrian 0.8699106276035309
75 7.6700 0.4132 pedestrian 0.9281021356582642
75 7.4569 -0.3121 pedestrian 0.8806634247303009
76 7.6700 0.4132 pedestrian 0.9316497445106506
76 7.4569 -0.3121 pedestrian 0.8853844106197357
77 7.6700 0.4132 pedestrian 0.933690071105957
77 7.4569 -0.3121 pedestrian 0.8877587616443634
78 7.6700 0.4132 pedestrian 0.9322168529033661
78 7.4569 -0.3121 pedestrian 0.8875080347061157
79 7.6700 0.4132 pedestrian 0.9292548894882202
79 7.4569 -0.3121 pedestrian 0.8857141435146332
80 7.6700 0.4132 pedestrian 0.9021716117858887
80 7.4569 -0.3454 pedestrian 0.8214777708053589
81 7.6700 0.4132 pedestrian 0.9127010703086853
81 7.4569 -0.3454 pedestrian 0.8481425046920776
82 7.6700 0.4132 pedestrian 0.9156445860862732
82 7.4569 -0.3454 pedestrian 0.855700820684433
83 7.8830 0.4132 pedestrian 0.9213714897632599
83 7.4569 -0.3454 pedestrian 0.8612764179706573
84 7.8830 0.4132 pedestrian 0.923552006483078
84 7.4569 -0.3454 pedestrian 0.8606710731983185
85 7.8830 0.4132 pedestrian 0.9241311848163605
85 7.4569 -0.3454 pedestrian 0.8591368496417999
86 7.8830 0.4132 pedestrian 0.9224847555160522
86 7.4569 -0.3622 pedestrian 0.8591896295547485
87 7.8830 0.4132 pedestrian 0.9178594350814819
87 7.4569 -0.3622 pedestrian 0.8590550124645233
88 8.0961 0.4132 pedestrian 0.8919444382190704
88 7.4569 -0.3791 pedestrian 0.8523158133029938
89 8.0961 0.4132 pedestrian 0.9075339734554291
89 7.4569 -0.3791 pedestrian 0.8673192262649536
90 8.0961 0.4132 pedestrian 0.9174984991550446
90 7.4569 -0.3961 pedestrian 0.8740178942680359
91 8.0961 0.4132 pedestrian 0.9266720712184906
91 7.4569 -0.3961 pedestrian 0.8839136958122253
92 8.0961 0.4132 pedestrian 0.9274495542049408
92 7.4569 -0.3961 pedestrian 0.8818989992141724
93 8.0961 0.4132 pedestrian 0.9271918833255768
93 7.4569 -0.3961 pedestrian 0.8797095417976379
94 8.0961 0.4132 pedestrian 0.9245041906833649
94 7.4569 -0.3961 pedestrian 0.8768212795257568
95 8.0961 0.4132 pedestrian 0.9204501509666443
95 7.4569 -0.3961 pedestrian 0.8690187633037567
96 8.0961 0.4132 pedestrian 0.8817738890647888
96 7.6700 -0.4132 pedestrian 0.836877316236496
97 8.3091 0.4132 pedestrian 0.8951468169689178
97 7.6700 -0.4305 pedestrian 0.8571513593196869
98 8.3091 0.4132 pedestrian 0.904529482126236
98 7.6700 -0.4305 pedestrian 0.8682096898555756
99 8.3091 0.4132 pedestrian 0.9145037233829498
99 7.6700 -0.4305 pedestrian 0.8767523765563965
100 8.3091 0.4132 pedestrian 0.9169798195362091
100 7.6700 -0.4305 pedestrian 0.8756470084190369
101 8.3091 0.4132 pedestrian 0.9195685982704163
101 7.6700 -0.4305 pedestrian 0.8729086220264435
102 8.3091 0.4132 pedestrian 0.9204307496547699
102 7.6700 -0.4305 pedestrian 0.8668854236602783
103 8.3091 0.4132 pedestrian 0.9190634191036224
103 7.6700 -0.4305 pedestrian 0.8529284298419952
104 8.3091 0.4132 pedestrian 0.9066034853458405
104 7.6700 -0.4479 pedestrian 0.8294051587581635
105 8.3091 0.4132 pedestrian 0.9153478741645813
105 7.6700 -0.4479 pedestrian 0.8426031470298767
106 8.3091 0.4132 pedestrian 0.9203411936759949
106 7.6700 -0.4479 pedestrian 0.8450665175914764
107 8.3091 0.4132 pedestrian 0.9258454144001007
107 7.8830 -0.4654 pedestrian 0.85365891456604
108 8.3091 0.4132 pedestrian 0.9240996241569519
108 7.8830 -0.4654 pedestrian 0.8546138405799866
109 8.5222 0.4132 pedestrian 0.9247545301914215
109 7.8830 -0.4654 pedestrian 0.8544822931289673
110 8.5222 0.4132 pedestrian 0.925085574388504
110 7.8830 -0.4654 pedestrian 0.8503800332546234
111 8.5222 0.4132 pedestrian 0.9231545329093933
111 7.8830 -0.4654 pedestrian 0.8398029208183289
112 8.5222 0.4132 pedestrian 0.9074988961219788
112 7.8830 -0.5010 pedestrian 0.8227340281009674
113 8.5222 0.4132 pedestrian 0.9192534983158112
113 7.8830 -0.5010 pedestrian 0.8504361510276794
114 8.5222 0.3961 pedestrian 0.9261796474456787
114 7.8830 -0.5010 pedestrian 0.8611333966255188
115 8.5222 0.3961 pedestrian 0.9331534206867218
115 7.8830 -0.5010 pedestrian 0.8686378300189972
116 8.5222 0.3961 pedestrian 0.9354132115840912
116 7.8830 -0.5010 pedestrian 0.8680019676685333
117 8.5222 0.3961 pedestrian 0.9350749254226685
117 7.8830 -0.5010 pedestrian 0.8677803575992584
118 8.5222 0.3961 pedestrian 0.9326066374778748
118 7.8830 -0.5010 pedestrian 0.8636435270309448
119 8.5222 0.3961 pedestrian 0.9286659359931946
119 7.8830 -0.5010 pedestrian 0.8525300920009613
120 8.5222 0.3961 pedestrian 0.8631157875061035
120 7.6700 -0.5191 pedestrian 0.8516581356525421
121 8.5222 0.3961 pedestrian 0.8805879652500153
121 7.6700 -0.5191 pedestrian 0.869183361530304
122 8.5222 0.3961 pedestrian 0.8912877440452576
122 7.6700 -0.5191 pedestrian 0.8790209591388702
123 8.5222 0.3961 pedestrian 0.8973371982574463
123 7.6700 -0.5191 pedestrian 0.8878025114536285
124 8.7352 0.3961 pedestrian 0.8978417813777924
124 7.6700 -0.5191 pedestrian 0.8877624273300171
125 8.7352 0.3961 pedestrian 0.8996978402137756
125 7.6700 -0.5191 pedestrian 0.8849522471427917
126 8.7352 0.3961 pedestrian 0.89876389503479
126 7.6700 -0.5191 pedestrian 0.8792941272258759
127 8.7352 0.3961 pedestrian 0.8947076499462128
127 7.6700 -0.5191 pedestrian 0.866357684135437
128 8.7352 0.3791 pedestrian 0.8687211871147156
128 7.6700 -0.5373 pedestrian 0.8550443351268768
129 8.7352 0.3791 pedestrian 0.883798211812973
129 7.6700 -0.5373 pedestrian 0.8641918897628784
130 8.9483 0.3791 pedestrian 0.8958592712879181
130 7.6700 -0.5373 pedestrian 0.8645953834056854
131 8.9483 0.3791 pedestrian 0.9069263339042664
131 7.6700 -0.5373 pedestrian 0.8665549457073212
132 8.9483 0.3791 pedestrian 0.9129616618156433
132 7.6700 -0.5373 pedestrian 0.8622118234634399
133 8.9483 0.3791 pedestrian 0.9196181893348694
133 7.6700 -0.5373 pedestrian 0.8603154718875885
134 8.9483 0.3791 pedestrian 0.9219052195549011
134 7.6700 -0.5373 pedestrian 0.8567264676094055
135 8.9483 0.3791 pedestrian 0.9200259745121002
135 7.6700 -0.5373 pedestrian 0.8473166823387146
136 8.9483 0.3454 pedestrian 0.9035136103630066
136 7.4569 -0.5191 pedestrian 0.7581776678562164
137 8.9483 0.3454 pedestrian 0.91680046916008
137 7.4569 -0.5191 pedestrian 0.8012895584106445
138 8.9483 0.3454 pedestrian 0.9257823526859283
138 7.4569 -0.5191 pedestrian 0.8171984255313873
139 8.9483 0.3454 pedestrian 0.9337570369243622
139 7.4569 -0.5191 pedestrian 0.8270174562931061
140 8.9483 0.3454 pedestrian 0.9352805018424988
140 7.4569 -0.5191 pedestrian 0.8275689780712128
141 8.9483 0.3454 pedestrian 0.9356427192687988
141 7.4569 -0.5191 pedestrian 0.8274340927600861
142 8.9483 0.3454 pedestrian 0.933264821767807
142 7.4569 -0.5191 pedestrian 0.8138160407543182
143 8.9483 0.3454 pedestrian 0.9299127161502838
143 7.4569 -0.5191 pedestrian 0.7810810506343842
144 8.9483 0.3287 pedestrian 0.9059906899929047
144 7.2439 -0.5191 pedestrian 0.8438109159469604
145 8.9483 0.3287 pedestrian 0.9170264601707458
145 7.2439 -0.5191 pedestrian 0.8676185607910156
146 8.9483 0.3287 pedestrian 0.9249007403850555
146 7.2439 -0.5191 pedestrian 0.8803050518035889
147 8.9483 0.3287 pedestrian 0.9319981634616852
147 7.2439 -0.5191 pedestrian 0.8894683420658112
148 8.9483 0.3287 pedestrian 0.933038741350174
148 7.2439 -0.5191 pedestrian 0.8890542089939117
149 8.9483 0.3287 pedestrian 0.9337565004825592
149 7.2439 -0.5191 pedestrian 0.8888227045536041
150 8.9483 0.3287 pedestrian 0.9314615428447723
150 7.2439 -0.5191 pedestrian 0.8855111598968506
151 8.9483 0.3287 pedestrian 0.9261833131313324
151 7.2439 -0.5191 pedestrian 0.8752719163894653
152 8.9483 0.3121 pedestrian 0.8921781480312347
152 7.2439 -0.5010 pedestrian 0.8280340433120728
153 8.9483 0.3121 pedestrian 0.9028012156486511
153 7.2439 -0.4831 pedestrian 0.8499813973903656
154 8.9483 0.2956 pedestrian 0.9109157919883728
154 7.0308 -0.4831 pedestrian 0.8662642240524292
155 8.9483 0.2956 pedestrian 0.919120192527771
155 7.0308 -0.4831 pedestrian 0.8826514184474945
156 8.9483 0.2956 pedestrian 0.9204367697238922
156 7.0308 -0.4831 pedestrian 0.887954592704773
157 8.9483 0.2956 pedestrian 0.9222104251384735
157 7.0308 -0.4831 pedestrian 0.8869360089302063
158 8.9483 0.2956 pedestrian 0.9198343753814697
158 7.0308 -0.4831 pedestrian 0.8799204528331757
159 8.9483 0.2956 pedestrian 0.9162968695163727
159 7.0308 -0.4831 pedestrian 0.8617112636566162
160 8.9483 0.2956 pedestrian 0.8680061101913452
160 7.0308 -0.4654 pedestrian 0.8416931927204132
161 8.9483 0.2792 pedestrian 0.8816278576850891
161 7.0308 -0.4654 pedestrian 0.8692400455474854
162 8.9483 0.2792 pedestrian 0.8938233256340027
162 7.0308 -0.4654 pedestrian 0.8794153332710266
163 8.9483 0.2792 pedestrian 0.9054653644561768
163 7.0308 -0.4654 pedestrian 0.8852835893630981
164 8.9483 0.2792 pedestrian 0.9091178178787231
164 7.0308 -0.4479 pedestrian 0.8833071291446686
165 8.9483 0.2792 pedestrian 0.9103298783302307
165 7.0308 -0.4479 pedestrian 0.8781146109104156
166 8.9483 0.2792 pedestrian 0.9069808721542358
166 7.0308 -0.4479 pedestrian 0.8670021891593933
167 8.9483 0.2792 pedestrian 0.903992235660553
167 7.0308 -0.4479 pedestrian 0.8466979265213013
168 8.9483 0.2629 pedestrian 0.8799775838851929
168 6.8178 -0.4479 pedestrian 0.8699041604995728
169 8.9483 0.2629 pedestrian 0.8920433521270752
169 6.8178 -0.4479 pedestrian 0.8853763937950134
170 8.9483 0.2629 pedestrian 0.8982293605804443
170 6.8178 -0.4479 pedestrian 0.8936788141727448
171 8.9483 0.2629 pedestrian 0.9038021564483643
171 6.8178 -0.4479 pedestrian 0.8999580144882202
172 8.9483 0.2629 pedestrian 0.9035628736019135
172 6.8178 -0.4305 pedestrian 0.8995829820632935
173 8.9483 0.2466 pedestrian 0.9034995436668396
173 6.8178 -0.4305 pedestrian 0.9004165828227997
174 8.9483 0.2466 pedestrian 0.9014298915863037
174 6.8178 -0.4305 pedestrian 0.8987224996089935
175 8.9483 0.2466 pedestrian 0.8979759812355042
175 6.8178 -0.4305 pedestrian 0.8917312920093536
176 6.8178 -0.4132 pedestrian 0.8863981664180756
176 8.9483 0.2304 pedestrian 0.8662140667438507
177 6.8178 -0.4132 pedestrian 0.8972786664962769
177 8.9483 0.2304 pedestrian 0.8833895921707153
178 6.8178 -0.4132 pedestrian 0.9011940658092499
178 8.9483 0.2304 pedestrian 0.8959029912948608
179 6.8178 -0.3961 pedestrian 0.9067859351634979
179 8.9483 0.2304 pedestrian 0.9064480364322662
180 8.9483 0.2304 pedestrian 0.9083089232444763
180 6.8178 -0.3961 pedestrian 0.9044703841209412
181 8.9483 0.2304 pedestrian 0.9080052375793457
181 6.8178 -0.3961 pedestrian 0.9007023870944977
182 8.9483 0.2304 pedestrian 0.9030292332172394
182 6.8178 -0.3961 pedestrian 0.8935750424861908
183 8.9483 0.2142 pedestrian 0.897559642791748
183 6.8178 -0.3791 pedestrian 0.884443074464798
184 6.8178 -0.3622 pedestrian 0.8481382131576538
184 8.7352 0.2142 pedestrian 0.7667940557003021
185 6.8178 -0.3454 pedestrian 0.8629494905471802
185 8.7352 0.2142 pedestrian 0.7813781797885895
186 6.8178 -0.3454 pedestrian 0.8743203580379486
186 8.7352 0.2142 pedestrian 0.8028355836868286
187 6.8178 -0.3454 pedestrian 0.8848032653331757
187 8.7352 0.2142 pedestrian 0.8242744207382202
188 6.8178 -0.3454 pedestrian 0.8853224515914917
188 8.7352 0.2142 pedestrian 0.8330638706684113
189 6.8178 -0.3454 pedestrian 0.8818913698196411
189 8.7352 0.1981 pedestrian 0.8393851816654205
190 6.8178 -0.3287 pedestrian 0.8742048442363739
190 8.7352 0.1981 pedestrian 0.840006023645401
191 6.8178 -0.3287 pedestrian 0.8674138784408569
191 8.7352 0.1981 pedestrian 0.8420169055461884
192 6.8178 -0.2956 pedestrian 0.8427039086818695
192 8.7352 0.1821 pedestrian 0.8196886479854584
193 6.8178 -0.2956 pedestrian 0.8585077226161957
193 8.7352 0.1821 pedestrian 0.8406780660152435
194 6.8178 -0.2956 pedestrian 0.8637523949146271
194 8.7352 0.1821 pedestrian 0.8503296971321106
195 6.8178 -0.2792 pedestrian 0.867736428976059
195 8.7352 0.1661 pedestrian 0.8588763475418091
196 6.8178 -0.2792 pedestrian 0.8713430166244507
196 8.7352 0.1661 pedestrian 0.8559249639511108
197 6.8178 -0.2792 pedestrian 0.8737568855285645
197 8.7352 0.1661 pedestrian 0.8470273315906525
198 6.8178 -0.2792 pedestrian 0.8709256649017334
198 8.7352 0.1661 pedestrian 0.8331965506076813
199 6.8178 -0.2792 pedestrian 0.8634204864501953
199 8.7352 0.1661 pedestrian 0.826054036617279
200 8.7352 0.1502 pedestrian 0.8643844127655029
200 6.8178 -0.2629 pedestrian 0.8579426407814026
201 8.7352 0.1343 pedestrian 0.8789480328559875
201 6.8178 -0.2629 pedestrian 0.8669182658195496
202 8.7352 0.1343 pedestrian 0.888334184885025
202 6.8178 -0.2466 pedestrian 0.8755935728549957
203 8.7352 0.1343 pedestrian 0.8961702287197113
203 6.8178 -0.2466 pedestrian 0.8838249742984772
204 8.7352 0.1343 pedestrian 0.896971195936203
204 6.8178 -0.2466 pedestrian 0.8832764327526093
205 8.7352 0.1343 pedestrian 0.8971756994724274
205 6.8178 -0.2466 pedestrian 0.8819814026355743
206 8.7352 0.1343 pedestrian 0.8925822973251343
206 6.8178 -0.2466 pedestrian 0.8792312443256378
207 8.7352 0.1343 pedestrian 0.8875628709793091
207 6.8178 -0.2304 pedestrian 0.8756864070892334
208 8.7352 0.1184 pedestrian 0.8803525865077972
208 6.8178 -0.2142 pedestrian 0.8687006533145905
209 8.7352 0.1184 pedestrian 0.8920263648033142
209 6.8178 -0.2142 pedestrian 0.880384236574173
210 8.7352 0.1025 pedestrian 0.9004804193973541
210 6.8178 -0.2142 pedestrian 0.8880104720592499
211 8.7352 0.1025 pedestrian 0.9085262417793274
211 6.8178 -0.1981 pedestrian 0.8970063328742981
212 8.7352 0.1025 pedestrian 0.9105595648288727
212 6.8178 -0.1981 pedestrian 0.8990618288516998
213 8.7352 0.1025 pedestrian 0.9114036858081818
213 6.8178 -0.1981 pedestrian 0.898443728685379
214 8.5222 0.1025 pedestrian 0.9108113348484039
214 6.8178 -0.1981 pedestrian 0.8940324187278748
215 8.5222 0.1025 pedestrian 0.9086964130401611
215 6.8178 -0.1981 pedestrian 0.8870412707328796
216 8.5222 0.1025 pedestrian 0.8736438453197479
216 6.8178 -0.1661 pedestrian 0.8608981668949127
217 8.5222 0.1025 pedestrian 0.888359010219574
217 6.8178 -0.1502 pedestrian 0.8763754665851593
218 8.5222 0.0867 pedestrian 0.8947403728961945
218 6.8178 -0.1502 pedestrian 0.8876930475234985
219 8.5222 0.0867 pedestrian 0.9003720581531525
219 6.8178 -0.1502 pedestrian 0.8985918164253235
220 6.8178 -0.1502 pedestrian 0.9015378952026367
220 8.5222 0.0867 pedestrian 0.9005557596683502
221 6.8178 -0.1502 pedestrian 0.9033607840538025
221 8.5222 0.0867 pedestrian 0.9023427367210388
222 6.8178 -0.1502 pedestrian 0.9004784524440765
222 8.5222 0.0867 pedestrian 0.9001971483230591
223 8.5222 0.0867 pedestrian 0.8938910365104675
223 6.8178 -0.1502 pedestrian 0.8935462534427643
224 8.5222 0.0551 pedestrian 0.8568621873855591
224 6.8178 -0.1184 pedestrian 0.8517709374427795
225 8.5222 0.0551 pedestrian 0.8725804090499878
225 6.8178 -0.1184 pedestrian 0.866416335105896
226 8.5222 0.0551 pedestrian 0.8791715800762177
226 6.8178 -0.1184 pedestrian 0.8752536773681641
227 8.5222 0.0551 pedestrian 0.883964866399765
227 6.8178 -0.1025 pedestrian 0.8838385343551636
228 6.8178 -0.1025 pedestrian 0.8867992162704468
228 8.5222 0.0551 pedestrian 0.8819036781787872
229 6.8178 -0.1025 pedestrian 0.8918730616569519
229 8.5222 0.0394 pedestrian 0.8808395862579346
230 6.8178 -0.1025 pedestrian 0.8942271173000336
230 8.5222 0.0394 pedestrian 0.8783351480960846
231 6.8178 -0.1025 pedestrian 0.8932261765003204
231 8.5222 0.0394 pedestrian 0.8740775883197784
232 6.8178 -0.0867 pedestrian 0.8914312422275543
232 8.5222 0.0236 pedestrian 0.8163840770721436
233 6.8178 -0.0867 pedestrian 0.9030066728591919
233 8.5222 0.0236 pedestrian 0.8362382054328918
234 6.8178 -0.0867 pedestrian 0.9139191508293152
234 8.5222 0.0079 pedestrian 0.8466247618198395
235 6.8178 -0.0867 pedestrian 0.9215994775295258
235 8.5222 0.0079 pedestrian 0.8540583252906799
236 6.8178 -0.0709 pedestrian 0.9210274517536163
236 8.5222 0.0079 pedestrian 0.850729376077652
237 6.8178 -0.0709 pedestrian 0.9189015924930573
237 8.5222 0.0079 pedestrian 0.8489149808883667
238 6.8178 -0.0709 pedestrian 0.91433385014534
238 8.5222 0.0079 pedestrian 0.8435106575489044
239 6.8178 -0.0709 pedestrian 0.9088724255561829
239 8.5222 0.0079 pedestrian 0.8321911990642548
240 6.8178 -0.0394 pedestrian 0.8699373602867126
240 8.3091 -0.0079 pedestrian 0.8328807353973389
241 6.8178 -0.0394 pedestrian 0.8756381273269653
241 8.3091 -0.0079 pedestrian 0.8471376299858093
242 6.8178 -0.0394 pedestrian 0.8805941045284271
242 8.3091 -0.0236 pedestrian 0.8576796352863312
243 6.8178 -0.0394 pedestrian 0.884970486164093
243 8.3091 -0.0236 pedestrian 0.8684332966804504
244 6.6047 -0.0394 pedestrian 0.8811465203762054
244 8.3091 -0.0236 pedestrian 0.8732177913188934
245 6.6047 -0.0394 pedestrian 0.8783696293830872
245 8.3091 -0.0236 pedestrian 0.8780733048915863
246 8.3091 -0.0236 pedestrian 0.8814886510372162
246 6.6047 -0.0394 pedestrian 0.8741694092750549
247 8.3091 -0.0236 pedestrian 0.8819418847560883
247 6.6047 -0.0236 pedestrian 0.8706834614276886
248 8.3091 -0.0394 pedestrian 0.8516604900360107
248 6.6047 -0.0079 pedestrian 0.8383254706859589
249 8.3091 -0.0394 pedestrian 0.8664693236351013
249 6.6047 0.0079 pedestrian 0.8496078550815582
250 8.3091 -0.0394 pedestrian 0.8736551403999329
250 6.6047 0.0079 pedestrian 0.8614829182624817
251 8.3091 -0.0551 pedestrian 0.8813433647155762
251 6.6047 0.0079 pedestrian 0.8703379034996033
252 8.3091 -0.0551 pedestrian 0.8841522336006165
252 6.6047 0.0079 pedestrian 0.8709921538829803
253 8.3091 -0.0551 pedestrian 0.8868797719478607
253 6.6047 0.0079 pedestrian 0.8688766360282898
254 8.3091 -0.0551 pedestrian 0.8867194652557373
254 6.6047 0.0236 pedestrian 0.8638713955879211
255 8.3091 -0.0551 pedestrian 0.8818020224571228
255 6.6047 0.0236 pedestrian 0.8613622188568115
256 8.3091 -0.0709 pedestrian 0.8728348612785339
256 6.6047 0.0551 pedestrian 0.8393226861953735
257 8.3091 -0.0709 pedestrian 0.8851554691791534
257 6.6047 0.0551 pedestrian 0.8447495102882385
258 8.3091 -0.0709 pedestrian 0.8898786306381226
258 6.6047 0.0551 pedestrian 0.8519493937492371
259 8.3091 -0.0709 pedestrian 0.8928495049476624
259 6.6047 0.0709 pedestrian 0.8585698306560516
260 8.3091 -0.0709 pedestrian 0.8909268379211426
260 6.6047 0.0709 pedestrian 0.8615303635597229
261 8.3091 -0.0709 pedestrian 0.8873325884342194
261 6.6047 0.0709 pedestrian 0.8608517050743103
262 8.3091 -0.0709 pedestrian 0.8817123472690582
262 6.6047 0.0709 pedestrian 0.8562732040882111
263 8.0961 -0.0867 pedestrian 0.8751201331615448
263 6.6047 0.0709 pedestrian 0.8520505726337433
264 8.0961 -0.0867 pedestrian 0.8545042872428894
264 6.8178 0.1025 pedestrian 0.8540630638599396
265 6.8178 0.1025 pedestrian 0.8670539557933807
265 8.0961 -0.1025 pedestrian 0.865015298128128
266 6.8178 0.1025 pedestrian 0.8784013390541077
266 8.0961 -0.1025 pedestrian 0.8732959032058716
267 6.8178 0.1025 pedestrian 0.8881033957004547
267 8.0961 -0.1025 pedestrian 0.8799628019332886
268 6.8178 0.1025 pedestrian 0.8888747692108154
268 8.0961 -0.1025 pedestrian 0.8797912001609802
269 6.8178 0.1184 pedestrian 0.8939018845558167
269 8.0961 -0.1025 pedestrian 0.8791587054729462
270 6.8178 0.1184 pedestrian 0.896244078874588
270 8.0961 -0.1025 pedestrian 0.8786317408084869
271 6.8178 0.1184 pedestrian 0.8958785533905029
271 8.0961 -0.1184 pedestrian 0.8759293556213379
272 6.8178 0.1343 pedestrian 0.8714684247970581
272 8.0961 -0.1184 pedestrian 0.8510034680366516
273 6.8178 0.1343 pedestrian 0.8786513805389404
273 8.0961 -0.1343 pedestrian 0.8676370084285736
274 6.8178 0.1343 pedestrian 0.8854296505451202
274 8.0961 -0.1343 pedestrian 0.8767986297607422
275 6.8178 0.1343 pedestrian 0.890043169260025
275 8.0961 -0.1343 pedestrian 0.8847685754299164
276 6.8178 0.1502 pedestrian 0.8902187943458557
276 8.0961 -0.1343 pedestrian 0.8880947232246399
277 8.0961 -0.1343 pedestrian 0.8902332484722137
277 6.8178 0.1502 pedestrian 0.889848917722702
278 8.0961 -0.1343 pedestrian 0.8897687494754791
278 6.8178 0.1502 pedestrian 0.8863283097743988
279 8.0961 -0.1343 pedestrian 0.8875696957111359
279 6.8178 0.1502 pedestrian 0.881704717874527
280 8.0961 -0.1343 pedestrian 0.8555147349834442
280 6.8178 0.1821 pedestrian 0.8379667103290558
281 8.0961 -0.1502 pedestrian 0.8699532151222229
281 6.8178 0.1821 pedestrian 0.8484615981578827
282 8.0961 -0.1502 pedestrian 0.8799964487552643
282 6.8178 0.1821 pedestrian 0.8538807928562164
283 8.0961 -0.1502 pedestrian 0.888775497674942
283 6.8178 0.1821 pedestrian 0.8588341176509857
284 8.0961 -0.1502 pedestrian 0.8884997367858887
284 6.8178 0.1981 pedestrian 0.8571008741855621
285 8.0961 -0.1502 pedestrian 0.8848032057285309
285 7.0308 0.1981 pedestrian 0.8580131828784943
286 8.0961 -0.1502 pedestrian 0.8813000619411469
286 7.0308 0.1981 pedestrian 0.8594467639923096
287 8.0961 -0.1502 pedestrian 0.8758237659931183
287 7.0308 0.1981 pedestrian 0.858289897441864
288 7.0308 0.2304 pedestrian 0.8531858026981354
288 8.0961 -0.1502 pedestrian 0.8222595751285553
289 7.0308 0.2304 pedestrian 0.8682989776134491
289 8.0961 -0.1661 pedestrian 0.8394470810890198
290 7.0308 0.2304 pedestrian 0.8774257600307465
290 8.0961 -0.1661 pedestrian 0.8481891453266144
291 7.0308 0.2304 pedestrian 0.8856667578220367
291 8.0961 -0.1661 pedestrian 0.8545595109462738
292 7.0308 0.2304 pedestrian 0.8833802342414856
292 8.0961 -0.1661 pedestrian 0.8514809608459473
293 7.0308 0.2304 pedestrian 0.8791067004203796
293 8.0961 -0.1821 pedestrian 0.8479565978050232
294 7.0308 0.2304 pedestrian 0.8708944320678711
294 8.0961 -0.1821 pedestrian 0.8420019447803497
295 7.0308 0.2466 pedestrian 0.8619600534439087
295 8.0961 -0.1821 pedestrian 0.8312202095985413
296 7.0308 0.2629 pedestrian 0.8334412574768066
296 8.3091 -0.2142 pedestrian 0.8319422900676727
297 8.3091 -0.2142 pedestrian 0.8548503816127777
297 7.2439 0.2792 pedestrian 0.842645674943924
298 8.3091 -0.2142 pedestrian 0.8683379292488098
298 7.2439 0.2792 pedestrian 0.8563648462295532
299 8.3091 -0.2142 pedestrian 0.8814730644226074
299 7.2439 0.2792 pedestrian 0.8689176142215729
300 8.3091 -0.2142 pedestrian 0.8845022618770599
300 7.2439 0.2792 pedestrian 0.8722051680088043
301 8.3091 -0.2142 pedestrian 0.8862806856632233
301 7.2439 0.2956 pedestrian 0.8771845102310181
302 8.3091 -0.2142 pedestrian 0.8851244747638702
302 7.2439 0.2956 pedestrian 0.8804919123649597
303 7.2439 0.2956 pedestrian 0.8826981484889984
303 8.3091 -0.2142 pedestrian 0.8809386491775513
304 8.3091 -0.2142 pedestrian 0.8723625242710114
304 7.2439 0.3121 pedestrian 0.8361384272575378
305 8.3091 -0.2142 pedestrian 0.8893235623836517
305 7.2439 0.3121 pedestrian 0.8639702796936035
306 8.3091 -0.2142 pedestrian 0.8977518081665039
306 7.2439 0.3121 pedestrian 0.8738723695278168
307 8.3091 -0.2142 pedestrian 0.9049164950847626
307 7.2439 0.3287 pedestrian 0.8827449977397919
308 8.3091 -0.2142 pedestrian 0.9053173363208771
308 7.2439 0.3287 pedestrian 0.8826827704906464
309 8.3091 -0.2142 pedestrian 0.9017514586448669
309 7.2439 0.3287 pedestrian 0.8805607259273529
310 8.3091 -0.2304 pedestrian 0.8972093760967255
310 7.2439 0.3287 pedestrian 0.8761455118656158
311 8.3091 -0.2304 pedestrian 0.8937928378582001
311 7.2439 0.3287 pedestrian 0.866117924451828
312 8.3091 -0.2304 pedestrian 0.8844515383243561
312 7.2439 0.3454 pedestrian 0.8529419898986816
313 8.3091 -0.2466 pedestrian 0.8986535966396332
313 7.2439 0.3454 pedestrian 0.8689043819904327
314 8.3091 -0.2466 pedestrian 0.9082795083522797
314 7.4569 0.3622 pedestrian 0.8764551281929016
315 8.3091 -0.2466 pedestrian 0.9166310727596283
315 7.4569 0.3622 pedestrian 0.8927707970142365
316 8.3091 -0.2466 pedestrian 0.9156337976455688
316 7.4569 0.3622 pedestrian 0.8969709277153015
317 8.5222 -0.2466 pedestrian 0.912103533744812
317 7.4569 0.3622 pedestrian 0.8995845019817352
318 8.5222 -0.2466 pedestrian 0.9080772399902344
318 7.4569 0.3622 pedestrian 0.9009363353252411
319 8.5222 -0.2466 pedestrian 0.9005149006843567
319 7.4569 0.3622 pedestrian 0.8988023400306702
320 7.4569 0.3791 pedestrian 0.9109979867935181
320 8.5222 -0.2466 pedestrian 0.8672366440296173
321 7.4569 0.3791 pedestrian 0.9210370182991028
321 8.5222 -0.2466 pedestrian 0.8806918263435364
322 7.4569 0.3791 pedestrian 0.9258264899253845
322 8.5222 -0.2466 pedestrian 0.8835397958755493
323 7.4569 0.3791 pedestrian 0.9313254356384277
323 8.5222 -0.2629 pedestrian 0.8874973058700562
324 7.4569 0.3791 pedestrian 0.9308221638202667
324 8.5222 -0.2629 pedestrian 0.885724812746048
325 7.6700 0.3961 pedestrian 0.9306425154209137
325 8.5222 -0.2629 pedestrian 0.885037899017334
326 7.6700 0.3961 pedestrian 0.9297375679016113
326 8.5222 -0.2792 pedestrian 0.8812731206417084
327 7.6700 0.3961 pedestrian 0.9254178106784821
327 8.5222 -0.2792 pedestrian 0.8732231855392456
328 7.6700 0.4132 pedestrian 0.8986504375934601
328 8.5222 -0.2792 pedestrian 0.8736262023448944
329 7.6700 0.4132 pedestrian 0.9073654115200043
329 8.5222 -0.2792 pedestrian 0.8841114342212677
330 7.6700 0.4132 pedestrian 0.9101306200027466
330 8.5222 -0.2792 pedestrian 0.8874723613262177
331 7.6700 0.4132 pedestrian 0.9148475527763367
331 8.7352 -0.2792 pedestrian 0.8915593326091766
332 7.6700 0.4132 pedestrian 0.9139275550842285
332 8.7352 -0.2792 pedestrian 0.8938009142875671
333 7.6700 0.4132 pedestrian 0.9124768972396851
333 8.7352 -0.2792 pedestrian 0.891745388507843
334 7.6700 0.4132 pedestrian 0.9074651002883911
334 8.7352 -0.2792 pedestrian 0.886792927980423
335 7.6700 0.4132 pedestrian 0.9001887142658234
335 8.7352 -0.2956 pedestrian 0.8806171119213104
336 7.8830 0.4305 pedestrian 0.8845506906509399
336 8.7352 -0.3121 pedestrian 0.8325795233249664
337 7.8830 0.4305 pedestrian 0.897918313741684
337 8.7352 -0.3121 pedestrian 0.8512783944606781
338 7.8830 0.4305 pedestrian 0.905492752790451
338 8.9483 -0.3121 pedestrian 0.8613573908805847
339 7.8830 0.4305 pedestrian 0.9121917486190796
339 8.9483 -0.3121 pedestrian 0.8730874061584473
340 7.8830 0.4305 pedestrian 0.9137373864650726
340 8.9483 -0.3121 pedestrian 0.877162367105484
341 7.8830 0.4305 pedestrian 0.9123336672782898
341 8.9483 -0.3121 pedestrian 0.8829428255558014
342 7.8830 0.4305 pedestrian 0.9078293144702911
342 8.9483 -0.3121 pedestrian 0.8852178156375885
343 7.8830 0.4479 pedestrian 0.904156893491745
343 8.9483 -0.3121 pedestrian 0.8816316425800323
344 8.0961 0.4654 pedestrian 0.8617904484272003
344 8.9483 -0.3121 pedestrian 0.8603184223175049
345 8.0961 0.4654 pedestrian 0.881742924451828
345 8.9483 -0.3121 pedestrian 0.8716596066951752
346 8.0961 0.4654 pedestrian 0.8925446569919586
346 8.9483 -0.3121 pedestrian 0.877749502658844
347 8.0961 0.4654 pedestrian 0.9009194374084473
347 8.9483 -0.3121 pedestrian 0.8846321105957031
348 8.0961 0.4654 pedestrian 0.9024664163589478
348 8.9483 -0.3121 pedestrian 0.8844392597675323
349 8.0961 0.4654 pedestrian 0.9026069939136505
349 8.9483 -0.3121 pedestrian 0.8844010233879089
350 8.0961 0.4654 pedestrian 0.900341808795929
350 8.9483 -0.3121 pedestrian 0.8818285763263702
351 8.0961 0.4654 pedestrian 0.8949913382530212
351 8.9483 -0.3121 pedestrian 0.8782183825969696
352 8.0961 0.4831 pedestrian 0.883338451385498
352 8.9483 -0.3287 pedestrian 0.8595919013023376
353 8.0961 0.4831 pedestrian 0.8923684060573578
353 9.1614 -0.3121 pedestrian 0.8716482520103455
354 8.0961 0.5010 pedestrian 0.8970962166786194
354 9.1614 -0.3121 pedestrian 0.8823306560516357
355 8.0961 0.5010 pedestrian 0.90245720744133
355 9.1614 -0.3121 pedestrian 0.8923922777175903
356 8.0961 0.5010 pedestrian 0.9001632928848267
356 9.1614 -0.3121 pedestrian 0.896373987197876
357 9.1614 -0.3121 pedestrian 0.9001608192920685
357 8.3091 0.5010 pedestrian 0.8981572985649109
358 9.1614 -0.3121 pedestrian 0.9005105197429657
358 8.3091 0.5010 pedestrian 0.8971544206142426
359 9.1614 -0.3121 pedestrian 0.8993864059448242
359 8.3091 0.5010 pedestrian 0.8940862715244293
360 8.3091 0.5191 pedestrian 0.8819845020771027
360 9.1614 -0.3121 pedestrian 0.8796812891960144
361 8.3091 0.5010 pedestrian 0.8987592458724976
361 9.1614 -0.3121 pedestrian 0.8937530219554901
362 8.3091 0.5010 pedestrian 0.9073501527309418
362 9.1614 -0.3121 pedestrian 0.9020912647247314
363 8.3091 0.5010 pedestrian 0.9133956134319305
363 9.1614 -0.3121 pedestrian 0.9102123081684113
364 9.1614 -0.3121 pedestrian 0.9135166108608246
364 8.3091 0.5010 pedestrian 0.9125544428825378
365 9.1614 -0.3121 pedestrian 0.9156551659107208
365 8.3091 0.5010 pedestrian 0.9106681048870087
366 9.1614 -0.3121 pedestrian 0.9150119423866272
366 8.3091 0.5010 pedestrian 0.9059387743473053
367 9.1614 -0.3121 pedestrian 0.9122481942176819
367 8.5222 0.5191 pedestrian 0.903637707233429
368 9.1614 -0.3121 pedestrian 0.8865824639797211
368 8.5222 0.5191 pedestrian 0.8850466907024384
369 8.5222 0.5191 pedestrian 0.8996106088161469
369 9.1614 -0.3121 pedestrian 0.8986391425132751
370 9.1614 -0.3121 pedestrian 0.9056940376758575
370 8.5222 0.5191 pedestrian 0.9051168859004974
371 9.1614 -0.3121 pedestrian 0.9125779271125793
371 8.5222 0.5191 pedestrian 0.9077037274837494
372 9.1614 -0.3121 pedestrian 0.9154755175113678
372 8.7352 0.5373 pedestrian 0.9053152799606323
373 9.1614 -0.3121 pedestrian 0.9167604744434357
373 8.7352 0.5373 pedestrian 0.90876305103302
374 9.1614 -0.3121 pedestrian 0.915471076965332
374 8.7352 0.5373 pedestrian 0.9081778228282928
375 9.1614 -0.3121 pedestrian 0.9125178158283234
375 8.7352 0.5191 pedestrian 0.9042587280273438
376 8.7352 0.5373 pedestrian 0.8981063067913055
376 9.1614 -0.2956 pedestrian 0.8865017294883728
377 8.7352 0.5373 pedestrian 0.9130165576934814
377 9.1614 -0.2956 pedestrian 0.8953307271003723
378 8.7352 0.5373 pedestrian 0.9210959672927856
378 9.1614 -0.2956 pedestrian 0.9000366628170013
379 8.7352 0.5373 pedestrian 0.927450031042099
379 9.1614 -0.2956 pedestrian 0.9049087464809418
380 8.7352 0.5373 pedestrian 0.9282269179821014
380 9.1614 -0.2956 pedestrian 0.9025295972824097
381 8.7352 0.5373 pedestrian 0.9251360297203064
381 9.1614 -0.2956 pedestrian 0.9017240107059479
382 8.7352 0.5373 pedestrian 0.9199331998825073
382 9.3744 -0.2956 pedestrian 0.901530385017395
383 8.7352 0.5191 pedestrian 0.9140932559967041
383 9.3744 -0.2956 pedestrian 0.8993309438228607
384 9.1614 -0.2792 pedestrian 0.883471667766571
384 8.9483 0.5191 pedestrian 0.8352452218532562
385 9.3744 -0.2792 pedestrian 0.897077351808548
385 8.9483 0.5191 pedestrian 0.8675215840339661
386 9.3744 -0.2792 pedestrian 0.9067939817905426
386 8.9483 0.5191 pedestrian 0.877177357673645
387 9.3744 -0.2792 pedestrian 0.9144935607910156
387 8.9483 0.5010 pedestrian 0.8872045576572418
388 9.3744 -0.2792 pedestrian 0.9157577455043793
388 8.9483 0.5010 pedestrian 0.8948564231395721
389 9.3744 -0.2792 pedestrian 0.9183773994445801
389 8.9483 0.5010 pedestrian 0.8990858197212219
390 9.3744 -0.2792 pedestrian 0.9174713492393494
390 8.9483 0.5010 pedestrian 0.8985660076141357
391 9.3744 -0.2792 pedestrian 0.9146632254123688
391 8.9483 0.5010 pedestrian 0.8945888578891754
392 9.3744 -0.2629 pedestrian 0.8827524185180664
392 8.9483 0.5010 pedestrian 0.8240332007408142
393 9.3744 -0.2629 pedestrian 0.8924546539783478
393 8.9483 0.5010 pedestrian 0.8497858643531799
394 9.3744 -0.2629 pedestrian 0.8963936567306519
394 8.9483 0.4831 pedestrian 0.8586825728416443
395 9.3744 -0.2629 pedestrian 0.9012218713760376
395 8.9483 0.4831 pedestrian 0.8652169704437256
396 9.3744 -0.2466 pedestrian 0.902441143989563
396 8.9483 0.4831 pedestrian 0.8643574416637421
397 9.3744 -0.2466 pedestrian 0.9031230807304382
397 8.9483 0.4831 pedestrian 0.8648352921009064
398 9.3744 -0.2466 pedestrian 0.90162792801857
398 8.9483 0.4831 pedestrian 0.8641104400157928
399 9.3744 -0.2466 pedestrian 0.8996886014938354
399 8.9483 0.4831 pedestrian 0.8593375980854034
400 9.3744 -0.2304 pedestrian 0.8601530492305756
400 8.9483 0.4654 pedestrian 0.8271415829658508
401 9.3744 -0.2304 pedestrian 0.8744202256202698
401 8.9483 0.4479 pedestrian 0.8471322059631348
402 9.3744 -0.2304 pedestrian 0.8828130960464478
402 8.9483 0.4479 pedestrian 0.8558387756347656
403 9.3744 -0.2304 pedestrian 0.8880075514316559
403 8.9483 0.4479 pedestrian 0.8658954501152039
404 9.3744 -0.2304 pedestrian 0.8884016573429108
404 8.9483 0.4305 pedestrian 0.8694675862789154
405 9.3744 -0.2304 pedestrian 0.888713151216507
405 8.9483 0.4305 pedestrian 0.8726191222667694
406 9.3744 -0.2304 pedestrian 0.8882115483283997
406 8.9483 0.4305 pedestrian 0.8700298964977264
407 9.3744 -0.2304 pedestrian 0.8884849548339844
407 8.9483 0.4305 pedestrian 0.861694723367691
408 9.3744 -0.2304 pedestrian 0.8538758754730225
408 8.9483 0.4305 pedestrian 0.5992310643196106
409 9.3744 -0.2304 pedestrian 0.8750792145729065
409 8.9483 0.4305 pedestrian 0.6532232165336609
410 9.3744 -0.2304 pedestrian 0.8915637135505676
410 8.9483 0.4305 pedestrian 0.6918818801641464
411 9.3744 -0.2304 pedestrian 0.9054751396179199
411 8.9483 0.4305 pedestrian 0.7173846662044525
412 9.3744 -0.2304 pedestrian 0.9111867845058441
412 8.9483 0.4305 pedestrian 0.7245461642742157
413 9.3744 -0.2304 pedestrian 0.9097234308719635
413 8.9483 0.4305 pedestrian 0.7201386094093323
414 9.3744 -0.2304 pedestrian 0.8998001217842102
414 8.9483 0.4305 pedestrian 0.6916728615760803
415 9.3744 -0.2304 pedestrian 0.8881818652153015
415 8.9483 0.4305 pedestrian 0.648269534111023
416 9.3744 -0.2142 pedestrian 0.8660924434661865
416 8.7352 0.3961 pedestrian 0.6329582929611206
417 9.3744 -0.2142 pedestrian 0.8812989294528961
417 8.7352 0.3961 pedestrian 0.6948539018630981
418 9.3744 -0.2142 pedestrian 0.8927530944347382
418 8.9483 0.3961 pedestrian 0.7321738004684448
419 9.3744 -0.2142 pedestrian 0.9031398892402649
419 8.9483 0.3961 pedestrian 0.7564503252506256
420 9.3744 -0.2142 pedestrian 0.9042559564113617
420 8.9483 0.3961 pedestrian 0.7546117007732391
421 9.3744 -0.2142 pedestrian 0.9025611579418182
421 8.7352 0.3961 pedestrian 0.7433063983917236
422 9.3744 -0.2142 pedestrian 0.8960957527160645
422 8.7352 0.3961 pedestrian 0.7227160632610321
423 9.3744 -0.2142 pedestrian 0.8891079127788544
423 8.7352 0.3961 pedestrian 0.6990561187267303
424 9.3744 -0.1981 pedestrian 0.8832695484161377
424 8.7352 0.3791 pedestrian 0.7432086765766144
425 9.3744 -0.1981 pedestrian 0.8971148729324341
425 8.7352 0.3791 pedestrian 0.7976770997047424
426 9.3744 -0.1821 pedestrian 0.9063629508018494
426 8.7352 0.3622 pedestrian 0.8293791115283966
427 9.3744 -0.1821 pedestrian 0.915879487991333
427 8.7352 0.3622 pedestrian 0.8504789173603058
428 9.3744 -0.1821 pedestrian 0.9174525439739227
428 8.7352 0.3622 pedestrian 0.8454535007476807
429 9.3744 -0.1821 pedestrian 0.9172551929950714
429 8.7352 0.3622 pedestrian 0.8332567512989044
430 9.3744 -0.1821 pedestrian 0.9139790534973145
430 8.7352 0.3622 pedestrian 0.8067556917667389
431 9.3744 -0.1821 pedestrian 0.9093281328678131
431 8.7352 0.3622 pedestrian 0.7691894769668579
432 9.3744 -0.1661 pedestrian 0.8806595802307129
432 8.7352 0.3454 pedestrian 0.8406213521957397
433 9.3744 -0.1661 pedestrian 0.8966273665428162
433 8.7352 0.3454 pedestrian 0.8695728182792664
434 9.3744 -0.1661 pedestrian 0.9048098027706146
434 8.7352 0.3454 pedestrian 0.882070392370224
435 9.3744 -0.1661 pedestrian 0.9107321500778198
435 8.7352 0.3454 pedestrian 0.8903820812702179
436 9.3744 -0.1661 pedestrian 0.9095026254653931
436 8.7352 0.3454 pedestrian 0.8853694200515747
437 9.3744 -0.1661 pedestrian 0.9065090715885162
437 8.7352 0.3454 pedestrian 0.8788270950317383
438 9.3744 -0.1661 pedestrian 0.900010496377945
438 8.7352 0.3454 pedestrian 0.869664341211319
439 9.3744 -0.1661 pedestrian 0.8914859890937805
439 8.7352 0.3287 pedestrian 0.8558787405490875
440 9.3744 -0.1502 pedestrian 0.8683314621448517
440 8.7352 0.3121 pedestrian 0.8096179366111755
441 9.3744 -0.1502 pedestrian 0.8850019872188568
441 8.5222 0.3121 pedestrian 0.8419555723667145
442 9.3744 -0.1502 pedestrian 0.8950037956237793
442 8.5222 0.3121 pedestrian 0.8593301773071289
443 9.3744 -0.1343 pedestrian 0.9027319550514221
443 8.5222 0.3121 pedestrian 0.8723126947879791
444 9.3744 -0.1343 pedestrian 0.9032496511936188
444 8.5222 0.3121 pedestrian 0.8725461661815643
445 9.3744 -0.1343 pedestrian 0.9012622237205505
445 8.5222 0.3121 pedestrian 0.8711099028587341
446 9.3744 -0.1343 pedestrian 0.8946525156497955
446 8.5222 0.3121 pedestrian 0.8672396838665009
447 9.3744 -0.1343 pedestrian 0.8867194354534149
447 8.5222 0.3121 pedestrian 0.8596627712249756
448 9.3744 -0.1184 pedestrian 0.8684786260128021
448 8.5222 0.2792 pedestrian 0.8090804517269135
449 9.3744 -0.1184 pedestrian 0.8812008202075958
449 8.5222 0.2792 pedestrian 0.8423720002174377
450 9.3744 -0.1184 pedestrian 0.8896779417991638
450 8.5222 0.2792 pedestrian 0.8553704917430878
451 9.3744 -0.1184 pedestrian 0.8967042863368988
451 8.5222 0.2629 pedestrian 0.8630609810352325
452 9.1614 -0.1184 pedestrian 0.8978119790554047
452 8.5222 0.2629 pedestrian 0.8653886914253235
453 9.1614 -0.1184 pedestrian 0.8965080678462982
453 8.5222 0.2629 pedestrian 0.867765337228775
454 9.1614 -0.1184 pedestrian 0.8912847638130188
454 8.3091 0.2629 pedestrian 0.8661230802536011
455 9.1614 -0.1184 pedestrian 0.8863820731639862
455 8.3091 0.2629 pedestrian 0.8584004044532776
456 8.3091 0.2466 pedestrian 0.8745393455028534
456 9.1614 -0.1025 pedestrian 0.8463098704814911
457 8.3091 0.2466 pedestrian 0.889961302280426
457 9.1614 -0.1025 pedestrian 0.8556148707866669
458 8.3091 0.2466 pedestrian 0.8951516449451447
458 9.1614 -0.1025 pedestrian 0.8633445203304291
459 8.3091 0.2466 pedestrian 0.8991163074970245
459 9.1614 -0.0867 pedestrian 0.8713351488113403
460 8.3091 0.2466 pedestrian 0.895902693271637
460 9.1614 -0.0867 pedestrian 0.8735482096672058
461 8.3091 0.2466 pedestrian 0.892878532409668
461 9.1614 -0.0867 pedestrian 0.8749952912330627
462 8.3091 0.2466 pedestrian 0.8875084221363068
462 9.1614 -0.0867 pedestrian 0.8717207908630371
463 8.3091 0.2304 pedestrian 0.8784956336021423
463 9.1614 -0.0867 pedestrian 0.8684199750423431
464 8.3091 0.2304 pedestrian 0.8336805701255798
464 9.1614 -0.0551 pedestrian 0.8190191686153412
465 8.3091 0.2304 pedestrian 0.8420328497886658
465 9.1614 -0.0551 pedestrian 0.8409149646759033
466 9.1614 -0.0551 pedestrian 0.8621145486831665
466 8.3091 0.2142 pedestrian 0.8462015390396118
467 9.1614 -0.0551 pedestrian 0.8804436326026917
467 8.0961 0.2142 pedestrian 0.8542523086071014
468 9.1614 -0.0551 pedestrian 0.8870696723461151
468 8.0961 0.2142 pedestrian 0.8569064736366272
469 9.1614 -0.0551 pedestrian 0.8857685625553131
469 8.0961 0.2142 pedestrian 0.8617505133152008
470 9.1614 -0.0551 pedestrian 0.8782041668891907
470 8.0961 0.2142 pedestrian 0.8643185794353485
471 9.1614 -0.0551 pedestrian 0.8718145191669464
471 8.0961 0.2142 pedestrian 0.8643250465393066
472 9.1614 -0.0394 pedestrian 0.8549291789531708
472 8.0961 0.1981 pedestrian 0.8236214518547058
473 9.1614 -0.0394 pedestrian 0.8680154383182526
473 8.0961 0.1981 pedestrian 0.8376669883728027
474 9.1614 -0.0394 pedestrian 0.8787158131599426
474 8.0961 0.1981 pedestrian 0.8456169068813324
475 9.1614 -0.0394 pedestrian 0.8880382478237152
475 8.0961 0.1981 pedestrian 0.8499961197376251
476 9.1614 -0.0394 pedestrian 0.8866664171218872
476 8.0961 0.1981 pedestrian 0.8474902808666229
477 9.1614 -0.0394 pedestrian 0.8820009827613831
477 8.0961 0.1981 pedestrian 0.8471188247203827
478 9.1614 -0.0394 pedestrian 0.8736937642097473
478 8.0961 0.1821 pedestrian 0.847083330154419
479 9.1614 -0.0394 pedestrian 0.8632063865661621
479 8.0961 0.1821 pedestrian 0.8455763757228851
480 8.0961 0.1502 pedestrian 0.8479859828948975
480 9.3744 -0.0236 pedestrian 0.8275674283504486
481 8.0961 0.1502 pedestrian 0.8547321856021881
481 9.3744 -0.0236 pedestrian 0.8425279855728149
482 8.0961 0.1502 pedestrian 0.8582294285297394
482 9.3744 -0.0236 pedestrian 0.8501069843769073
483 7.8830 0.1502 pedestrian 0.8598293662071228
483 9.3744 -0.0236 pedestrian 0.8554311096668243
484 7.8830 0.1343 pedestrian 0.8575896322727203
484 9.3744 -0.0236 pedestrian 0.8543231189250946
485 7.8830 0.1343 pedestrian 0.8591870665550232
485 9.3744 -0.0236 pedestrian 0.8591727316379547
486 9.3744 -0.0079 pedestrian 0.8637235462665558
486 7.8830 0.1343 pedestrian 0.8607064485549927
487 9.3744 -0.0079 pedestrian 0.8653829395771027
487 7.8830 0.1343 pedestrian 0.8641520738601685
488 7.8830 0.1184 pedestrian 0.8676038682460785
488 9.3744 0.0079 pedestrian 0.8538658320903778
489 7.8830 0.1184 pedestrian 0.8732098937034607
489 9.3744 0.0079 pedestrian 0.8712292909622192
490 9.3744 0.0079 pedestrian 0.8822492361068726
490 7.8830 0.1184 pedestrian 0.877011239528656
491 9.3744 0.0079 pedestrian 0.8879225850105286
491 7.8830 0.1184 pedestrian 0.8787484467029572
492 9.3744 0.0079 pedestrian 0.8848012089729309
492 7.8830 0.1184 pedestrian 0.872288703918457
493 9.3744 0.0236 pedestrian 0.8846481144428253
493 7.8830 0.1184 pedestrian 0.8695965111255646
494 9.3744 0.0236 pedestrian 0.8860341310501099
494 7.8830 0.1025 pedestrian 0.8689586818218231
495 9.3744 0.0236 pedestrian 0.8831912279129028
495 7.8830 0.1025 pedestrian 0.8694809377193451
496 9.3744 0.0394 pedestrian 0.8283881843090057
496 7.8830 0.1025 pedestrian 0.819519579410553
497 9.3744 0.0394 pedestrian 0.834956020116806
497 7.8830 0.0867 pedestrian 0.8251485824584961
498 9.3744 0.0394 pedestrian 0.8436508178710938
498 7.8830 0.0867 pedestrian 0.8364909291267395
499 9.3744 0.0394 pedestrian 0.847211092710495
499 7.8830 0.0867 pedestrian 0.8462292850017548
500 7.8830 0.0867 pedestrian 0.8476230204105377
500 9.3744 0.0551 pedestrian 0.842424750328064
501 7.8830 0.0867 pedestrian 0.8472858369350433
501 9.3744 0.0551 pedestrian 0.8420583605766296
502 7.8830 0.0709 pedestrian 0.8470830023288727
502 9.3744 0.0551 pedestrian 0.839573860168457
503 7.8830 0.0709 pedestrian 0.8476379811763763
503 9.3744 0.0551 pedestrian 0.8283047676086426
504 9.3744 0.0867 pedestrian 0.8228882253170013
504 7.8830 0.0551 pedestrian 0.7505857944488525
505 9.3744 0.0867 pedestrian 0.8431409597396851
505 7.6700 0.0394 pedestrian 0.7610192000865936
506 9.3744 0.0867 pedestrian 0.8581009209156036
506 7.6700 0.0394 pedestrian 0.7845595180988312
507 9.3744 0.0867 pedestrian 0.8711864948272705
507 7.6700 0.0394 pedestrian 0.7993794977664948
508 9.3744 0.0867 pedestrian 0.8766460120677948
508 7.6700 0.0394 pedestrian 0.7951326072216034
509 9.3744 0.0867 pedestrian 0.8770630061626434
509 7.6700 0.0394 pedestrian 0.7804242372512817
510 9.3744 0.0867 pedestrian 0.8732031285762787
510 7.6700 0.0394 pedestrian 0.763493001461029
511 9.3744 0.0867 pedestrian 0.8665303289890289
511 7.6700 0.0394 pedestrian 0.7608140110969543
512 9.3744 0.1025 pedestrian 0.8523450195789337
512 7.6700 -0.0079 pedestrian 0.8221389949321747
513 9.3744 0.1025 pedestrian 0.8644956052303314
513 7.6700 -0.0079 pedestrian 0.8399405181407928
514 9.3744 0.1025 pedestrian 0.870914489030838
514 7.6700 -0.0079 pedestrian 0.8500200808048248
515 9.3744 0.1025 pedestrian 0.8756198585033417
515 7.6700 -0.0079 pedestrian 0.8598192930221558
516 9.3744 0.1025 pedestrian 0.8751271069049835
516 7.6700 -0.0236 pedestrian 0.8644931316375732
517 9.3744 0.1184 pedestrian 0.8769320547580719
517 7.6700 -0.0236 pedestrian 0.8686741292476654
518 9.3744 0.1184 pedestrian 0.8771345913410187
518 7.6700 -0.0236 pedestrian 0.868125855922699
519 9.3744 0.1184 pedestrian 0.8724357783794403
519 7.6700 -0.0236 pedestrian 0.8667726218700409
520 7.6700 -0.0394 pedestrian 0.8720603585243225
520 9.3744 0.1343 pedestrian 0.8567347526550293
521 7.6700 -0.0394 pedestrian 0.8822010159492493
521 9.3744 0.1502 pedestrian 0.8700896501541138
522 7.6700 -0.0394 pedestrian 0.8880141377449036
522 9.3744 0.1502 pedestrian 0.8796742558479309
523 7.6700 -0.0551 pedestrian 0.8951499462127686
523 9.3744 0.1502 pedestrian 0.8866750299930573
524 7.6700 -0.0551 pedestrian 0.8971453011035919
524 9.3744 0.1502 pedestrian 0.8876919150352478
525 7.6700 -0.0551 pedestrian 0.8977733850479126
525 9.3744 0.1502 pedestrian 0.891061007976532
526 7.6700 -0.0551 pedestrian 0.8948185443878174
526 9.3744 0.1502 pedestrian 0.8911617994308472
527 7.6700 -0.0551 pedestrian 0.8925530910491943
527 9.3744 0.1502 pedestrian 0.8858910799026489
528 9.3744 0.1661 pedestrian 0.8847233057022095
528 7.6700 -0.0709 pedestrian 0.8387123048305511
529 9.3744 0.1661 pedestrian 0.8952451646327972
529 7.6700 -0.0709 pedestrian 0.8492977917194366
530 9.3744 0.1661 pedestrian 0.9038258194923401
530 7.6700 -0.0867 pedestrian 0.8575210571289062
531 9.3744 0.1661 pedestrian 0.9108972251415253
531 7.6700 -0.0867 pedestrian 0.8648993074893951
532 9.3744 0.1661 pedestrian 0.9105786979198456
532 7.6700 -0.0867 pedestrian 0.8667044639587402
533 9.3744 0.1821 pedestrian 0.9110914170742035
533 7.6700 -0.0867 pedestrian 0.868621289730072
534 9.3744 0.1821 pedestrian 0.9091618061065674
534 7.6700 -0.0867 pedestrian 0.8667748272418976
535 9.3744 0.1821 pedestrian 0.9034215807914734
535 7.6700 -0.0867 pedestrian 0.8610192239284515
536 9.3744 0.1981 pedestrian 0.8829881846904755
536 7.6700 -0.1184 pedestrian 0.8523632287979126
537 9.3744 0.1981 pedestrian 0.8985990583896637
537 7.6700 -0.1184 pedestrian 0.8660062253475189
538 9.3744 0.1981 pedestrian 0.9077406525611877
538 7.6700 -0.1184 pedestrian 0.8745154738426208
539 9.3744 0.1981 pedestrian 0.914818674325943
539 7.6700 -0.1184 pedestrian 0.8818739056587219
540 9.3744 0.1981 pedestrian 0.9157920777797699
540 7.6700 -0.1184 pedestrian 0.8837160468101501
541 9.3744 0.1981 pedestrian 0.9172017872333527
541 7.6700 -0.1184 pedestrian 0.8857858777046204
542 9.3744 0.1981 pedestrian 0.9148878157138824
542 7.6700 -0.1184 pedestrian 0.8853338360786438
543 9.3744 0.1981 pedestrian 0.9100748598575592
543 7.6700 -0.1184 pedestrian 0.8837075233459473
544 9.3744 0.2142 pedestrian 0.9031507968902588
544 7.6700 -0.1343 pedestrian 0.8742947280406952
545 9.3744 0.2142 pedestrian 0.9130142331123352
545 7.6700 -0.1343 pedestrian 0.8834393322467804
546 9.3744 0.2142 pedestrian 0.9186651706695557
546 7.6700 -0.1343 pedestrian 0.8893277943134308
547 9.3744 0.2304 pedestrian 0.9249947667121887
547 7.6700 -0.1343 pedestrian 0.8957050144672394
548 9.3744 0.2304 pedestrian 0.9269918501377106
548 7.6700 -0.1343 pedestrian 0.8959977924823761
549 9.3744 0.2304 pedestrian 0.9275733232498169
549 7.6700 -0.1343 pedestrian 0.8949699103832245
550 9.3744 0.2304 pedestrian 0.925021767616272
550 7.6700 -0.1343 pedestrian 0.890702098608017
551 9.3744 0.2304 pedestrian 0.921429842710495
551 7.6700 -0.1343 pedestrian 0.8857419490814209
552 9.3744 0.2466 pedestrian 0.8864266872406006
552 7.6700 -0.1661 pedestrian 0.8409096896648407
553 9.3744 0.2466 pedestrian 0.902792751789093
553 7.6700 -0.1661 pedestrian 0.8495187163352966
554 9.3744 0.2466 pedestrian 0.9110514223575592
554 7.6700 -0.1661 pedestrian 0.8496871590614319
555 9.3744 0.2466 pedestrian 0.9183554351329803
555 7.6700 -0.1821 pedestrian 0.8534356951713562
556 9.3744 0.2466 pedestrian 0.9193873703479767
556 7.6700 -0.1821 pedestrian 0.8548301160335541
557 9.3744 0.2466 pedestrian 0.9200255572795868
557 7.6700 -0.1821 pedestrian 0.8556403815746307
558 9.3744 0.2466 pedestrian 0.9180583357810974
558 7.6700 -0.1821 pedestrian 0.8536923229694366
559 9.3744 0.2466 pedestrian 0.9097810685634613
559 7.6700 -0.1821 pedestrian 0.8526660203933716
560 9.3744 0.2629 pedestrian 0.8880588114261627
560 7.6700 -0.2142 pedestrian 0.8209102749824524
561 9.3744 0.2629 pedestrian 0.897202879190445
561 7.6700 -0.2142 pedestrian 0.8347785174846649
562 9.3744 0.2629 pedestrian 0.9030181765556335
562 7.6700 -0.2142 pedestrian 0.8404947817325592
563 9.3744 0.2629 pedestrian 0.9082742929458618
563 7.6700 -0.2142 pedestrian 0.8456900119781494
564 9.3744 0.2629 pedestrian 0.9085020124912262
564 7.6700 -0.2142 pedestrian 0.8453160524368286
565 9.3744 0.2629 pedestrian 0.9078071117401123
565 7.6700 -0.2142 pedestrian 0.8416183590888977
566 9.3744 0.2629 pedestrian 0.9035822451114655
566 7.8830 -0.2304 pedestrian 0.8388984501361847
567 9.3744 0.2792 pedestrian 0.9005452692508698
567 7.8830 -0.2304 pedestrian 0.8398152887821198
568 9.3744 0.2792 pedestrian 0.8735383450984955
568 7.8830 -0.2466 pedestrian 0.8444786667823792
569 9.3744 0.2792 pedestrian 0.8914994597434998
569 7.8830 -0.2466 pedestrian 0.8631212711334229
570 9.3744 0.2956 pedestrian 0.9036681354045868
570 7.8830 -0.2466 pedestrian 0.872180312871933
571 9.3744 0.2956 pedestrian 0.9147390723228455
571 7.8830 -0.2466 pedestrian 0.8789889514446259
572 9.3744 0.2956 pedestrian 0.9180695712566376
572 7.8830 -0.2466 pedestrian 0.8796206414699554
573 9.3744 0.2956 pedestrian 0.9203180968761444
573 7.8830 -0.2466 pedestrian 0.8782477080821991
574 9.3744 0.2956 pedestrian 0.9193627834320068
574 7.8830 -0.2466 pedestrian 0.8740995824337006
575 9.3744 0.2956 pedestrian 0.9131849110126495
575 7.8830 -0.2466 pedestrian 0.8697748482227325
576 9.3744 0.2956 pedestrian 0.891791045665741
576 8.0961 -0.2629 pedestrian 0.8593841791152954
577 9.3744 0.2956 pedestrian 0.9095810949802399
577 8.0961 -0.2629 pedestrian 0.8745862245559692
578 9.3744 0.2956 pedestrian 0.918575644493103
578 8.0961 -0.2629 pedestrian 0.8822634518146515
579 9.3744 0.2956 pedestrian 0.9256877899169922
579 8.0961 -0.2629 pedestrian 0.8885477185249329
580 9.3744 0.3121 pedestrian 0.9255239367485046
580 8.0961 -0.2629 pedestrian 0.886317789554596
581 9.3744 0.3121 pedestrian 0.92523592710495
581 8.0961 -0.2792 pedestrian 0.8862568736076355
582 9.3744 0.3121 pedestrian 0.9226581156253815
582 8.0961 -0.2792 pedestrian 0.8858191668987274
583 9.3744 0.3121 pedestrian 0.9149612486362457
583 8.0961 -0.2792 pedestrian 0.8841329216957092
584 8.0961 -0.2956 pedestrian 0.882605642080307
584 9.3744 0.3287 pedestrian 0.8813035190105438
585 8.0961 -0.2956 pedestrian 0.8971278667449951
585 9.3744 0.3287 pedestrian 0.8959141075611115
586 8.0961 -0.2956 pedestrian 0.904546856880188
586 9.1614 0.3287 pedestrian 0.9043024182319641
587 9.1614 0.3287 pedestrian 0.9131971895694733
587 8.0961 -0.2956 pedestrian 0.9114314615726471
588 9.1614 0.3287 pedestrian 0.9156133532524109
588 8.0961 -0.2956 pedestrian 0.9115488529205322
589 9.1614 0.3287 pedestrian 0.9161396324634552
589 8.0961 -0.3121 pedestrian 0.9103550016880035
590 9.1614 0.3287 pedestrian 0.9147831201553345
590 8.0961 -0.3121 pedestrian 0.9067456424236298
591 9.1614 0.3287 pedestrian 0.9119344055652618
591 8.0961 -0.3121 pedestrian 0.9002920687198639
592 9.1614 0.3454 pedestrian 0.8835740983486176
592 8.0961 -0.3287 pedestrian 0.8757589757442474
593 9.1614 0.3454 pedestrian 0.8988770246505737
593 8.0961 -0.3287 pedestrian 0.8843151926994324
594 9.1614 0.3622 pedestrian 0.9072658121585846
594 8.0961 -0.3287 pedestrian 0.8863890767097473
595 9.1614 0.3622 pedestrian 0.9160037040710449
595 8.3091 -0.3287 pedestrian 0.8940903842449188
596 9.1614 0.3622 pedestrian 0.919792652130127
596 8.3091 -0.3287 pedestrian 0.8960449695587158
597 9.1614 0.3622 pedestrian 0.9202881753444672
597 8.3091 -0.3287 pedestrian 0.8976253569126129
598 9.1614 0.3622 pedestrian 0.918722927570343
598 8.3091 -0.3287 pedestrian 0.8962698876857758
599 9.1614 0.3622 pedestrian 0.9142044186592102
599 8.3091 -0.3287 pedestrian 0.8917127251625061
600 9.1614 0.3622 pedestrian 0.8910924196243286
600 8.3091 -0.3454 pedestrian 0.8804569840431213
601 9.1614 0.3622 pedestrian 0.9078201055526733
601 8.3091 -0.3622 pedestrian 0.893155574798584
602 9.1614 0.3622 pedestrian 0.9162489473819733
602 8.3091 -0.3622 pedestrian 0.9005863964557648
603 9.1614 0.3622 pedestrian 0.9245141446590424
603 8.3091 -0.3622 pedestrian 0.9069733023643494
604 9.1614 0.3622 pedestrian 0.9272106885910034
604 8.3091 -0.3622 pedestrian 0.9060237109661102
605 9.1614 0.3622 pedestrian 0.925615668296814
605 8.3091 -0.3622 pedestrian 0.9037898778915405
606 9.1614 0.3622 pedestrian 0.9221755564212799
606 8.5222 -0.3622 pedestrian 0.9034691154956818
607 9.1614 0.3622 pedestrian 0.9173205196857452
607 8.5222 -0.3622 pedestrian 0.9030781984329224
608 8.5222 -0.3622 pedestrian 0.8740794062614441
608 9.1614 0.3622 pedestrian 0.8594421446323395
609 8.5222 -0.3622 pedestrian 0.8864299654960632
609 9.1614 0.3622 pedestrian 0.8843657076358795
610 9.1614 0.3622 pedestrian 0.8961803615093231
610 8.5222 -0.3622 pedestrian 0.8905579745769501
611 9.1614 0.3622 pedestrian 0.9051726758480072
611 8.5222 -0.3791 pedestrian 0.8951001465320587
612 9.1614 0.3622 pedestrian 0.9058937430381775
612 8.5222 -0.3791 pedestrian 0.8942937850952148
613 9.1614 0.3622 pedestrian 0.9034412801265717
613 8.5222 -0.3791 pedestrian 0.8889964818954468
614 9.1614 0.3622 pedestrian 0.8969904482364655
614 8.5222 -0.3622 pedestrian 0.8804110288619995
615 8.9483 0.3622 pedestrian 0.8865646123886108
615 8.5222 -0.3622 pedestrian 0.8706730008125305
616 8.9483 0.3454 pedestrian 0.8719017803668976
616 8.7352 -0.3622 pedestrian 0.8312581777572632
617 8.9483 0.3454 pedestrian 0.8914238214492798
617 8.7352 -0.3622 pedestrian 0.853736937046051
618 8.9483 0.3454 pedestrian 0.9029568433761597
618 8.7352 -0.3622 pedestrian 0.8633275330066681
619 8.9483 0.3454 pedestrian 0.9133256673812866
619 8.7352 -0.3622 pedestrian 0.8701440691947937
620 8.9483 0.3454 pedestrian 0.9162260293960571
620 8.7352 -0.3622 pedestrian 0.8677292168140411
621 8.9483 0.3622 pedestrian 0.9160014092922211
621 8.7352 -0.3622 pedestrian 0.8636640012264252
622 8.9483 0.3622 pedestrian 0.9121670424938202
622 8.7352 -0.3622 pedestrian 0.8582814931869507
623 8.9483 0.3622 pedestrian 0.9038797616958618
623 8.7352 -0.3791 pedestrian 0.8479402959346771
624 8.7352 0.3622 pedestrian 0.8592439293861389
624 8.7352 -0.3791 pedestrian 0.8250337243080139
625 8.7352 0.3622 pedestrian 0.8801573216915131
625 8.9483 -0.3791 pedestrian 0.8572060763835907
626 8.7352 0.3622 pedestrian 0.8888926804065704
626 8.9483 -0.3791 pedestrian 0.8745463490486145
627 8.7352 0.3622 pedestrian 0.8955305814743042
627 8.9483 -0.3791 pedestrian 0.8865401446819305
628 8.7352 0.3622 pedestrian 0.8977516889572144
628 8.9483 -0.3791 pedestrian 0.8903596103191376
629 8.7352 0.3622 pedestrian 0.8977969586849213
629 8.9483 -0.3791 pedestrian 0.8876941800117493
630 8.7352 0.3622 pedestrian 0.8941554427146912
630 8.9483 -0.3791 pedestrian 0.8737439513206482
631 8.7352 0.3622 pedestrian 0.8886049091815948
631 8.9483 -0.3791 pedestrian 0.8422180116176605
632 8.9483 -0.3791 pedestrian 0.8660901486873627
632 8.7352 0.3622 pedestrian 0.8601292967796326
633 8.7352 0.3622 pedestrian 0.8824478685855865
633 8.9483 -0.3791 pedestrian 0.8820965886116028
634 8.7352 0.3622 pedestrian 0.8918014168739319
634 8.9483 -0.3791 pedestrian 0.8910448849201202
635 8.9483 -0.3791 pedestrian 0.8987430930137634
635 8.7352 0.3622 pedestrian 0.8977033495903015
636 8.9483 -0.3791 pedestrian 0.8969660699367523
636 8.7352 0.3622 pedestrian 0.8955714404582977
637 8.9483 -0.3791 pedestrian 0.8929118812084198
637 8.7352 0.3622 pedestrian 0.8924301266670227
638 8.7352 0.3454 pedestrian 0.8868388235569
638 8.9483 -0.3791 pedestrian 0.8851980865001678
639 8.7352 0.3454 pedestrian 0.8745543360710144
639 9.1614 -0.3791 pedestrian 0.8726136982440948
640 9.1614 -0.3791 pedestrian 0.8721709847450256
640 8.5222 0.3287 pedestrian 0.8652628362178802
641 9.1614 -0.3791 pedestrian 0.8900943994522095
641 8.5222 0.3287 pedestrian 0.8895678818225861
642 8.5222 0.3287 pedestrian 0.9029682278633118
642 9.1614 -0.3791 pedestrian 0.8990644812583923
643 8.5222 0.3287 pedestrian 0.9131604731082916
643 9.1614 -0.3791 pedestrian 0.9064405560493469
644 8.5222 0.3287 pedestrian 0.9148353636264801
644 9.1614 -0.3791 pedestrian 0.908625602722168
645 8.5222 0.3287 pedestrian 0.9152247309684753
645 9.1614 -0.3791 pedestrian 0.9076413214206696
646 8.5222 0.3287 pedestrian 0.9133249223232269
646 9.1614 -0.3622 pedestrian 0.9035570621490479
647 8.5222 0.3287 pedestrian 0.9070884883403778
647 9.1614 -0.3622 pedestrian 0.8998028635978699
648 8.3091 0.3121 pedestrian 0.884762167930603
648 9.1614 -0.3454 pedestrian 0.8521183133125305
649 8.3091 0.3121 pedestrian 0.8981578946113586
649 9.1614 -0.3454 pedestrian 0.8758415281772614
650 8.3091 0.3121 pedestrian 0.9041964709758759
650 9.1614 -0.3454 pedestrian 0.8886778652667999
651 8.3091 0.3121 pedestrian 0.911264032125473
651 9.1614 -0.3454 pedestrian 0.9000800848007202
652 8.3091 0.3121 pedestrian 0.913682222366333
652 9.1614 -0.3454 pedestrian 0.9027883410453796
653 8.3091 0.3121 pedestrian 0.9131577610969543
653 9.1614 -0.3454 pedestrian 0.9008215069770813
654 8.3091 0.3121 pedestrian 0.9104005694389343
654 9.1614 -0.3454 pedestrian 0.895014226436615
655 8.3091 0.3121 pedestrian 0.906262218952179
655 9.1614 -0.3454 pedestrian 0.8827448487281799
656 9.1614 -0.3121 pedestrian 0.8744626343250275
656 8.3091 0.2956 pedestrian 0.868109941482544
657 9.1614 -0.3121 pedestrian 0.888634204864502
657 8.3091 0.2956 pedestrian 0.8830841481685638
658 9.3744 -0.3121 pedestrian 0.8974067866802216
658 8.3091 0.2792 pedestrian 0.8892585039138794
659 9.3744 -0.3121 pedestrian 0.9064498245716095
659 8.3091 0.2792 pedestrian 0.8973731994628906
660 9.3744 -0.3121 pedestrian 0.9091524183750153
660 8.3091 0.2792 pedestrian 0.8983678221702576
661 9.3744 -0.3121 pedestrian 0.9106480479240417
661 8.3091 0.2792 pedestrian 0.8992758393287659
662 9.3744 -0.3121 pedestrian 0.9090911448001862
662 8.3091 0.2792 pedestrian 0.8981082141399384
663 9.3744 -0.3121 pedestrian 0.9048542082309723
663 8.3091 0.2792 pedestrian 0.8939739465713501
664 9.3744 -0.3121 pedestrian 0.8790678977966309
664 8.3091 0.2629 pedestrian 0.8737440705299377
665 9.3744 -0.3121 pedestrian 0.8958346843719482
665 8.3091 0.2629 pedestrian 0.8930473029613495
666 9.3744 -0.3121 pedestrian 0.9037444293498993
666 8.3091 0.2629 pedestrian 0.9027581512928009
667 8.3091 0.2629 pedestrian 0.9105401933193207
667 9.3744 -0.3121 pedestrian 0.9094733893871307
668 8.3091 0.2629 pedestrian 0.9110939204692841
668 9.3744 -0.2956 pedestrian 0.9089775085449219
669 9.3744 -0.2956 pedestrian 0.909071683883667
669 8.3091 0.2629 pedestrian 0.908762663602829
670 9.3744 -0.2956 pedestrian 0.9072637856006622
670 8.3091 0.2629 pedestrian 0.903670996427536
671 9.3744 -0.2956 pedestrian 0.9017693400382996
671 8.3091 0.2629 pedestrian 0.8949592709541321
672 9.3744 -0.2792 pedestrian 0.8785007297992706
672 8.3091 0.2304 pedestrian 0.8782388269901276
673 8.3091 0.2304 pedestrian 0.8924532532691956
673 9.3744 -0.2792 pedestrian 0.8921504318714142
674 8.3091 0.2304 pedestrian 0.900922954082489
674 9.3744 -0.2792 pedestrian 0.900244265794754
675 8.3091 0.2304 pedestrian 0.9092207849025726
675 9.3744 -0.2792 pedestrian 0.9073202311992645
676 8.3091 0.2304 pedestrian 0.9104539453983307
676 9.3744 -0.2792 pedestrian 0.908686101436615
677 8.3091 0.2304 pedestrian 0.9103370904922485
677 9.3744 -0.2792 pedestrian 0.9084000587463379
678 8.3091 0.2304 pedestrian 0.9081879258155823
678 9.3744 -0.2792 pedestrian 0.9048978984355927
679 8.3091 0.2304 pedestrian 0.9042326211929321
679 9.3744 -0.2792 pedestrian 0.90130814909935
680 8.3091 0.2142 pedestrian 0.8887913227081299
680 9.3744 -0.2466 pedestrian 0.8704020082950592
681 8.3091 0.1981 pedestrian 0.898298054933548
681 9.3744 -0.2466 pedestrian 0.8869897723197937
682 8.3091 0.1981 pedestrian 0.9036744832992554
682 9.3744 -0.2466 pedestrian 0.8962706625461578
683 8.0961 0.1981 pedestrian 0.9111040532588959
683 9.3744 -0.2466 pedestrian 0.9046546220779419
684 8.0961 0.1981 pedestrian 0.9126121401786804
684 9.3744 -0.2466 pedestrian 0.9060966372489929
685 8.0961 0.1981 pedestrian 0.9135546088218689
685 9.3744 -0.2466 pedestrian 0.9068621695041656
686 8.0961 0.1981 pedestrian 0.9126895368099213
686 9.3744 -0.2466 pedestrian 0.9052142798900604
687 8.0961 0.1981 pedestrian 0.9120296239852905
687 9.3744 -0.2466 pedestrian 0.8986709415912628
688 9.3744 -0.2304 pedestrian 0.8943148851394653
688 8.0961 0.1821 pedestrian 0.888985276222229
689 9.3744 -0.2304 pedestrian 0.9072340130805969
689 8.0961 0.1821 pedestrian 0.896636039018631
690 9.3744 -0.2304 pedestrian 0.9137709438800812
690 8.0961 0.1821 pedestrian 0.8992716670036316
691 9.3744 -0.2304 pedestrian 0.9194129705429077
691 8.0961 0.1821 pedestrian 0.9035158157348633
692 9.3744 -0.2304 pedestrian 0.919851541519165
692 8.0961 0.1821 pedestrian 0.903468132019043
693 9.3744 -0.2142 pedestrian 0.9198340177536011
693 8.0961 0.1821 pedestrian 0.9036734998226166
694 9.3744 -0.2142 pedestrian 0.9181547462940216
694 8.0961 0.1821 pedestrian 0.9016397297382355
695 9.3744 -0.2142 pedestrian 0.9137888252735138
695 8.0961 0.1821 pedestrian 0.8960107862949371
696 8.3091 0.1661 pedestrian 0.8722554445266724
696 9.3744 -0.1981 pedestrian 0.8722331523895264
697 9.3744 -0.1981 pedestrian 0.8841314017772675
697 8.3091 0.1661 pedestrian 0.8837034404277802
698 9.3744 -0.1981 pedestrian 0.8906733095645905
698 8.3091 0.1502 pedestrian 0.8855614960193634
699 9.3744 -0.1981 pedestrian 0.8971454501152039
699 8.0961 0.1502 pedestrian 0.8911184668540955
700 9.3744 -0.1981 pedestrian 0.8976879715919495
700 8.0961 0.1502 pedestrian 0.894121915102005
701 9.3744 -0.1981 pedestrian 0.8984489738941193
701 8.0961 0.1502 pedestrian 0.8981696665287018
702 8.0961 0.1502 pedestrian 0.9006776511669159
702 9.3744 -0.1981 pedestrian 0.8958691656589508
703 8.0961 0.1502 pedestrian 0.9014304578304291
703 9.3744 -0.1981 pedestrian 0.8884040713310242
704 8.0961 0.1343 pedestrian 0.8944443166255951
704 9.3744 -0.1661 pedestrian 0.8691976964473724
705 8.0961 0.1343 pedestrian 0.9046306908130646
705 9.3744 -0.1661 pedestrian 0.8868085145950317
706 8.0961 0.1184 pedestrian 0.9102741479873657
706 9.3744 -0.1661 pedestrian 0.8984457552433014
707 8.0961 0.1184 pedestrian 0.9154226183891296
707 9.3744 -0.1661 pedestrian 0.9076139330863953
708 8.0961 0.1184 pedestrian 0.9147749543190002
708 9.3744 -0.1661 pedestrian 0.9076421856880188
709 8.0961 0.1184 pedestrian 0.9150606393814087
709 9.3744 -0.1661 pedestrian 0.9064020812511444
710 8.0961 0.1184 pedestrian 0.9151265621185303
710 9.3744 -0.1661 pedestrian 0.9017684459686279
711 8.0961 0.1184 pedestrian 0.9139318764209747
711 9.3744 -0.1661 pedestrian 0.8948699831962585
712 8.0961 0.1184 pedestrian 0.8983632922172546
712 9.1614 -0.1502 pedestrian 0.8532836139202118
713 8.0961 0.1184 pedestrian 0.9088262617588043
713 9.1614 -0.1502 pedestrian 0.870164155960083
714 8.0961 0.1025 pedestrian 0.9178488254547119
714 9.1614 -0.1502 pedestrian 0.8830944299697876
715 8.0961 0.1025 pedestrian 0.9251101315021515
715 9.1614 -0.1502 pedestrian 0.8918784558773041
716 8.0961 0.1025 pedestrian 0.924298495054245
716 9.1614 -0.1502 pedestrian 0.8909587562084198
717 8.0961 0.1025 pedestrian 0.9216594099998474
717 9.1614 -0.1502 pedestrian 0.8855151832103729
718 8.0961 0.1025 pedestrian 0.9182865619659424
718 9.1614 -0.1502 pedestrian 0.8774499893188477
719 8.0961 0.1025 pedestrian 0.9150782823562622
719 9.1614 -0.1502 pedestrian 0.8665157854557037
720 8.0961 0.0867 pedestrian 0.8622434735298157
720 9.1614 -0.1502 pedestrian 0.783719390630722
721 8.0961 0.0867 pedestrian 0.8650082945823669
721 9.1614 -0.1502 pedestrian 0.7908328473567963
722 8.0961 0.0867 pedestrian 0.8679370284080505
722 9.1614 -0.1502 pedestrian 0.797612875699997
723 8.0961 0.0867 pedestrian 0.8685824573040009
723 9.1614 -0.1502 pedestrian 0.7989059090614319
724 8.0961 0.0867 pedestrian 0.8595817685127258
724 9.1614 -0.1502 pedestrian 0.7894755303859711
725 8.0961 0.0709 pedestrian 0.8525710105895996
725 9.1614 -0.1502 pedestrian 0.781634658575058
726 8.0961 0.0709 pedestrian 0.8447666764259338
726 9.1614 -0.1343 pedestrian 0.7726477682590485
727 8.0961 0.0709 pedestrian 0.8385273516178131
727 9.1614 -0.1184 pedestrian 0.7643782198429108
728 9.3744 -0.1025 pedestrian 0.6135783344507217
728 8.0961 -0.0079 cyclist 0.5424128323793411
728 8.0961 0.0709 pedestrian 0.44961364194750786
729 9.3744 -0.1025 pedestrian 0.6144850254058838
729 8.0961 -0.0079 cyclist 0.5526305288076401
729 8.0961 0.0709 pedestrian 0.43023931235074997
730 9.3744 -0.1025 pedestrian 0.6286631971597672
730 8.0961 0.0236 cyclist 0.5582303553819656
730 8.0961 0.0709 pedestrian 0.4175155647099018
731 9.1614 -0.1025 pedestrian 0.6405939310789108
731 8.3091 0.0236 cyclist 0.5662686675786972
731 8.0961 0.0709 pedestrian 0.40421827882528305
732 9.1614 -0.1025 pedestrian 0.6483157575130463
732 8.3091 0.0236 cyclist 0.5664059221744537
733 9.1614 -0.1025 pedestrian 0.6497448980808258
733 8.3091 0.0236 cyclist 0.5710612833499908
734 9.1614 -0.1025 pedestrian 0.6393810510635376
734 8.3091 0.0236 cyclist 0.58369080722332
735 9.1614 -0.1025 pedestrian 0.6303154826164246
735 8.3091 0.0236 cyclist 0.6025068759918213
736 8.5222 -0.0079 cyclist 0.7806291282176971
737 8.5222 -0.0079 cyclist 0.792829155921936
738 8.5222 -0.0079 cyclist 0.8007285296916962
739 8.5222 -0.0079 cyclist 0.8114193975925446
740 8.5222 -0.0079 cyclist 0.8166221380233765
741 8.5222 -0.0079 cyclist 0.820257306098938
742 8.5222 -0.0079 cyclist 0.82252436876297
743 8.5222 -0.0079 cyclist 0.8188042044639587
744 8.5222 -0.0236 cyclist 0.831169605255127
745 8.5222 -0.0236 cyclist 0.8475757837295532
746 8.3091 -0.0236 cyclist 0.8577718734741211
747 8.3091 -0.0236 cyclist 0.8684759140014648
748 8.3091 -0.0236 cyclist 0.8713756203651428
749 8.3091 -0.0236 cyclist 0.8742480576038361
750 8.3091 -0.0236 cyclist 0.8741950988769531
751 8.3091 -0.0236 cyclist 0.8692763447761536
752 8.3091 -0.0394 cyclist 0.886220246553421
753 8.3091 -0.0394 cyclist 0.8951882719993591
754 8.3091 -0.0394 cyclist 0.8987451195716858
755 8.3091 -0.0394 cyclist 0.9026339054107666
756 8.3091 -0.0394 cyclist 0.9030302166938782
757 8.3091 -0.0394 cyclist 0.9014857411384583
758 8.3091 -0.0394 cyclist 0.8983569741249084
759 8.5222 -0.0394 cyclist 0.8925971686840057
760 8.5222 -0.0394 cyclist 0.8815484642982483
761 8.5222 -0.0394 cyclist 0.8886114060878754
762 8.5222 -0.0394 cyclist 0.8889949321746826
763 8.5222 -0.0551 cyclist 0.8921326994895935
764 8.5222 -0.0551 cyclist 0.8924194574356079
765 8.5222 -0.0551 cyclist 0.88900426030159
766 8.5222 -0.0551 cyclist 0.8851996064186096
767 8.5222 -0.0551 cyclist 0.8758069574832916
768 8.5222 -0.0709 cyclist 0.8622011840343475
769 8.5222 -0.0709 cyclist 0.868293434381485
770 8.5222 -0.0709 cyclist 0.8682360649108887
771 8.5222 -0.0709 cyclist 0.8718411922454834
772 8.5222 -0.0709 cyclist 0.8742737770080566
773 8.5222 -0.0709 cyclist 0.8706789612770081
774 8.5222 -0.0709 cyclist 0.8665435016155243
775 8.5222 -0.0709 cyclist 0.8577026426792145
776 8.5222 -0.0709 cyclist 0.4354602564126253
777 8.5222 -0.0709 cyclist 0.43371915456373245
777 8.3091 -0.1184 pedestrian 0.4017495410516858
778 8.5222 -0.0709 cyclist 0.43378968606702983
778 8.3091 -0.1184 pedestrian 0.40600263187661767
779 8.5222 -0.0709 cyclist 0.43367315485375
779 8.3091 -0.1184 pedestrian 0.4111242382787168
780 8.5222 -0.0709 cyclist 0.4269842622015858
780 8.3091 -0.1184 pedestrian 0.413829377386719
781 8.5222 -0.0867 cyclist 0.42113243459607475
781 8.5222 -0.1184 pedestrian 0.41820762772113085
782 8.5222 -0.1184 pedestrian 0.4208308067172766
782 8.5222 -0.0867 cyclist 0.41396445983991725
783 8.5222 -0.1025 pedestrian 0.4304974842816591
783 8.7352 0.0709 pedestrian 0.40718021988868713
783 8.5222 -0.0709 cyclist 0.4028145668162324
784 8.5222 -0.1025 pedestrian 0.793149471282959
785 8.5222 -0.1025 pedestrian 0.8019871413707733
786 8.5222 -0.1025 pedestrian 0.8035168945789337
787 8.5222 -0.1025 pedestrian 0.8046991229057312
788 8.5222 -0.1184 pedestrian 0.8012350797653198
789 8.5222 -0.1184 pedestrian 0.7982477247714996
790 8.5222 -0.1184 pedestrian 0.7945222556591034
791 8.5222 -0.1184 pedestrian 0.7934185862541199
792 8.5222 -0.1661 pedestrian 0.7173920273780823
792 8.5222 0.1025 pedestrian 0.673712432384491
793 8.5222 -0.1661 pedestrian 0.7359227240085602
793 8.5222 0.1025 pedestrian 0.7016192972660065
794 8.5222 -0.1821 pedestrian 0.7418365776538849
794 8.5222 0.1025 pedestrian 0.722196638584137
795 8.5222 -0.1821 pedestrian 0.7530315220355988
795 8.5222 0.1025 pedestrian 0.7378768622875214
796 8.5222 -0.1821 pedestrian 0.7531908750534058
796 8.5222 0.1025 pedestrian 0.7451881468296051
797 8.5222 0.1025 pedestrian 0.7585553824901581
797 8.5222 -0.1821 pedestrian 0.7515636682510376
798 8.5222 0.1025 pedestrian 0.7700814306735992
798 8.5222 -0.1821 pedestrian 0.7443755269050598
799 8.5222 0.1025 pedestrian 0.779300332069397
799 8.7352 -0.1981 pedestrian 0.7387574315071106
800 8.5222 0.1184 pedestrian 0.8002772033214569
800 8.7352 -0.2142 pedestrian 0.7851340472698212
801 8.5222 0.1184 pedestrian 0.8143095076084137
801 8.7352 -0.2142 pedestrian 0.8091706037521362
802 8.5222 0.1343 pedestrian 0.8210276663303375
802 8.7352 -0.2142 pedestrian 0.819446474313736
803 8.7352 -0.2142 pedestrian 0.8299642503261566
803 8.5222 0.1343 pedestrian 0.8295719027519226
804 8.5222 0.1343 pedestrian 0.8311508297920227
804 8.7352 -0.2142 pedestrian 0.8293731510639191
805 8.5222 0.1343 pedestrian 0.8339904844760895
805 8.7352 -0.2142 pedestrian 0.8282183110713959
806 8.5222 0.1343 pedestrian 0.832472026348114
806 8.7352 -0.2142 pedestrian 0.8257957398891449
807 8.5222 0.1343 pedestrian 0.826193779706955
807 8.7352 -0.2142 pedestrian 0.8197197914123535
808 8.5222 0.1184 pedestrian 0.8320893943309784
808 8.7352 -0.2142 pedestrian 0.8262562453746796
809 8.5222 0.1343 pedestrian 0.8500267565250397
809 8.9483 -0.2142 pedestrian 0.8466330170631409
810 8.9483 -0.2142 pedestrian 0.861576497554779
810 8.5222 0.1343 pedestrian 0.8589817583560944
811 8.9483 -0.2142 pedestrian 0.8732111752033234
811 8.5222 0.1343 pedestrian 0.8664648532867432
812 8.9483 -0.2142 pedestrian 0.873380035161972
812 8.5222 0.1343 pedestrian 0.8668980002403259
813 8.9483 -0.2142 pedestrian 0.8732477128505707
813 8.3091 0.1343 pedestrian 0.8709923624992371
814 8.3091 0.1343 pedestrian 0.8734375536441803
814 8.9483 -0.2142 pedestrian 0.8698956966400146
815 8.3091 0.1343 pedestrian 0.8703328371047974
815 8.9483 -0.2142 pedestrian 0.8607943952083588
816 8.3091 0.1502 pedestrian 0.8737505078315735
816 8.9483 -0.2304 pedestrian 0.861896425485611
817 8.3091 0.1502 pedestrian 0.8903734385967255
817 9.1614 -0.2304 pedestrian 0.876252681016922
818 8.3091 0.1502 pedestrian 0.8996334373950958
818 9.1614 -0.2304 pedestrian 0.888789176940918
819 8.3091 0.1502 pedestrian 0.9079015851020813
819 9.1614 -0.2304 pedestrian 0.8999453485012054
820 8.3091 0.1502 pedestrian 0.9086575210094452
820 9.1614 -0.2304 pedestrian 0.9026318788528442
821 8.3091 0.1502 pedestrian 0.9076681435108185
821 9.1614 -0.2304 pedestrian 0.9021451771259308
822 8.3091 0.1661 pedestrian 0.9047530293464661
822 9.1614 -0.2304 pedestrian 0.8978920578956604
823 8.3091 0.1661 pedestrian 0.9001746475696564
823 9.1614 -0.2304 pedestrian 0.8921193182468414
824 8.3091 0.1661 pedestrian 0.9105180203914642
824 9.1614 -0.2466 pedestrian 0.8604734241962433
825 8.3091 0.1661 pedestrian 0.9185432195663452
825 9.3744 -0.2466 pedestrian 0.8798390030860901
826 8.3091 0.1661 pedestrian 0.9234873652458191
826 9.3744 -0.2466 pedestrian 0.8926384449005127
827 8.3091 0.1661 pedestrian 0.9282006323337555
827 9.3744 -0.2466 pedestrian 0.9030983448028564
828 8.3091 0.1661 pedestrian 0.927323579788208
828 9.3744 -0.2466 pedestrian 0.9063501954078674
829 8.3091 0.1661 pedestrian 0.9251466691493988
829 9.3744 -0.2466 pedestrian 0.9070160388946533
830 8.3091 0.1661 pedestrian 0.9205051064491272
830 9.3744 -0.2466 pedestrian 0.9044059216976166
831 8.3091 0.1661 pedestrian 0.9153687059879303
831 9.3744 -0.2466 pedestrian 0.9008639454841614
832 8.3091 0.1821 pedestrian 0.8897150754928589
832 9.5875 -0.2466 pedestrian 0.8730009496212006
833 8.3091 0.1821 pedestrian 0.8988500237464905
833 9.5875 -0.2466 pedestrian 0.8938122689723969
834 9.5875 -0.2466 pedestrian 0.9061404466629028
834 8.3091 0.1821 pedestrian 0.90407794713974
835 9.5875 -0.2466 pedestrian 0.9168710708618164
835 8.3091 0.1821 pedestrian 0.9107123613357544
836 9.5875 -0.2466 pedestrian 0.919735461473465
836 8.3091 0.1821 pedestrian 0.9121353030204773
837 9.5875 -0.2466 pedestrian 0.9189276993274689
837 8.3091 0.1821 pedestrian 0.9126724600791931
838 9.5875 -0.2466 pedestrian 0.915152370929718
838 8.3091 0.1981 pedestrian 0.9129102528095245
839 8.3091 0.1981 pedestrian 0.9129159450531006
839 9.5875 -0.2466 pedestrian 0.9085496068000793
840 8.3091 0.1981 pedestrian 0.8782598674297333
840 9.5875 -0.2629 pedestrian 0.8727444112300873
841 8.3091 0.2142 pedestrian 0.8909293413162231
841 9.5875 -0.2629 pedestrian 0.8864746391773224
842 8.3091 0.2142 pedestrian 0.8972547352313995
842 9.8005 -0.2629 pedestrian 0.8944527208805084
843 8.3091 0.2142 pedestrian 0.9034520089626312
843 9.8005 -0.2629 pedestrian 0.9027481079101562
844 9.8005 -0.2629 pedestrian 0.9061369001865387
844 8.3091 0.2142 pedestrian 0.903966099023819
845 9.8005 -0.2629 pedestrian 0.9089691936969757
845 8.3091 0.2142 pedestrian 0.9018391370773315
846 9.8005 -0.2629 pedestrian 0.9088349044322968
846 8.3091 0.2142 pedestrian 0.8976060748100281
847 9.8005 -0.2629 pedestrian 0.9042012989521027
847 8.3091 0.2142 pedestrian 0.8892573118209839
848 9.8005 -0.2629 pedestrian 0.876750648021698
848 8.3091 0.2304 pedestrian 0.8582905828952789
849 9.5875 -0.2629 pedestrian 0.8898910880088806
849 8.3091 0.2304 pedestrian 0.8711021840572357
850 9.5875 -0.2629 pedestrian 0.89842090010643
850 8.3091 0.2304 pedestrian 0.875642716884613
851 9.5875 -0.2629 pedestrian 0.9058535993099213
851 8.5222 0.2304 pedestrian 0.8848649263381958
852 9.5875 -0.2629 pedestrian 0.9081654846668243
852 8.5222 0.2304 pedestrian 0.8855657875537872
853 9.5875 -0.2629 pedestrian 0.9097252190113068
853 8.5222 0.2304 pedestrian 0.8849665820598602
854 9.5875 -0.2629 pedestrian 0.9079927206039429
854 8.5222 0.2304 pedestrian 0.8803042471408844
855 9.5875 -0.2629 pedestrian 0.9039358794689178
855 8.5222 0.2304 pedestrian 0.8711380362510681
856 9.5875 -0.2466 pedestrian 0.8533520996570587
856 8.5222 0.2466 pedestrian 0.8104118406772614
857 9.5875 -0.2466 pedestrian 0.8625768721103668
857 8.7352 0.2629 pedestrian 0.8507566452026367
858 8.7352 0.2629 pedestrian 0.8768194317817688
858 9.5875 -0.2466 pedestrian 0.8662393093109131
859 8.7352 0.2629 pedestrian 0.8933572471141815
859 9.5875 -0.2466 pedestrian 0.8711088299751282
860 8.7352 0.2629 pedestrian 0.8954052627086639
860 9.5875 -0.2466 pedestrian 0.8717818856239319
861 8.7352 0.2629 pedestrian 0.8982382714748383
861 9.5875 -0.2466 pedestrian 0.8714105784893036
862 8.7352 0.2629 pedestrian 0.8956550359725952
862 9.5875 -0.2466 pedestrian 0.8675111532211304
863 8.7352 0.2629 pedestrian 0.8858670294284821
863 9.5875 -0.2304 pedestrian 0.8610080778598785
864 8.7352 0.2629 pedestrian 0.8673822581768036
864 9.5875 -0.2142 pedestrian 0.817031741142273
865 8.7352 0.2629 pedestrian 0.8881748020648956
865 9.5875 -0.2142 pedestrian 0.8325859308242798
866 8.7352 0.2629 pedestrian 0.8992045223712921
866 9.5875 -0.2142 pedestrian 0.8441190123558044
867 8.7352 0.2629 pedestrian 0.9091642200946808
867 9.5875 -0.2142 pedestrian 0.8524779975414276
868 8.7352 0.2629 pedestrian 0.9099193513393402
868 9.5875 -0.2142 pedestrian 0.8550449907779694
869 8.7352 0.2629 pedestrian 0.9050011336803436
869 9.5875 -0.2142 pedestrian 0.8557303547859192
870 8.7352 0.2629 pedestrian 0.8963064849376678
870 9.5875 -0.2142 pedestrian 0.8529084622859955
871 8.7352 0.2629 pedestrian 0.8783279657363892
871 9.5875 -0.2142 pedestrian 0.8507266640663147
872 9.5875 -0.2142 pedestrian 0.7638207674026489
872 8.5222 0.2629 pedestrian 0.6698970049619675
873 9.5875 -0.2142 pedestrian 0.7832320332527161
873 8.7352 0.2792 pedestrian 0.7284651100635529
874 9.5875 -0.2142 pedestrian 0.7990695834159851
874 8.7352 0.2956 pedestrian 0.7735077738761902
875 9.5875 -0.2142 pedestrian 0.8055206835269928
875 8.7352 0.2956 pedestrian 0.7989756464958191
876 8.7352 0.2956 pedestrian 0.8052422404289246
876 9.5875 -0.2142 pedestrian 0.7927399575710297
877 8.7352 0.2956 pedestrian 0.8048850297927856
877 9.5875 -0.2142 pedestrian 0.7665899991989136
878 8.7352 0.2956 pedestrian 0.7817116379737854
878 9.5875 -0.2142 pedestrian 0.7308221161365509
879 8.7352 0.2956 pedestrian 0.7401964366436005
879 9.5875 -0.1981 pedestrian 0.7146949768066406
880 9.3744 -0.1821 pedestrian 0.8318758010864258
880 8.7352 0.3121 pedestrian 0.5835322737693787
881 9.3744 -0.1821 pedestrian 0.8475295901298523
881 8.7352 0.3121 pedestrian 0.6258667558431625
882 9.3744 -0.1821 pedestrian 0.8594264388084412
882 8.7352 0.2956 pedestrian 0.6567200273275375
883 9.3744 -0.1821 pedestrian 0.8694688081741333
883 8.7352 0.3121 pedestrian 0.6825998425483704
884 9.3744 -0.1821 pedestrian 0.87114617228508
884 8.7352 0.3121 pedestrian 0.6808003783226013
885 9.3744 -0.1821 pedestrian 0.8712586164474487
885 8.7352 0.3121 pedestrian 0.6738241463899612
886 9.3744 -0.1821 pedestrian 0.8653668463230133
886 8.7352 0.3121 pedestrian 0.6547509878873825
887 9.3744 -0.1821 pedestrian 0.8598408997058868
887 8.7352 0.3287 pedestrian 0.6276979446411133
888 9.3744 -0.1661 pedestrian 0.9052895903587341
888 8.7352 0.3287 pedestrian 0.5287317037582397
889 9.3744 -0.1661 pedestrian 0.9061590433120728
889 8.7352 0.3287 pedestrian 0.5386576056480408
890 9.3744 -0.1661 pedestrian 0.9052929878234863
890 8.7352 0.3287 pedestrian 0.5629709362983704
891 9.3744 -0.1661 pedestrian 0.903320848941803
891 8.7352 0.3287 pedestrian 0.5737625360488892
892 9.3744 -0.1661 pedestrian 0.8973656296730042
892 8.7352 0.3287 pedestrian 0.5141903758049011
893 9.3744 -0.1661 pedestrian 0.8860408663749695
893 8.7352 0.3622 pedestrian 0.43471187353134155
894 9.3744 -0.1661 pedestrian 0.8624443411827087
895 9.1614 -0.1661 pedestrian 0.8389593958854675
