0 13.6355 0.1821 pedestrian 0.8187699317932129
0 16.4052 -0.1184 cyclist 0.6611506342887878
1 13.6355 0.1821 pedestrian 0.8512169122695923
1 16.4052 -0.1184 cyclist 0.7058461308479309
2 13.6355 0.1821 pedestrian 0.8654969930648804
2 16.4052 -0.1184 cyclist 0.7227064967155457
3 13.6355 0.1661 pedestrian 0.8787795305252075
3 16.6183 -0.1025 cyclist 0.7454215884208679
4 13.6355 0.1821 pedestrian 0.8904802203178406
4 16.6183 -0.1025 cyclist 0.7751478552818298
5 13.6355 0.1821 pedestrian 0.8988063335418701
5 16.6183 -0.1025 cyclist 0.7957935929298401
6 13.6355 0.1821 pedestrian 0.9026689529418945
6 16.6183 -0.1025 cyclist 0.802977979183197
7 13.6355 0.1821 pedestrian 0.9074344635009766
7 16.6183 -0.1025 cyclist 0.8080921769142151
8 13.6355 0.1821 pedestrian 0.8527460992336273
8 16.6183 -0.1025 cyclist 0.8340030908584595
9 13.6355 0.1821 pedestrian 0.8696724474430084
9 16.6183 -0.1025 cyclist 0.8488478064537048
10 13.6355 0.1821 pedestrian 0.8768212497234344
10 16.6183 -0.1025 cyclist 0.8564464449882507
11 13.6355 0.1981 pedestrian 0.8826724886894226
11 16.6183 -0.1025 cyclist 0.8621053695678711
12 13.6355 0.1981 pedestrian 0.8826919496059418
12 16.6183 -0.1025 cyclist 0.8621557950973511
13 13.6355 0.1981 pedestrian 0.8849560916423798
13 16.6183 -0.1025 cyclist 0.8567698299884796
14 13.6355 0.1981 pedestrian 0.8835057318210602
14 16.6183 -0.1025 cyclist 0.8458170294761658
15 13.6355 0.1981 pedestrian 0.8771461248397827
15 16.6183 -0.1025 cyclist 0.8271356225013733
16 13.6355 0.1821 pedestrian 0.8834850788116455
16 16.6183 -0.1184 cyclist 0.8147291243076324
17 13.6355 0.1821 pedestrian 0.8996843695640564
17 16.6183 -0.1184 cyclist 0.8240299224853516
18 13.6355 0.1821 pedestrian 0.9061648547649384
18 16.6183 -0.1184 cyclist 0.8308559656143188
19 13.6355 0.1821 pedestrian 0.9095549583435059
19 16.6183 -0.1184 cyclist 0.8419929146766663
20 13.6355 0.1821 pedestrian 0.9055814445018768
20 16.6183 -0.1184 cyclist 0.8489598035812378
21 13.6355 0.1981 pedestrian 0.9035474061965942
21 16.6183 -0.1184 cyclist 0.8505666851997375
22 13.6355 0.1981 pedestrian 0.8980458080768585
22 16.6183 -0.1184 cyclist 0.8466542959213257
23 13.6355 0.1981 pedestrian 0.8861331343650818
23 16.6183 -0.1343 cyclist 0.8360609710216522
24 13.8486 0.1981 pedestrian 0.8809662461280823
24 16.6183 -0.1502 cyclist 0.766893595457077
25 13.8486 0.1981 pedestrian 0.8952451050281525
25 16.6183 -0.1502 cyclist 0.7804116010665894
26 13.8486 0.1981 pedestrian 0.9033772349357605
26 16.6183 -0.1502 cyclist 0.7869777083396912
27 13.8486 0.1981 pedestrian 0.9082389175891876
27 16.6183 -0.1502 cyclist 0.7995592653751373
28 13.8486 0.1981 pedestrian 0.9054909944534302
28 16.6183 -0.1502 cyclist 0.8061600029468536
29 14.0616 0.2142 pedestrian 0.9041544795036316
29 16.6183 -0.1502 cyclist 0.8080089688301086
30 14.0616 0.2142 pedestrian 0.9050666391849518
30 16.6183 -0.1502 cyclist 0.8022156655788422
31 14.0616 0.2142 pedestrian 0.9033874869346619
31 16.6183 -0.1502 cyclist 0.7890345454216003
32 14.0616 0.2142 pedestrian 0.8785050511360168
32 16.6183 -0.1661 cyclist 0.8124307990074158
33 14.0616 0.2142 pedestrian 0.890952467918396
33 16.6183 -0.1661 cyclist 0.8235151767730713
34 14.0616 0.2142 pedestrian 0.8977392613887787
34 16.8313 -0.1821 cyclist 0.8287666141986847
35 14.0616 0.2304 pedestrian 0.9029061496257782
35 16.8313 -0.1821 cyclist 0.8355895280838013
36 14.0616 0.2304 pedestrian 0.9045344591140747
36 16.8313 -0.1821 cyclist 0.8321718871593475
37 14.0616 0.2304 pedestrian 0.9064551293849945
37 16.8313 -0.1821 cyclist 0.8247072994709015
38 14.0616 0.2304 pedestrian 0.9039403796195984
38 16.8313 -0.1821 cyclist 0.8189506232738495
39 14.2747 0.2304 pedestrian 0.9028705656528473
39 16.8313 -0.1821 cyclist 0.8105677664279938
40 14.2747 0.2304 pedestrian 0.8862579166889191
40 16.8313 -0.1981 cyclist 0.851678192615509
41 14.2747 0.2304 pedestrian 0.9054909944534302
41 16.8313 -0.1981 cyclist 0.860222727060318
42 14.2747 0.2304 pedestrian 0.9167156219482422
42 16.8313 -0.1981 cyclist 0.8628778755664825
43 14.2747 0.2304 pedestrian 0.9249066114425659
43 16.8313 -0.1981 cyclist 0.866701066493988
44 14.2747 0.2304 pedestrian 0.9281562268733978
44 16.8313 -0.1981 cyclist 0.866166740655899
45 14.2747 0.2304 pedestrian 0.9288016259670258
45 16.8313 -0.1981 cyclist 0.8646847009658813
46 14.2747 0.2304 pedestrian 0.9266498982906342
46 16.8313 -0.1981 cyclist 0.8638833463191986
47 14.2747 0.2304 pedestrian 0.9217057824134827
47 16.8313 -0.1981 cyclist 0.8580541908740997
48 14.2747 0.2304 pedestrian 0.8690846264362335
48 16.8313 -0.1981 cyclist 0.8475702404975891
49 14.2747 0.2304 pedestrian 0.8879452347755432
49 16.8313 -0.1981 cyclist 0.8578775823116302
50 14.2747 0.2304 pedestrian 0.8982231020927429
50 16.8313 -0.1981 cyclist 0.8607873618602753
51 14.2747 0.2304 pedestrian 0.905022919178009
51 16.8313 -0.1981 cyclist 0.8642324805259705
52 14.2747 0.2304 pedestrian 0.9056817591190338
52 16.8313 -0.2142 cyclist 0.8619840741157532
53 14.4877 0.2304 pedestrian 0.9068814814090729
53 16.8313 -0.1981 cyclist 0.8564730882644653
54 14.4877 0.2304 pedestrian 0.9051490724086761
54 16.6183 -0.2142 cyclist 0.8538256287574768
55 14.4877 0.2466 pedestrian 0.8987312912940979
55 16.6183 -0.2142 cyclist 0.8456499576568604
56 14.4877 0.2466 pedestrian 0.8775007724761963
56 16.6183 -0.2142 cyclist 0.8438853919506073
57 14.4877 0.2466 pedestrian 0.8977564871311188
57 16.6183 -0.2304 cyclist 0.8540364801883698
58 14.4877 0.2466 pedestrian 0.9044305980205536
58 16.6183 -0.2304 cyclist 0.859665036201477
59 14.4877 0.2466 pedestrian 0.9056065082550049
59 16.6183 -0.2304 cyclist 0.8690944314002991
60 14.4877 0.2629 pedestrian 0.9026965796947479
60 16.6183 -0.2304 cyclist 0.8724189698696136
61 14.4877 0.2629 pedestrian 0.8975697755813599
61 16.6183 -0.2304 cyclist 0.8711143732070923
62 14.7008 0.2629 pedestrian 0.8948553800582886
62 16.6183 -0.2304 cyclist 0.8664493560791016
63 14.7008 0.2629 pedestrian 0.8852009475231171
63 16.6183 -0.2304 cyclist 0.8541053533554077
64 16.4052 -0.2629 cyclist 0.8724706470966339
64 14.7008 0.2629 pedestrian 0.8126387596130371
65 16.4052 -0.2629 cyclist 0.8866531252861023
65 14.7008 0.2629 pedestrian 0.8400047421455383
66 16.4052 -0.2629 cyclist 0.8939678966999054
66 14.9138 0.2629 pedestrian 0.8581583201885223
67 16.4052 -0.2629 cyclist 0.9002192616462708
67 14.9138 0.2629 pedestrian 0.8739741444587708
68 16.1922 -0.2792 cyclist 0.9015481770038605
68 14.9138 0.2629 pedestrian 0.8769656717777252
69 16.1922 -0.2792 cyclist 0.9061360359191895
69 14.9138 0.2629 pedestrian 0.8764519393444061
70 16.1922 -0.2792 cyclist 0.9066742658615112
70 14.9138 0.2629 pedestrian 0.8701081573963165
71 16.1922 -0.2792 cyclist 0.901978075504303
71 14.9138 0.2629 pedestrian 0.8573000133037567
72 16.1922 -0.2792 cyclist 0.9103069305419922
72 14.9138 0.2629 pedestrian 0.7901182174682617
73 16.1922 -0.2792 cyclist 0.9182597696781158
73 14.9138 0.2629 pedestrian 0.8208751082420349
74 16.1922 -0.2792 cyclist 0.9188291728496552
74 14.9138 0.2629 pedestrian 0.8390342593193054
75 15.9791 -0.2792 cyclist 0.922808051109314
75 15.1269 0.2629 pedestrian 0.8515618443489075
76 15.9791 -0.2792 cyclist 0.925895094871521
76 15.1269 0.2629 pedestrian 0.855728954076767
77 15.9791 -0.2792 cyclist 0.9254800975322723
77 15.1269 0.2629 pedestrian 0.8555107116699219
78 15.9791 -0.2792 cyclist 0.9215558469295502
78 15.1269 0.2629 pedestrian 0.8404372334480286
79 15.9791 -0.2792 cyclist 0.9117799699306488
79 15.1269 0.2792 pedestrian 0.8142106533050537
80 15.7661 -0.2792 cyclist 0.9054681062698364
80 15.1269 0.2792 pedestrian 0.818579912185669
81 15.7661 -0.2792 cyclist 0.917137861251831
81 15.1269 0.2792 pedestrian 0.840045839548111
82 15.7661 -0.2792 cyclist 0.9214210510253906
82 15.1269 0.2792 pedestrian 0.8497493267059326
83 15.7661 -0.2792 cyclist 0.9240176379680634
83 15.3400 0.2629 pedestrian 0.8591993451118469
84 15.7661 -0.2792 cyclist 0.9249624609947205
84 15.3400 0.2629 pedestrian 0.8585433959960938
85 15.7661 -0.2792 cyclist 0.9220890998840332
85 15.3400 0.2629 pedestrian 0.8510841727256775
86 15.7661 -0.2792 cyclist 0.9159221351146698
86 15.3400 0.2792 pedestrian 0.8326644599437714
87 15.5530 -0.2792 cyclist 0.9056902229785919
87 15.3400 0.2792 pedestrian 0.8131660521030426
88 15.3400 -0.2792 cyclist 0.9049165546894073
88 15.3400 0.2629 pedestrian 0.8427821695804596
89 15.3400 -0.2792 cyclist 0.9161264300346375
89 15.3400 0.2629 pedestrian 0.876808762550354
90 15.3400 -0.2792 cyclist 0.919149786233902
90 15.3400 0.2629 pedestrian 0.8942520320415497
91 15.3400 -0.2792 cyclist 0.9212792217731476
91 15.3400 0.2629 pedestrian 0.9049152433872223
92 15.3400 -0.2792 cyclist 0.9192998707294464
92 15.3400 0.2629 pedestrian 0.9064486622810364
93 15.3400 -0.2792 cyclist 0.9103312790393829
93 15.3400 0.2629 pedestrian 0.9026058316230774
94 15.3400 -0.2792 cyclist 0.8965539634227753
94 15.5530 0.2629 pedestrian 0.8933256268501282
95 15.1269 -0.2792 cyclist 0.88001549243927
95 15.5530 0.2629 pedestrian 0.8761602640151978
96 14.9138 -0.2956 cyclist 0.8800566494464874
96 15.5530 0.2466 pedestrian 0.8531729876995087
97 14.9138 -0.2956 cyclist 0.8956332504749298
97 15.5530 0.2466 pedestrian 0.8791433572769165
98 14.7008 -0.2956 cyclist 0.9041734039783478
98 15.5530 0.2466 pedestrian 0.8907325565814972
99 14.7008 -0.2956 cyclist 0.9134624600410461
99 15.5530 0.2466 pedestrian 0.8972417414188385
100 14.7008 -0.2956 cyclist 0.9180500209331512
100 15.5530 0.2466 pedestrian 0.8942427635192871
101 14.7008 -0.2956 cyclist 0.9184491634368896
101 15.5530 0.2466 pedestrian 0.8922121226787567
102 14.7008 -0.2956 cyclist 0.912114292383194
102 15.5530 0.2466 pedestrian 0.8858877420425415
103 14.4877 -0.2956 cyclist 0.9070551991462708
103 15.7661 0.2466 pedestrian 0.8697636723518372
104 14.2747 -0.2956 cyclist 0.9104638695716858
104 15.5530 0.2304 pedestrian 0.8870656192302704
105 14.2747 -0.2956 cyclist 0.9249517321586609
105 15.5530 0.2304 pedestrian 0.9052572250366211
106 14.2747 -0.2956 cyclist 0.9315561056137085
106 15.5530 0.2304 pedestrian 0.915768176317215
107 14.2747 -0.2956 cyclist 0.9355977475643158
107 15.5530 0.2304 pedestrian 0.9238898754119873
108 14.2747 -0.2956 cyclist 0.9377652108669281
108 15.5530 0.2304 pedestrian 0.9256948232650757
109 14.2747 -0.2792 cyclist 0.9364309012889862
109 15.5530 0.2304 pedestrian 0.9254086017608643
110 14.2747 -0.2792 cyclist 0.9312177002429962
110 15.5530 0.2304 pedestrian 0.9211466014385223
111 14.2747 -0.2792 cyclist 0.9211501479148865
111 15.5530 0.2304 pedestrian 0.9124184250831604
112 14.0616 -0.2792 cyclist 0.90645432472229
112 15.7661 0.2304 pedestrian 0.8764879703521729
113 14.0616 -0.2629 cyclist 0.9187784790992737
113 15.7661 0.2304 pedestrian 0.8933764696121216
114 14.0616 -0.2629 cyclist 0.924175351858139
114 15.7661 0.2304 pedestrian 0.9029029607772827
115 14.0616 -0.2629 cyclist 0.9274528920650482
115 15.7661 0.2304 pedestrian 0.9084317982196808
116 13.8486 -0.2629 cyclist 0.9300931096076965
116 15.7661 0.2304 pedestrian 0.9084112048149109
117 13.8486 -0.2629 cyclist 0.9308781325817108
117 15.7661 0.2304 pedestrian 0.9103186428546906
118 13.8486 -0.2629 cyclist 0.9260656535625458
118 15.7661 0.2304 pedestrian 0.9068211019039154
119 13.8486 -0.2629 cyclist 0.9160967767238617
119 15.7661 0.2304 pedestrian 0.8989903330802917
120 13.6355 -0.2466 cyclist 0.897400975227356
120 15.7661 0.2142 pedestrian 0.8633038103580475
121 13.6355 -0.2466 cyclist 0.9115822017192841
121 15.7661 0.2142 pedestrian 0.8810287117958069
122 13.6355 -0.2466 cyclist 0.9174066483974457
122 15.7661 0.2142 pedestrian 0.8914941251277924
123 13.4225 -0.2466 cyclist 0.9230879247188568
123 15.7661 0.2142 pedestrian 0.8980095982551575
124 13.4225 -0.2466 cyclist 0.9252921044826508
124 15.7661 0.2142 pedestrian 0.8984595537185669
125 13.4225 -0.2466 cyclist 0.9221501648426056
125 15.7661 0.2142 pedestrian 0.8968143165111542
126 13.4225 -0.2466 cyclist 0.912305623292923
126 15.7661 0.2142 pedestrian 0.888827919960022
127 13.4225 -0.2466 cyclist 0.8961402177810669
127 15.7661 0.1981 pedestrian 0.8797235488891602
128 13.2094 -0.2304 cyclist 0.9062042534351349
128 15.7661 0.1981 pedestrian 0.8357803821563721
129 13.2094 -0.2304 cyclist 0.9200212359428406
129 15.7661 0.1821 pedestrian 0.8473024964332581
130 13.2094 -0.2304 cyclist 0.9258418381214142
130 15.9791 0.1981 pedestrian 0.8576524555683136
131 13.2094 -0.2304 cyclist 0.9291291534900665
131 15.9791 0.1981 pedestrian 0.8673317730426788
132 13.2094 -0.2304 cyclist 0.9292643666267395
132 15.9791 0.1981 pedestrian 0.8703293800354004
133 13.2094 -0.2142 cyclist 0.9264400005340576
133 15.9791 0.1981 pedestrian 0.8724472224712372
134 13.2094 -0.2142 cyclist 0.9192669987678528
134 15.9791 0.1981 pedestrian 0.8684059083461761
135 13.2094 -0.2142 cyclist 0.906846672296524
135 15.9791 0.1981 pedestrian 0.8632169365882874
136 12.9963 -0.2142 cyclist 0.8875056207180023
136 15.7661 0.1821 pedestrian 0.8575805723667145
137 12.9963 -0.2142 cyclist 0.9011990427970886
137 15.9791 0.1981 pedestrian 0.8751068115234375
138 12.9963 -0.2142 cyclist 0.9074099361896515
138 15.9791 0.1981 pedestrian 0.8847144842147827
139 12.9963 -0.2142 cyclist 0.9140923917293549
139 15.9791 0.1981 pedestrian 0.8936433494091034
140 12.9963 -0.2142 cyclist 0.9158020615577698
140 15.9791 0.1981 pedestrian 0.8980953693389893
141 12.9963 -0.2142 cyclist 0.9109159409999847
141 15.9791 0.1981 pedestrian 0.9017943143844604
142 15.9791 0.1981 pedestrian 0.9003514349460602
142 12.7833 -0.2142 cyclist 0.899939775466919
143 15.9791 0.1981 pedestrian 0.8952716290950775
143 12.7833 -0.2142 cyclist 0.8837798237800598
144 12.7833 -0.1981 cyclist 0.8664126396179199
144 15.7661 0.1821 pedestrian 0.8487161099910736
145 12.7833 -0.1981 cyclist 0.8796995282173157
145 15.7661 0.1821 pedestrian 0.869102418422699
146 12.7833 -0.1981 cyclist 0.8839234113693237
146 15.7661 0.1821 pedestrian 0.8738650381565094
147 12.7833 -0.1981 cyclist 0.8920991122722626
147 15.7661 0.1661 pedestrian 0.8754994869232178
148 12.7833 -0.1981 cyclist 0.8955369293689728
148 15.7661 0.1661 pedestrian 0.8772481083869934
149 12.7833 -0.1981 cyclist 0.8922798335552216
149 15.7661 0.1661 pedestrian 0.8817362189292908
150 12.7833 -0.1981 cyclist 0.8851837813854218
150 15.7661 0.1661 pedestrian 0.880682498216629
151 12.7833 -0.1981 cyclist 0.8732343316078186
151 15.7661 0.1661 pedestrian 0.8714981377124786
152 15.7661 0.1661 pedestrian 0.8507645130157471
152 12.5702 -0.1661 cyclist 0.6831043064594269
153 15.7661 0.1502 pedestrian 0.8703396320343018
153 12.5702 -0.1661 cyclist 0.6780629307031631
154 15.7661 0.1502 pedestrian 0.8796770870685577
154 12.5702 -0.1502 cyclist 0.6753280162811279
155 15.7661 0.1502 pedestrian 0.8854596614837646
155 12.5702 -0.1502 cyclist 0.6883706599473953
156 15.7661 0.1502 pedestrian 0.8870346248149872
156 12.5702 -0.1502 cyclist 0.6956260204315186
157 15.7661 0.1502 pedestrian 0.8905750811100006
157 12.5702 -0.1502 cyclist 0.6966482996940613
158 15.7661 0.1502 pedestrian 0.8916617631912231
158 12.5702 -0.1502 cyclist 0.6842541694641113
159 15.7661 0.1502 pedestrian 0.8861483931541443
159 12.5702 -0.1502 cyclist 0.6618697494268417
160 15.7661 0.1343 pedestrian 0.8549444079399109
160 12.5702 -0.1502 cyclist 0.6042442917823792
161 15.7661 0.1343 pedestrian 0.8727454543113708
161 12.5702 -0.1502 cyclist 0.6173943430185318
162 15.7661 0.1343 pedestrian 0.8841853141784668
162 12.5702 -0.1502 cyclist 0.6161423176527023
163 15.7661 0.1343 pedestrian 0.8937598466873169
163 12.5702 -0.1502 cyclist 0.6066708713769913
164 15.7661 0.1343 pedestrian 0.8970837891101837
164 12.3572 -0.1343 cyclist 0.599086657166481
165 15.7661 0.1343 pedestrian 0.8971641957759857
165 12.3572 -0.1343 cyclist 0.5872939378023148
166 15.7661 0.1343 pedestrian 0.8923557996749878
166 12.3572 -0.1343 cyclist 0.5733314901590347
167 15.7661 0.1343 pedestrian 0.8854094743728638
167 12.3572 -0.1184 cyclist 0.5748730897903442
168 15.9791 0.1184 pedestrian 0.8537981808185577
168 12.3572 -0.1184 cyclist 0.7400581538677216
169 15.9791 0.1184 pedestrian 0.8735647797584534
169 12.3572 -0.1184 cyclist 0.7289017140865326
170 15.9791 0.1184 pedestrian 0.8801657855510712
170 12.3572 -0.1184 cyclist 0.7104998528957367
171 15.9791 0.1184 pedestrian 0.8858799636363983
171 12.3572 -0.1184 cyclist 0.6991311311721802
172 15.7661 0.1025 pedestrian 0.8891822695732117
172 12.3572 -0.1184 cyclist 0.6880269944667816
173 15.7661 0.1025 pedestrian 0.8941562473773956
173 12.3572 -0.1184 cyclist 0.6616009473800659
174 15.7661 0.1025 pedestrian 0.8940965235233307
174 12.3572 -0.1184 cyclist 0.6165317445993423
175 15.7661 0.1025 pedestrian 0.8864741325378418
175 12.3572 -0.1025 cyclist 0.5671970844268799
176 15.7661 0.0867 pedestrian 0.838527262210846
176 12.1441 -0.1025 pedestrian 0.7024503946304321
177 15.7661 0.0867 pedestrian 0.8564305901527405
177 12.1441 -0.1025 pedestrian 0.7219026982784271
178 15.7661 0.0867 pedestrian 0.8660845458507538
178 12.1441 -0.1025 pedestrian 0.7376605570316315
179 15.7661 0.0867 pedestrian 0.8731570839881897
179 12.1441 -0.1025 pedestrian 0.7558847069740295
180 15.7661 0.0867 pedestrian 0.8752241730690002
180 12.1441 -0.1025 pedestrian 0.7667733430862427
181 15.7661 0.0867 pedestrian 0.8819581866264343
181 12.1441 -0.0867 pedestrian 0.7731366157531738
182 15.7661 0.0867 pedestrian 0.8836149573326111
182 12.1441 -0.0867 pedestrian 0.7729630470275879
183 15.7661 0.0867 pedestrian 0.8792205154895782
183 12.1441 -0.0867 pedestrian 0.780379593372345
184 15.7661 0.0709 pedestrian 0.8449051380157471
184 11.9311 -0.0551 pedestrian 0.8333876132965088
185 15.7661 0.0709 pedestrian 0.8608900010585785
185 11.9311 -0.0394 pedestrian 0.8412249982357025
186 15.7661 0.0709 pedestrian 0.8686902523040771
186 11.9311 -0.0394 pedestrian 0.8522064983844757
187 15.7661 0.0709 pedestrian 0.8752647042274475
187 11.9311 -0.0394 pedestrian 0.8635115027427673
188 15.7661 0.0709 pedestrian 0.8761129975318909
188 11.9311 -0.0394 pedestrian 0.8653675317764282
189 15.7661 0.0709 pedestrian 0.879046767950058
189 11.9311 -0.0394 pedestrian 0.8662976324558258
190 15.7661 0.0709 pedestrian 0.8762549757957458
190 11.9311 -0.0394 pedestrian 0.8608338832855225
191 15.7661 0.0709 pedestrian 0.8681671917438507
191 11.7180 -0.0236 pedestrian 0.8600457906723022
192 15.7661 0.0551 pedestrian 0.8436602652072906
192 11.7180 -0.0079 pedestrian 0.8389167487621307
193 15.7661 0.0551 pedestrian 0.8613868355751038
193 11.7180 -0.0079 pedestrian 0.8489848673343658
194 15.7661 0.0551 pedestrian 0.872319370508194
194 11.7180 -0.0079 pedestrian 0.8584061563014984
195 15.7661 0.0551 pedestrian 0.8804003298282623
195 11.7180 -0.0079 pedestrian 0.869187206029892
196 15.7661 0.0551 pedestrian 0.8805167973041534
196 11.7180 0.0079 pedestrian 0.8732568919658661
197 15.7661 0.0551 pedestrian 0.8839082419872284
197 11.7180 0.0079 pedestrian 0.8761017918586731
198 15.7661 0.0551 pedestrian 0.883297860622406
198 11.7180 0.0079 pedestrian 0.8728451728820801
199 15.7661 0.0551 pedestrian 0.8772721588611603
199 11.7180 0.0079 pedestrian 0.8706678152084351
200 11.5050 0.0236 pedestrian 0.8520036339759827
200 15.7661 0.0551 pedestrian 0.8374643921852112
201 11.5050 0.0236 pedestrian 0.8591877222061157
201 15.7661 0.0551 pedestrian 0.8479519784450531
202 11.5050 0.0236 pedestrian 0.8661998212337494
202 15.7661 0.0394 pedestrian 0.8542015552520752
203 11.5050 0.0394 pedestrian 0.8734038770198822
203 15.7661 0.0394 pedestrian 0.8596432209014893
204 11.5050 0.0394 pedestrian 0.8739288151264191
204 15.7661 0.0394 pedestrian 0.8587783873081207
205 11.5050 0.0394 pedestrian 0.8744572997093201
205 15.7661 0.0394 pedestrian 0.865567535161972
206 11.5050 0.0394 pedestrian 0.8722050189971924
206 15.7661 0.0394 pedestrian 0.8660764694213867
207 11.5050 0.0394 pedestrian 0.8695358335971832
207 15.7661 0.0394 pedestrian 0.8618209958076477
208 11.5050 0.0709 pedestrian 0.8470461964607239
208 15.7661 0.0236 pedestrian 0.8289344310760498
209 11.5050 0.0867 pedestrian 0.8548342287540436
209 15.7661 0.0236 pedestrian 0.8405833840370178
210 11.5050 0.0867 pedestrian 0.8657602369785309
210 15.7661 0.0236 pedestrian 0.8487489819526672
211 11.5050 0.0867 pedestrian 0.8735114932060242
211 15.7661 0.0236 pedestrian 0.8540936708450317
212 11.5050 0.0867 pedestrian 0.8725411295890808
212 15.7661 0.0236 pedestrian 0.8507646024227142
213 11.5050 0.0867 pedestrian 0.8699114620685577
213 15.7661 0.0236 pedestrian 0.8570382297039032
214 11.5050 0.0867 pedestrian 0.8612943887710571
214 15.7661 0.0236 pedestrian 0.8596304059028625
215 15.7661 0.0079 pedestrian 0.8599087595939636
215 11.5050 0.1025 pedestrian 0.859300047159195
216 15.7661 0.0079 pedestrian 0.840600460767746
216 11.5050 0.1343 pedestrian 0.8151035308837891
217 15.7661 0.0079 pedestrian 0.853716105222702
217 11.5050 0.1343 pedestrian 0.8264480829238892
218 15.7661 -0.0079 pedestrian 0.8657479286193848
218 11.5050 0.1343 pedestrian 0.8361607491970062
219 15.7661 -0.0079 pedestrian 0.8756216764450073
219 11.5050 0.1343 pedestrian 0.8404443562030792
220 15.7661 -0.0079 pedestrian 0.8769781291484833
220 11.5050 0.1343 pedestrian 0.8398978412151337
221 15.7661 -0.0079 pedestrian 0.8818913996219635
221 11.5050 0.1343 pedestrian 0.8455344140529633
222 15.7661 -0.0079 pedestrian 0.8829760551452637
222 11.5050 0.1343 pedestrian 0.8475624620914459
223 15.7661 -0.0079 pedestrian 0.8834162354469299
223 11.5050 0.1502 pedestrian 0.8505985140800476
224 15.7661 -0.0079 pedestrian 0.8684332370758057
224 11.5050 0.1502 pedestrian 0.723522275686264
225 15.7661 -0.0236 pedestrian 0.876591295003891
225 11.5050 0.1502 pedestrian 0.7349503338336945
226 15.7661 -0.0236 pedestrian 0.8857356905937195
226 11.5050 0.1502 pedestrian 0.7473706305027008
227 15.7661 -0.0236 pedestrian 0.8917066156864166
227 11.5050 0.1502 pedestrian 0.7554197609424591
228 15.7661 -0.0236 pedestrian 0.8909046351909637
228 11.5050 0.1502 pedestrian 0.7383494973182678
229 15.7661 -0.0236 pedestrian 0.8916739225387573
229 11.5050 0.1502 pedestrian 0.7138982713222504
230 15.7661 -0.0236 pedestrian 0.8881738185882568
230 11.5050 0.1502 pedestrian 0.6774161756038666
231 15.7661 -0.0236 pedestrian 0.8846353590488434
231 11.5050 0.1502 pedestrian 0.6563979685306549
232 15.7661 -0.0394 pedestrian 0.8626771867275238
232 11.2919 0.1502 pedestrian 0.6613738834857941
233 15.7661 -0.0394 pedestrian 0.8723346590995789
233 11.2919 0.1502 pedestrian 0.6744083762168884
234 15.7661 -0.0551 pedestrian 0.8792277872562408
234 11.2919 0.1502 pedestrian 0.696502149105072
235 15.7661 -0.0551 pedestrian 0.88517165184021
235 11.2919 0.1502 pedestrian 0.7183047533035278
236 15.7661 -0.0551 pedestrian 0.884960412979126
236 11.2919 0.1502 pedestrian 0.7250665724277496
237 15.7661 -0.0551 pedestrian 0.8886274993419647
237 11.2919 0.1502 pedestrian 0.7183095216751099
238 15.7661 -0.0551 pedestrian 0.88807412981987
238 11.2919 0.1502 pedestrian 0.7014707028865814
239 15.7661 -0.0551 pedestrian 0.8863283693790436
239 11.2919 0.1502 pedestrian 0.707317441701889
240 11.5050 0.1502 pedestrian 0.8661666214466095
240 15.7661 -0.0394 pedestrian 0.8602976500988007
241 11.5050 0.1502 pedestrian 0.8749732971191406
241 15.7661 -0.0394 pedestrian 0.872086226940155
242 11.5050 0.1502 pedestrian 0.8830762207508087
242 15.7661 -0.0551 pedestrian 0.8780239820480347
243 11.5050 0.1502 pedestrian 0.8870606422424316
243 15.7661 -0.0551 pedestrian 0.8813383281230927
244 11.5050 0.1502 pedestrian 0.8822461664676666
244 15.7661 -0.0551 pedestrian 0.8779762089252472
245 15.7661 -0.0551 pedestrian 0.8830718398094177
245 11.5050 0.1502 pedestrian 0.8723583817481995
246 15.7661 -0.0551 pedestrian 0.8831957876682281
246 11.5050 0.1502 pedestrian 0.8559279441833496
247 15.7661 -0.0551 pedestrian 0.8786699771881104
247 11.5050 0.1502 pedestrian 0.843722939491272
248 15.7661 -0.0709 pedestrian 0.8262763917446136
248 11.5050 0.1821 pedestrian 0.8123311400413513
249 15.7661 -0.0709 pedestrian 0.84785196185112
249 11.5050 0.1821 pedestrian 0.8155404627323151
250 15.7661 -0.0709 pedestrian 0.86580890417099
250 11.5050 0.1981 pedestrian 0.8232267200946808
251 15.7661 -0.0709 pedestrian 0.8767482936382294
251 11.5050 0.1981 pedestrian 0.833914190530777
252 15.5530 -0.0709 pedestrian 0.8794783055782318
252 11.5050 0.1981 pedestrian 0.83306485414505
253 15.5530 -0.0709 pedestrian 0.8795228600502014
253 11.5050 0.2142 pedestrian 0.8280496895313263
254 15.5530 -0.0709 pedestrian 0.8724614083766937
254 11.5050 0.2142 pedestrian 0.820258229970932
255 15.5530 -0.0709 pedestrian 0.866486132144928
255 11.5050 0.2142 pedestrian 0.816314160823822
256 15.5530 -0.0709 pedestrian 0.8597745895385742
256 11.5050 0.2142 pedestrian 0.505523607134819
257 15.5530 -0.0709 pedestrian 0.8698428571224213
257 11.7180 0.2304 pedestrian 0.4797758497297764
257 11.7180 0.2792 cyclist 0.41313676070421934
258 15.5530 -0.0709 pedestrian 0.8767939805984497
258 11.7180 0.2304 pedestrian 0.46719707176089287
258 11.7180 0.2792 cyclist 0.4242621101438999
259 15.5530 -0.0709 pedestrian 0.8841242492198944
259 11.7180 0.2304 pedestrian 0.45784951373934746
259 11.7180 0.2792 cyclist 0.4367664474993944
260 15.5530 -0.0709 pedestrian 0.8844113945960999
260 11.7180 0.2792 cyclist 0.4487089980393648
260 11.7180 0.2304 pedestrian 0.44501142762601376
261 15.5530 -0.0709 pedestrian 0.8879135549068451
261 11.7180 0.2792 cyclist 0.4538953769952059
261 11.7180 0.2304 pedestrian 0.4318143595010042
262 15.3400 -0.0709 pedestrian 0.889068216085434
262 11.9311 0.2792 cyclist 0.458229374140501
262 11.7180 0.2304 pedestrian 0.4172517452389002
263 15.3400 -0.0709 pedestrian 0.8879967331886292
263 11.9311 0.2792 cyclist 0.4650704972445965
263 11.7180 0.2304 pedestrian 0.410660432651639
264 15.3400 -0.0867 pedestrian 0.8553813993930817
264 11.9311 0.2792 cyclist 0.8487413823604584
265 15.3400 -0.0867 pedestrian 0.8684718906879425
265 11.9311 0.2792 cyclist 0.8531511127948761
266 15.3400 -0.1025 pedestrian 0.8779488205909729
266 11.9311 0.2956 cyclist 0.8536413908004761
267 15.3400 -0.1025 pedestrian 0.8851476013660431
267 12.1441 0.2956 cyclist 0.8659570813179016
268 15.3400 -0.1025 pedestrian 0.8863072991371155
268 12.1441 0.2956 cyclist 0.8713724613189697
269 15.3400 -0.1025 pedestrian 0.8921050429344177
269 12.1441 0.2956 cyclist 0.8725345432758331
270 15.3400 -0.1025 pedestrian 0.8943769037723541
270 12.1441 0.2956 cyclist 0.8701213002204895
271 15.3400 -0.1025 pedestrian 0.8924801051616669
271 12.1441 0.2956 cyclist 0.8597202003002167
272 12.1441 0.3121 cyclist 0.9008117914199829
272 15.3400 -0.1184 pedestrian 0.8942465484142303
273 12.1441 0.3121 cyclist 0.9094064235687256
273 15.3400 -0.1343 pedestrian 0.9086290001869202
274 15.3400 -0.1343 pedestrian 0.9164570569992065
274 12.3572 0.3121 cyclist 0.9162138402462006
275 15.3400 -0.1343 pedestrian 0.9226308763027191
275 12.3572 0.3121 cyclist 0.919979602098465
276 15.3400 -0.1343 pedestrian 0.9232780337333679
276 12.3572 0.3121 cyclist 0.9194757044315338
277 15.3400 -0.1343 pedestrian 0.9250999391078949
277 12.3572 0.3121 cyclist 0.9155051708221436
278 15.3400 -0.1343 pedestrian 0.9231209754943848
278 12.3572 0.3121 cyclist 0.908873587846756
279 15.1269 -0.1343 pedestrian 0.9177713394165039
279 12.3572 0.3121 cyclist 0.8968019485473633
280 12.5702 0.3287 cyclist 0.902706116437912
280 15.1269 -0.1343 pedestrian 0.8910896182060242
281 12.5702 0.3287 cyclist 0.9156799912452698
281 15.1269 -0.1343 pedestrian 0.9043061137199402
282 12.5702 0.3287 cyclist 0.9219895005226135
282 15.1269 -0.1343 pedestrian 0.9132088124752045
283 12.5702 0.3121 cyclist 0.9238455593585968
283 15.1269 -0.1502 pedestrian 0.920773446559906
284 12.7833 0.3287 cyclist 0.9265354871749878
284 15.1269 -0.1502 pedestrian 0.9223583936691284
285 12.7833 0.3287 cyclist 0.926181435585022
285 15.1269 -0.1502 pedestrian 0.9233094751834869
286 12.7833 0.3287 cyclist 0.9217322170734406
286 15.1269 -0.1502 pedestrian 0.9201085865497589
287 15.1269 -0.1502 pedestrian 0.9141440391540527
287 12.7833 0.3287 cyclist 0.9086222052574158
288 12.7833 0.3121 cyclist 0.9284428358078003
288 15.1269 -0.1502 pedestrian 0.8660545647144318
289 12.7833 0.3121 cyclist 0.9372921288013458
289 15.1269 -0.1502 pedestrian 0.8810980916023254
290 12.7833 0.3121 cyclist 0.9391827285289764
290 15.1269 -0.1502 pedestrian 0.8879744410514832
291 12.7833 0.3121 cyclist 0.9385192692279816
291 15.1269 -0.1502 pedestrian 0.8938733339309692
292 12.9963 0.3121 cyclist 0.9397699236869812
292 15.1269 -0.1502 pedestrian 0.8962098658084869
293 12.9963 0.3121 cyclist 0.9394630789756775
293 15.1269 -0.1502 pedestrian 0.898232638835907
294 12.9963 0.3287 cyclist 0.9352419376373291
294 15.1269 -0.1502 pedestrian 0.894202709197998
295 12.9963 0.3287 cyclist 0.9250949621200562
295 15.1269 -0.1661 pedestrian 0.8874351680278778
296 14.9138 -0.1661 pedestrian 0.8761699497699738
296 13.2094 0.3287 cyclist 0.8192091882228851
297 14.9138 -0.1661 pedestrian 0.8883780837059021
297 13.2094 0.3287 cyclist 0.8558338582515717
298 14.9138 -0.1821 pedestrian 0.8978247940540314
298 13.2094 0.3287 cyclist 0.8780593276023865
299 14.9138 -0.1821 pedestrian 0.9057990312576294
299 13.2094 0.3287 cyclist 0.8957695066928864
300 14.9138 -0.1821 pedestrian 0.9069201350212097
300 13.2094 0.3287 cyclist 0.9018700420856476
301 14.9138 -0.1821 pedestrian 0.9079774618148804
301 13.4225 0.3287 cyclist 0.9040254950523376
302 14.9138 -0.1821 pedestrian 0.9052812457084656
302 13.4225 0.3287 cyclist 0.8926591873168945
303 14.9138 -0.1821 pedestrian 0.9008634388446808
303 13.4225 0.3287 cyclist 0.8630009591579437
304 14.9138 -0.1821 pedestrian 0.8688529431819916
304 13.6355 0.3287 cyclist 0.8168938159942627
305 14.9138 -0.1981 pedestrian 0.8838606178760529
305 13.6355 0.3121 cyclist 0.835076242685318
306 14.9138 -0.1981 pedestrian 0.893109530210495
306 13.6355 0.3121 cyclist 0.839086502790451
307 14.9138 -0.1981 pedestrian 0.9012146592140198
307 13.6355 0.3121 cyclist 0.8366887867450714
308 14.9138 -0.1981 pedestrian 0.9037925004959106
308 13.6355 0.3121 cyclist 0.8269931375980377
309 14.9138 -0.1981 pedestrian 0.9064083993434906
309 13.8486 0.3121 cyclist 0.8197016716003418
310 14.9138 -0.1981 pedestrian 0.9043118953704834
310 13.8486 0.3121 cyclist 0.7983806431293488
311 14.9138 -0.1981 pedestrian 0.9009237289428711
311 13.8486 0.3121 cyclist 0.7621946036815643
312 14.9138 -0.1981 pedestrian 0.8705318570137024
312 14.0616 0.2956 cyclist 0.8699169754981995
313 14.0616 0.2956 cyclist 0.8901619613170624
313 14.9138 -0.2142 pedestrian 0.8870748579502106
314 14.0616 0.2956 cyclist 0.9011634588241577
314 14.9138 -0.2142 pedestrian 0.8976157605648041
315 14.9138 -0.2142 pedestrian 0.9071734249591827
315 14.0616 0.2956 cyclist 0.9066482186317444
316 14.9138 -0.2142 pedestrian 0.9108119308948517
316 14.0616 0.2956 cyclist 0.9045251607894897
317 14.9138 -0.2142 pedestrian 0.9117108285427094
317 14.0616 0.2956 cyclist 0.8977793157100677
318 14.9138 -0.2142 pedestrian 0.9080816209316254
318 14.0616 0.2956 cyclist 0.8791010081768036
319 14.9138 -0.2142 pedestrian 0.9011506736278534
319 14.0616 0.2956 cyclist 0.8477629125118256
320 14.2747 0.2629 cyclist 0.8956651985645294
320 14.9138 -0.2142 pedestrian 0.8390268087387085
321 14.2747 0.2629 cyclist 0.9069142937660217
321 14.9138 -0.2142 pedestrian 0.8597974181175232
322 14.2747 0.2629 cyclist 0.9102892577648163
322 14.9138 -0.2142 pedestrian 0.8663585782051086
323 14.4877 0.2629 cyclist 0.9103055596351624
323 14.9138 -0.2142 pedestrian 0.8712025284767151
324 14.4877 0.2466 cyclist 0.9116793572902679
324 14.9138 -0.2142 pedestrian 0.87384033203125
325 14.4877 0.2466 cyclist 0.9112933874130249
325 14.9138 -0.2304 pedestrian 0.8749556243419647
326 14.4877 0.2466 cyclist 0.9046109318733215
326 14.9138 -0.2304 pedestrian 0.8749387562274933
327 14.4877 0.2466 cyclist 0.8915713131427765
327 14.9138 -0.2304 pedestrian 0.8670388162136078
328 14.4877 0.2466 cyclist 0.9229608178138733
328 14.9138 -0.2466 pedestrian 0.8213112354278564
329 14.4877 0.2466 cyclist 0.9309409558773041
329 14.9138 -0.2466 pedestrian 0.8470353186130524
330 14.4877 0.2466 cyclist 0.9319380819797516
330 14.9138 -0.2466 pedestrian 0.8570761978626251
331 14.7008 0.2466 cyclist 0.9320754408836365
331 14.9138 -0.2466 pedestrian 0.8631286323070526
332 14.7008 0.2466 cyclist 0.9329924881458282
332 14.9138 -0.2466 pedestrian 0.8669788837432861
333 14.7008 0.2466 cyclist 0.9316101968288422
333 14.9138 -0.2466 pedestrian 0.8688353300094604
334 14.7008 0.2466 cyclist 0.9251095354557037
334 14.9138 -0.2466 pedestrian 0.8621951639652252
335 14.7008 0.2304 cyclist 0.9123354554176331
335 14.9138 -0.2466 pedestrian 0.8397115767002106
336 14.7008 0.2304 cyclist 0.8833792507648468
336 14.9138 -0.2466 pedestrian 0.8454777598381042
337 14.7008 0.2304 cyclist 0.8965343534946442
337 14.9138 -0.2466 pedestrian 0.8665639758110046
338 14.7008 0.2304 cyclist 0.9024033546447754
338 14.7008 -0.2466 pedestrian 0.8781398832798004
339 14.7008 0.2304 cyclist 0.9088948369026184
339 14.7008 -0.2466 pedestrian 0.8871053159236908
340 14.9138 0.2142 cyclist 0.9150112271308899
340 14.7008 -0.2466 pedestrian 0.8908616006374359
341 14.9138 0.2142 cyclist 0.9155567586421967
341 14.7008 -0.2466 pedestrian 0.8933881223201752
342 14.9138 0.2142 cyclist 0.9102935791015625
342 14.7008 -0.2466 pedestrian 0.8916394114494324
343 14.9138 0.2142 cyclist 0.8971067368984222
343 14.7008 -0.2466 pedestrian 0.8851450085639954
344 14.7008 -0.2466 pedestrian 0.796259194612503
344 14.7008 0.2142 cyclist 0.6408530473709106
345 14.7008 -0.2629 pedestrian 0.8257112801074982
345 14.7008 0.2142 cyclist 0.628163293004036
346 14.7008 -0.2629 pedestrian 0.8390162885189056
346 14.9138 0.2142 cyclist 0.6181956380605698
347 14.7008 -0.2629 pedestrian 0.8483909964561462
347 14.9138 0.2142 cyclist 0.6155925691127777
348 14.7008 -0.2629 pedestrian 0.8520180583000183
348 14.9138 0.2304 cyclist 0.6050623953342438
349 14.7008 -0.2629 pedestrian 0.854988157749176
349 14.9138 0.2304 cyclist 0.5959858000278473
350 14.7008 -0.2629 pedestrian 0.8532024919986725
350 14.9138 0.2304 cyclist 0.5707115530967712
351 14.7008 -0.2629 pedestrian 0.844918817281723
351 14.9138 0.2304 cyclist 0.5318225771188736
351 15.1269 0.1502 pedestrian 0.41222501918673515
352 14.4877 -0.2466 pedestrian 0.7952752709388733
352 15.1269 0.1502 pedestrian 0.5141484588384628
352 14.9138 0.1981 cyclist 0.4680943265557289
353 14.4877 -0.2466 pedestrian 0.8254042267799377
353 15.1269 0.1502 pedestrian 0.5127382874488831
353 14.9138 0.1981 cyclist 0.46068668365478516
354 14.4877 -0.2466 pedestrian 0.8373776972293854
354 15.3400 0.1343 pedestrian 0.5270945876836777
354 14.9138 0.1981 cyclist 0.45009154081344604
355 14.4877 -0.2466 pedestrian 0.8421480059623718
355 15.3400 0.1184 pedestrian 0.5477467030286789
355 14.9138 0.1981 cyclist 0.44261690974235535
356 14.4877 -0.2466 pedestrian 0.8435991704463959
356 15.3400 0.1184 pedestrian 0.556494951248169
356 15.1269 0.1981 cyclist 0.4477991461753845
357 14.4877 -0.2466 pedestrian 0.8431921005249023
357 15.3400 0.1184 pedestrian 0.5736560523509979
357 15.1269 0.1981 cyclist 0.44730665162205696
358 14.4877 -0.2466 pedestrian 0.8387666344642639
358 15.3400 0.1184 pedestrian 0.5867219269275665
358 15.1269 0.1981 cyclist 0.4434371590614319
359 14.4877 -0.2466 pedestrian 0.8263373970985413
359 15.3400 0.1025 pedestrian 0.6062263995409012
359 15.1269 0.1981 cyclist 0.4456099346280098
360 14.4877 -0.2466 pedestrian 0.8188344240188599
360 15.1269 0.1661 cyclist 0.7090958952903748
360 15.3400 0.1025 pedestrian 0.4029935151338577
361 14.4877 -0.2466 pedestrian 0.8425467908382416
361 15.1269 0.1661 cyclist 0.7134141027927399
361 15.3400 0.1025 pedestrian 0.4101710170507431
362 14.4877 -0.2466 pedestrian 0.852238118648529
362 15.1269 0.1661 cyclist 0.709499329328537
362 15.3400 0.1025 pedestrian 0.4283987283706665
363 14.2747 -0.2466 pedestrian 0.8580884039402008
363 15.1269 0.1661 cyclist 0.7027287781238556
363 15.3400 0.1025 pedestrian 0.45025283098220825
364 14.2747 -0.2466 pedestrian 0.8620525300502777
364 15.1269 0.1661 cyclist 0.6853918135166168
364 15.3400 0.1025 pedestrian 0.46059225499629974
365 14.2747 -0.2466 pedestrian 0.8631219267845154
365 15.1269 0.1661 cyclist 0.6639611423015594
365 15.3400 0.1025 pedestrian 0.46993787586688995
366 14.2747 -0.2466 pedestrian 0.8586319983005524
366 15.1269 0.1661 cyclist 0.6326832473278046
366 15.3400 0.1025 pedestrian 0.4726748615503311
367 14.2747 -0.2466 pedestrian 0.8409931361675262
367 15.1269 0.1661 cyclist 0.6082148849964142
367 15.3400 0.1025 pedestrian 0.4920612573623657
368 14.2747 -0.2466 pedestrian 0.8236457109451294
368 15.1269 0.1343 cyclist 0.6266717910766602
368 15.3400 0.1343 pedestrian 0.4088069796562195
369 14.2747 -0.2466 pedestrian 0.8418339788913727
369 15.1269 0.1343 cyclist 0.648982971906662
370 14.0616 -0.2466 pedestrian 0.8521987199783325
370 15.1269 0.1343 cyclist 0.6624740660190582
371 14.0616 -0.2466 pedestrian 0.8598136901855469
371 15.1269 0.1343 cyclist 0.6619727611541748
372 14.0616 -0.2466 pedestrian 0.859718531370163
372 15.1269 0.1343 cyclist 0.6500604450702667
373 14.0616 -0.2466 pedestrian 0.8554317355155945
373 15.1269 0.1343 cyclist 0.6376301050186157
374 14.0616 -0.2466 pedestrian 0.8477797210216522
374 15.1269 0.1343 cyclist 0.6147117763757706
375 14.0616 -0.2466 pedestrian 0.8329581916332245
375 15.1269 0.1343 cyclist 0.6002049744129181
376 15.1269 0.1025 cyclist 0.7822839319705963
376 14.0616 -0.2466 pedestrian 0.6974181234836578
377 15.1269 0.1025 cyclist 0.8040979504585266
377 14.0616 -0.2466 pedestrian 0.740040123462677
378 15.1269 0.1025 cyclist 0.8163065016269684
378 14.0616 -0.2466 pedestrian 0.7567070722579956
379 15.1269 0.1025 cyclist 0.8223821520805359
379 14.0616 -0.2466 pedestrian 0.7525054514408112
380 15.1269 0.1025 cyclist 0.818790078163147
380 14.0616 -0.2466 pedestrian 0.7514245808124542
381 15.1269 0.1025 cyclist 0.8117031455039978
381 14.0616 -0.2466 pedestrian 0.7465545237064362
382 15.1269 0.1025 cyclist 0.7997134625911713
382 14.0616 -0.2466 pedestrian 0.7241672575473785
383 15.1269 0.1025 cyclist 0.7823276221752167
383 14.0616 -0.2629 pedestrian 0.6868822276592255
384 15.3400 0.1025 cyclist 0.8150219321250916
384 13.8486 -0.2304 pedestrian 0.5047592967748642
385 15.3400 0.1025 cyclist 0.8293924033641815
385 13.8486 -0.2304 pedestrian 0.5607920587062836
386 15.3400 0.1025 cyclist 0.8361614346504211
386 13.8486 -0.2142 pedestrian 0.5885575711727142
387 15.3400 0.1025 cyclist 0.8397111296653748
387 13.6355 -0.2142 pedestrian 0.5920616984367371
388 15.3400 0.1025 cyclist 0.8421215116977692
388 13.6355 -0.2142 pedestrian 0.609179824590683
389 15.3400 0.1025 cyclist 0.8332623243331909
389 13.6355 -0.2142 pedestrian 0.6281052827835083
390 15.3400 0.1025 cyclist 0.8154726624488831
390 13.6355 -0.2142 pedestrian 0.6260043382644653
391 15.3400 0.1025 cyclist 0.788994163274765
391 13.6355 -0.2142 pedestrian 0.5987995862960815
392 15.3400 0.1025 cyclist 0.8279736340045929
392 13.4225 -0.1981 pedestrian 0.6592510044574738
393 15.3400 0.1025 cyclist 0.8392797112464905
393 13.4225 -0.1981 pedestrian 0.7137777805328369
394 15.3400 0.1025 cyclist 0.8455322086811066
394 13.4225 -0.1981 pedestrian 0.7438850402832031
395 15.3400 0.1025 cyclist 0.8521040081977844
395 13.4225 -0.1981 pedestrian 0.7575514912605286
396 15.3400 0.1025 cyclist 0.855025976896286
396 13.4225 -0.1821 pedestrian 0.762657642364502
397 15.3400 0.1025 cyclist 0.8479384183883667
397 13.4225 -0.1821 pedestrian 0.7661210596561432
398 15.3400 0.1025 cyclist 0.8320110142230988
398 13.4225 -0.1821 pedestrian 0.7578787207603455
399 15.3400 0.1025 cyclist 0.8064990341663361
399 13.4225 -0.1821 pedestrian 0.7314742803573608
400 15.1269 0.0709 cyclist 0.6570702791213989
400 13.2094 -0.1821 pedestrian 0.6180810481309891
401 13.2094 -0.1821 pedestrian 0.672086775302887
401 15.1269 0.0709 cyclist 0.6419737786054611
402 13.2094 -0.1821 pedestrian 0.7028308510780334
402 15.1269 0.0709 cyclist 0.6237900406122208
403 13.2094 -0.1821 pedestrian 0.7125976085662842
403 15.1269 0.0709 cyclist 0.600682407617569
404 13.2094 -0.1821 pedestrian 0.7163369357585907
404 15.1269 0.0551 cyclist 0.5764461904764175
405 13.2094 -0.1821 pedestrian 0.7162483036518097
405 15.1269 0.0551 cyclist 0.543970376253128
406 13.2094 -0.1821 pedestrian 0.7015968263149261
406 15.1269 0.0551 cyclist 0.48709289729595184
406 15.1269 0.0551 pedestrian 0.4205772280693054
407 13.2094 -0.1821 pedestrian 0.6756624579429626
407 15.1269 0.0551 pedestrian 0.4612066447734833
407 15.1269 0.0551 cyclist 0.42661553621292114
408 13.2094 -0.1502 pedestrian 0.7530568540096283
408 15.1269 0.0394 pedestrian 0.7509641945362091
409 13.2094 -0.1502 pedestrian 0.7915839552879333
409 15.1269 0.0394 pedestrian 0.7693527936935425
410 13.2094 -0.1502 pedestrian 0.8053682744503021
410 15.1269 0.0394 pedestrian 0.7829227149486542
411 13.2094 -0.1502 pedestrian 0.8102396726608276
411 15.1269 0.0236 pedestrian 0.8050572872161865
412 15.1269 0.0236 pedestrian 0.8200974762439728
412 13.2094 -0.1502 pedestrian 0.8012832701206207
413 15.1269 0.0236 pedestrian 0.8307423889636993
413 13.2094 -0.1502 pedestrian 0.7873576879501343
414 15.1269 0.0236 pedestrian 0.8342184722423553
414 12.9963 -0.1502 pedestrian 0.7661663293838501
415 15.1269 0.0236 pedestrian 0.841835618019104
415 12.9963 -0.1502 pedestrian 0.733860582113266
416 15.1269 0.0236 pedestrian 0.8446666598320007
416 12.9963 -0.1343 pedestrian 0.7483337223529816
417 15.1269 0.0079 pedestrian 0.8541432321071625
417 12.9963 -0.1343 pedestrian 0.7780866622924805
418 15.1269 0.0079 pedestrian 0.859507292509079
418 12.9963 -0.1343 pedestrian 0.789050817489624
419 15.1269 0.0079 pedestrian 0.8647069334983826
419 12.7833 -0.1502 pedestrian 0.7901973128318787
420 15.1269 0.0079 pedestrian 0.8621383309364319
420 12.7833 -0.1502 pedestrian 0.7932685613632202
421 15.1269 0.0079 pedestrian 0.859109491109848
421 12.7833 -0.1502 pedestrian 0.7967415750026703
422 15.1269 0.0079 pedestrian 0.8504606187343597
422 12.7833 -0.1502 pedestrian 0.7920836210250854
423 14.9138 -0.0236 pedestrian 0.8451407849788666
423 12.7833 -0.1343 pedestrian 0.7760274112224579
424 14.9138 -0.0551 pedestrian 0.8323906660079956
424 12.7833 -0.1184 pedestrian 0.7804360091686249
425 14.9138 -0.0551 pedestrian 0.8535549938678741
425 12.7833 -0.1184 pedestrian 0.8216032683849335
426 14.9138 -0.0551 pedestrian 0.8700520396232605
426 12.7833 -0.1184 pedestrian 0.8400667011737823
427 14.9138 -0.0709 pedestrian 0.8828739523887634
427 12.7833 -0.1184 pedestrian 0.8492982089519501
428 14.9138 -0.0709 pedestrian 0.8891812860965729
428 12.7833 -0.1184 pedestrian 0.8517322838306427
429 14.9138 -0.0709 pedestrian 0.8940936326980591
429 12.7833 -0.1184 pedestrian 0.8575106859207153
430 14.9138 -0.0709 pedestrian 0.8934208452701569
430 12.7833 -0.1184 pedestrian 0.8555967509746552
431 14.9138 -0.0709 pedestrian 0.8907614052295685
431 12.5702 -0.1184 pedestrian 0.845906138420105
432 12.5702 -0.1025 pedestrian 0.8418818116188049
432 14.9138 -0.0867 pedestrian 0.8203544318675995
433 12.5702 -0.1025 pedestrian 0.8605690002441406
433 14.9138 -0.0867 pedestrian 0.8356614410877228
434 12.5702 -0.1025 pedestrian 0.8731936812400818
434 14.9138 -0.0867 pedestrian 0.8462618291378021
435 12.5702 -0.1025 pedestrian 0.8837368488311768
435 14.9138 -0.1025 pedestrian 0.8576239347457886
436 12.5702 -0.0867 pedestrian 0.8878688216209412
436 14.7008 -0.1025 pedestrian 0.8636532127857208
437 12.5702 -0.0867 pedestrian 0.8894192278385162
437 14.7008 -0.1025 pedestrian 0.8690653145313263
438 12.5702 -0.0867 pedestrian 0.8873986601829529
438 14.7008 -0.1025 pedestrian 0.8673471808433533
439 12.5702 -0.0867 pedestrian 0.8826761543750763
439 14.7008 -0.1025 pedestrian 0.8659892976284027
440 14.7008 -0.1025 pedestrian 0.8382404744625092
440 12.5702 -0.0709 pedestrian 0.8347399830818176
441 12.5702 -0.0709 pedestrian 0.8532105386257172
441 14.7008 -0.1025 pedestrian 0.8471626341342926
442 12.5702 -0.0709 pedestrian 0.863752692937851
442 14.7008 -0.1025 pedestrian 0.8577656149864197
443 12.5702 -0.0709 pedestrian 0.8720681965351105
443 14.7008 -0.1025 pedestrian 0.8651049137115479
444 12.5702 -0.0551 pedestrian 0.8726915717124939
444 14.7008 -0.1025 pedestrian 0.8622708320617676
445 12.5702 -0.0551 pedestrian 0.8737055361270905
445 14.7008 -0.1025 pedestrian 0.8575989007949829
446 12.5702 -0.0551 pedestrian 0.8718778491020203
446 14.7008 -0.1025 pedestrian 0.8467519581317902
447 12.5702 -0.0551 pedestrian 0.8668779134750366
447 14.7008 -0.1025 pedestrian 0.8411241471767426
448 12.5702 -0.0394 pedestrian 0.7592701613903046
448 14.7008 -0.1025 pedestrian 0.6743196994066238
449 12.5702 -0.0236 pedestrian 0.797074019908905
449 14.7008 -0.1025 pedestrian 0.6701264828443527
450 12.5702 -0.0236 pedestrian 0.818222850561142
450 14.7008 -0.1025 pedestrian 0.6627481132745743
451 12.5702 -0.0394 pedestrian 0.829083263874054
451 14.7008 -0.1025 pedestrian 0.65777488052845
452 12.5702 -0.0236 pedestrian 0.8316348791122437
452 14.7008 -0.1025 pedestrian 0.6466465592384338
453 12.5702 -0.0236 pedestrian 0.834812730550766
453 14.7008 -0.1025 pedestrian 0.6441457122564316
454 12.5702 -0.0236 pedestrian 0.8304243981838226
454 14.7008 -0.1025 pedestrian 0.6484585255384445
455 12.5702 -0.0236 pedestrian 0.8184562921524048
455 14.7008 -0.1025 pedestrian 0.6566005498170853
456 12.3572 -0.0236 pedestrian 0.6876412332057953
456 14.7008 -0.1502 cyclist 0.6127474009990692
457 12.3572 -0.0236 pedestrian 0.7250045239925385
457 14.7008 -0.1502 cyclist 0.6371143162250519
458 12.3572 -0.0236 pedestrian 0.7479830086231232
458 14.9138 -0.1343 cyclist 0.662181556224823
459 12.3572 -0.0079 pedestrian 0.7610872983932495
459 14.9138 -0.1343 cyclist 0.6697530448436737
460 12.3572 0.0079 pedestrian 0.7564030289649963
460 14.9138 -0.1502 cyclist 0.6727503836154938
461 12.3572 0.0079 pedestrian 0.7448044121265411
461 14.9138 -0.1502 cyclist 0.66733717918396
462 12.3572 0.0079 pedestrian 0.7215072810649872
462 14.9138 -0.1502 cyclist 0.6480797082185745
463 12.3572 0.0079 pedestrian 0.6843386888504028
463 14.9138 -0.1502 cyclist 0.6207869052886963
464 12.3572 0.0236 pedestrian 0.8048955798149109
464 14.7008 -0.1025 pedestrian 0.46772725135087967
464 14.9138 -0.1343 cyclist 0.44175055995583534
465 12.3572 0.0236 pedestrian 0.8302512168884277
465 14.7008 -0.1184 pedestrian 0.4718682989478111
465 14.9138 -0.1343 cyclist 0.4216407686471939
466 12.3572 0.0236 pedestrian 0.8437833786010742
466 14.9138 -0.1184 pedestrian 0.4816708490252495
466 14.9138 -0.1343 cyclist 0.40689865313470364
467 12.3572 0.0236 pedestrian 0.8517319858074188
467 14.9138 -0.1184 pedestrian 0.49529454857110977
468 12.3572 0.0236 pedestrian 0.8456301391124725
468 14.9138 -0.1184 pedestrian 0.5042589604854584
469 12.3572 0.0236 pedestrian 0.8372195661067963
469 14.9138 -0.1184 pedestrian 0.5109825134277344
470 12.3572 0.0236 pedestrian 0.8243559300899506
470 14.9138 -0.1184 pedestrian 0.5162430703639984
471 12.3572 0.0236 pedestrian 0.7996735870838165
471 14.7008 -0.1184 pedestrian 0.5387357175350189
472 12.3572 0.0394 pedestrian 0.8685632348060608
472 14.9138 -0.1343 pedestrian 0.819947361946106
473 12.5702 0.0394 pedestrian 0.8850775361061096
473 14.9138 -0.1502 pedestrian 0.8225698173046112
474 12.5702 0.0394 pedestrian 0.8971985578536987
474 14.7008 -0.1502 pedestrian 0.8302691280841827
475 12.5702 0.0394 pedestrian 0.9071269035339355
475 14.7008 -0.1502 pedestrian 0.8404088616371155
476 12.5702 0.0394 pedestrian 0.9096945524215698
476 14.7008 -0.1502 pedestrian 0.8420119881629944
477 12.5702 0.0394 pedestrian 0.9111470878124237
477 14.7008 -0.1502 pedestrian 0.8408122062683105
478 12.5702 0.0394 pedestrian 0.9075213074684143
478 14.7008 -0.1502 pedestrian 0.835114598274231
479 12.5702 0.0551 pedestrian 0.9051894545555115
479 14.7008 -0.1661 pedestrian 0.8327894508838654
480 12.5702 0.0709 pedestrian 0.8845047056674957
480 14.7008 -0.1502 pedestrian 0.523470863699913
481 12.5702 0.0709 pedestrian 0.8990635871887207
481 14.7008 -0.1502 pedestrian 0.49139726161956787
481 14.4877 -0.2304 cyclist 0.41766757890582085
482 12.5702 0.0709 pedestrian 0.9058979153633118
482 14.7008 -0.1661 pedestrian 0.47463667020201683
482 14.4877 -0.2304 cyclist 0.4347148425877094
483 12.5702 0.0709 pedestrian 0.9108308255672455
483 14.7008 -0.1661 pedestrian 0.46362267807126045
483 14.4877 -0.2304 cyclist 0.45747144520282745
484 12.5702 0.0709 pedestrian 0.9109121263027191
484 14.4877 -0.2304 cyclist 0.4824420288205147
484 14.7008 -0.1661 pedestrian 0.4496297128498554
485 12.5702 0.0709 pedestrian 0.9117140769958496
485 14.4877 -0.2304 cyclist 0.5081302970647812
485 14.7008 -0.1661 pedestrian 0.4261547550559044
486 12.5702 0.0709 pedestrian 0.909610778093338
486 14.4877 -0.2304 cyclist 0.535632312297821
487 12.7833 0.0867 pedestrian 0.9064459800720215
487 14.4877 -0.2304 cyclist 0.5701766163110733
488 12.7833 0.0867 pedestrian 0.9007670879364014
488 14.2747 -0.2629 cyclist 0.7537135481834412
489 12.7833 0.0867 pedestrian 0.9160789847373962
489 14.2747 -0.2629 cyclist 0.7502416968345642
490 12.7833 0.0867 pedestrian 0.9241085946559906
490 14.2747 -0.2629 cyclist 0.7384231090545654
491 12.7833 0.1025 pedestrian 0.9297236204147339
491 14.2747 -0.2629 cyclist 0.7348462343215942
492 12.7833 0.1025 pedestrian 0.9308056831359863
492 14.2747 -0.2629 cyclist 0.7245335578918457
493 12.7833 0.1025 pedestrian 0.9322921633720398
493 14.2747 -0.2629 cyclist 0.7009841203689575
494 12.7833 0.1025 pedestrian 0.9320805370807648
494 14.2747 -0.2629 cyclist 0.667959988117218
495 12.7833 0.1025 pedestrian 0.9288782477378845
495 14.2747 -0.2629 cyclist 0.6310676336288452
495 14.4877 -0.1821 pedestrian 0.4090472683310509
496 12.7833 0.1025 pedestrian 0.8842012882232666
496 14.4877 -0.1821 pedestrian 0.5830374956130981
496 14.0616 -0.2792 cyclist 0.5171812623739243
497 12.7833 0.1025 pedestrian 0.895907074213028
497 14.4877 -0.1821 pedestrian 0.5758868753910065
497 14.0616 -0.2792 cyclist 0.5352945029735565
498 12.7833 0.1025 pedestrian 0.9023025333881378
498 14.4877 -0.1821 pedestrian 0.5643521100282669
498 14.0616 -0.2792 cyclist 0.5364417284727097
499 12.7833 0.1025 pedestrian 0.9065945446491241
499 14.4877 -0.1981 pedestrian 0.5522188246250153
499 14.0616 -0.2792 cyclist 0.5253546088933945
500 12.7833 0.1025 pedestrian 0.9068988859653473
500 14.4877 -0.1981 pedestrian 0.5446525663137436
500 14.0616 -0.2792 cyclist 0.515173926949501
501 12.7833 0.1025 pedestrian 0.9052381813526154
501 14.4877 -0.1981 pedestrian 0.5343259423971176
501 14.0616 -0.2792 cyclist 0.4986797124147415
502 12.7833 0.1025 pedestrian 0.9010379016399384
502 14.4877 -0.1981 pedestrian 0.5117382183670998
502 14.0616 -0.2792 cyclist 0.47778164595365524
503 12.7833 0.1025 pedestrian 0.8951402306556702
503 14.4877 -0.1981 pedestrian 0.4844023659825325
503 14.0616 -0.2629 cyclist 0.46744444966316223
504 12.9963 0.1343 pedestrian 0.8556196391582489
504 13.8486 -0.2466 cyclist 0.8035297095775604
505 12.9963 0.1343 pedestrian 0.8853951394557953
505 13.8486 -0.2466 cyclist 0.8253011405467987
506 12.9963 0.1343 pedestrian 0.899530291557312
506 13.8486 -0.2466 cyclist 0.8423197269439697
507 12.9963 0.1343 pedestrian 0.9081869721412659
507 13.8486 -0.2466 cyclist 0.8502651154994965
508 12.9963 0.1343 pedestrian 0.9095191359519958
508 13.8486 -0.2466 cyclist 0.8484502732753754
509 12.9963 0.1343 pedestrian 0.9080584347248077
509 13.6355 -0.2466 cyclist 0.843796968460083
510 12.9963 0.1343 pedestrian 0.904648631811142
510 13.6355 -0.2466 cyclist 0.8286548852920532
511 12.9963 0.1343 pedestrian 0.8939626216888428
511 13.6355 -0.2466 cyclist 0.8038466572761536
512 13.4225 -0.2466 cyclist 0.8667769134044647
512 12.9963 0.1502 pedestrian 0.841104656457901
513 13.4225 -0.2466 cyclist 0.880721777677536
513 13.2094 0.1502 pedestrian 0.8756809532642365
514 13.2094 0.1502 pedestrian 0.8911430537700653
514 13.2094 -0.2466 cyclist 0.8871101438999176
515 13.2094 0.1502 pedestrian 0.8990117907524109
515 13.2094 -0.2466 cyclist 0.8980153203010559
516 13.2094 -0.2466 cyclist 0.9021262228488922
516 13.2094 0.1661 pedestrian 0.8975908160209656
517 13.2094 -0.2466 cyclist 0.8987757861614227
517 13.2094 0.1661 pedestrian 0.8943250179290771
518 13.2094 -0.2466 cyclist 0.8882856667041779
518 13.2094 0.1661 pedestrian 0.8846966922283173
519 13.2094 -0.2466 cyclist 0.8705148100852966
519 13.2094 0.1661 pedestrian 0.8662005662918091
520 13.4225 0.1821 pedestrian 0.8615932166576385
520 12.9963 -0.2304 cyclist 0.8504675328731537
521 13.4225 0.1821 pedestrian 0.8872211575508118
521 12.7833 -0.2304 cyclist 0.87209552526474
522 13.4225 0.1821 pedestrian 0.8974314630031586
522 12.7833 -0.2304 cyclist 0.8837305009365082
523 13.4225 0.1821 pedestrian 0.9034700095653534
523 12.7833 -0.2142 cyclist 0.8952552080154419
524 13.4225 0.1981 pedestrian 0.9050794541835785
524 12.7833 -0.2142 cyclist 0.9006079435348511
525 13.4225 0.1981 pedestrian 0.9062437415122986
525 12.7833 -0.2142 cyclist 0.8964592516422272
526 13.4225 0.1981 pedestrian 0.904242753982544
526 12.7833 -0.2142 cyclist 0.8834005296230316
527 13.4225 0.1981 pedestrian 0.8939774036407471
527 12.7833 -0.2142 cyclist 0.8633450567722321
528 13.4225 0.1981 pedestrian 0.8807668387889862
528 12.7833 -0.2142 cyclist 0.8511924743652344
529 13.4225 0.1981 pedestrian 0.8988411128520966
529 12.5702 -0.2142 cyclist 0.8685503602027893
530 13.4225 0.1981 pedestrian 0.9072699248790741
530 12.5702 -0.2142 cyclist 0.8782509565353394
531 13.4225 0.1981 pedestrian 0.9124256670475006
531 12.5702 -0.2142 cyclist 0.8856448233127594
532 13.6355 0.1981 pedestrian 0.913415938615799
532 12.5702 -0.2142 cyclist 0.8855107128620148
533 13.6355 0.1981 pedestrian 0.9131593704223633
533 12.5702 -0.2142 cyclist 0.878685712814331
534 13.6355 0.2142 pedestrian 0.9097510576248169
534 12.5702 -0.2142 cyclist 0.8653956651687622
535 13.6355 0.2142 pedestrian 0.8977341949939728
535 12.3572 -0.2142 cyclist 0.8475361764431
536 13.6355 0.2304 pedestrian 0.8718857169151306
536 12.3572 -0.2142 cyclist 0.8636100590229034
537 13.6355 0.2304 pedestrian 0.8933482468128204
537 12.3572 -0.2142 cyclist 0.8809240758419037
538 13.6355 0.2304 pedestrian 0.901798814535141
538 12.3572 -0.2142 cyclist 0.8899162113666534
539 13.6355 0.2304 pedestrian 0.9064394235610962
539 12.3572 -0.2142 cyclist 0.8956425786018372
540 13.6355 0.2304 pedestrian 0.9074519574642181
540 12.1441 -0.1981 cyclist 0.8989382982254028
541 13.6355 0.2304 pedestrian 0.907520592212677
541 12.1441 -0.1981 cyclist 0.8980772495269775
542 13.6355 0.2304 pedestrian 0.904267430305481
542 12.1441 -0.1981 cyclist 0.8868682384490967
543 13.6355 0.2304 pedestrian 0.8938053846359253
543 12.1441 -0.1821 cyclist 0.869814544916153
544 13.6355 0.2304 pedestrian 0.8805249631404877
544 12.1441 -0.1821 cyclist 0.8668574690818787
545 13.8486 0.2304 pedestrian 0.9020221531391144
545 12.1441 -0.1821 cyclist 0.8797954320907593
546 13.8486 0.2304 pedestrian 0.9130595624446869
546 12.1441 -0.1821 cyclist 0.8829987347126007
547 13.8486 0.2304 pedestrian 0.9206584990024567
547 12.1441 -0.1821 cyclist 0.8880735337734222
548 13.8486 0.2304 pedestrian 0.921597957611084
548 12.1441 -0.1821 cyclist 0.8877908885478973
549 13.8486 0.2304 pedestrian 0.922158420085907
549 11.9311 -0.1661 cyclist 0.8833035230636597
550 13.8486 0.2304 pedestrian 0.9197404086589813
550 11.9311 -0.1661 cyclist 0.8732133507728577
551 13.8486 0.2304 pedestrian 0.9111332297325134
551 11.9311 -0.1661 cyclist 0.8582254350185394
552 14.0616 0.2304 pedestrian 0.8955138027667999
552 11.9311 -0.1502 cyclist 0.8616585731506348
553 14.0616 0.2304 pedestrian 0.9108064770698547
553 11.7180 -0.1343 cyclist 0.8739339411258698
554 14.0616 0.2304 pedestrian 0.922290176153183
554 11.7180 -0.1343 cyclist 0.8812860250473022
555 14.0616 0.2304 pedestrian 0.9308990240097046
555 11.7180 -0.1343 cyclist 0.8901190459728241
556 14.0616 0.2304 pedestrian 0.9321510791778564
556 11.7180 -0.1343 cyclist 0.8934966027736664
557 14.0616 0.2304 pedestrian 0.9318778812885284
557 11.7180 -0.1343 cyclist 0.8884235918521881
558 14.0616 0.2304 pedestrian 0.9272968471050262
558 11.7180 -0.1343 cyclist 0.8759620487689972
559 14.0616 0.2304 pedestrian 0.9213455617427826
559 11.7180 -0.1343 cyclist 0.8570382297039032
560 14.0616 0.2304 pedestrian 0.8643384575843811
560 11.7180 -0.1343 cyclist 0.45674872025847435
560 11.5050 -0.1025 pedestrian 0.42615579441189766
561 14.2747 0.2304 pedestrian 0.8796634376049042
561 11.7180 -0.1343 cyclist 0.4468333339318633
561 11.5050 -0.1025 pedestrian 0.437101848423481
562 14.2747 0.2304 pedestrian 0.8911470770835876
562 11.7180 -0.1184 pedestrian 0.4513149634003639
562 11.7180 -0.1184 cyclist 0.43899099295958877
563 14.2747 0.2304 pedestrian 0.900803953409195
563 11.7180 -0.1184 pedestrian 0.4681270718574524
563 11.7180 -0.1184 cyclist 0.42929497570730746
564 14.2747 0.2304 pedestrian 0.9057358801364899
564 11.7180 -0.1184 pedestrian 0.4860382378101349
564 11.7180 -0.1184 cyclist 0.4136532836128026
565 14.2747 0.2304 pedestrian 0.9098786413669586
565 11.7180 -0.1184 pedestrian 0.4980153366923332
566 14.2747 0.2304 pedestrian 0.9099336862564087
566 11.7180 -0.1184 pedestrian 0.5059768036007881
567 14.2747 0.2304 pedestrian 0.9094633758068085
567 11.7180 -0.1184 pedestrian 0.5332610160112381
568 14.2747 0.2304 pedestrian 0.8127627372741699
568 11.7180 -0.1025 pedestrian 0.8009331524372101
569 14.2747 0.2304 pedestrian 0.8459668159484863
569 11.7180 -0.1025 pedestrian 0.8045180439949036
570 14.2747 0.2304 pedestrian 0.8562428951263428
570 11.7180 -0.1025 pedestrian 0.8064178824424744
571 14.4877 0.2304 pedestrian 0.8615205883979797
571 11.7180 -0.1025 pedestrian 0.807236522436142
572 14.4877 0.2304 pedestrian 0.86459681391716
572 11.7180 -0.0867 pedestrian 0.7993344366550446
573 14.4877 0.2304 pedestrian 0.8691901862621307
573 11.7180 -0.0867 pedestrian 0.7988952398300171
574 14.4877 0.2304 pedestrian 0.8712179064750671
574 11.7180 -0.0867 pedestrian 0.7923556268215179
575 14.4877 0.2304 pedestrian 0.8666195869445801
575 11.5050 -0.0551 pedestrian 0.7890774011611938
576 14.4877 0.2142 pedestrian 0.764590859413147
576 11.5050 -0.0236 pedestrian 0.6253476589918137
577 14.4877 0.2142 pedestrian 0.7934661507606506
577 11.5050 -0.0079 pedestrian 0.6195424795150757
578 14.4877 0.2142 pedestrian 0.8001588582992554
578 11.5050 -0.0079 pedestrian 0.6176712960004807
579 14.4877 0.1981 pedestrian 0.800135999917984
579 11.5050 0.0079 pedestrian 0.6274361312389374
580 14.4877 0.1981 pedestrian 0.7962103486061096
580 11.5050 0.0079 pedestrian 0.6267656087875366
581 14.4877 0.1981 pedestrian 0.7950322329998016
581 11.5050 0.0079 pedestrian 0.6298990994691849
582 14.7008 0.1981 pedestrian 0.788417249917984
582 11.5050 0.0079 pedestrian 0.6309371888637543
583 14.7008 0.1981 pedestrian 0.7791640162467957
583 11.5050 0.0079 pedestrian 0.63021120429039
584 14.7008 0.1661 pedestrian 0.8302981853485107
584 11.5050 0.0236 pedestrian 0.5937222689390182
585 14.7008 0.1661 pedestrian 0.8591575622558594
585 11.5050 0.0236 pedestrian 0.602979838848114
586 14.7008 0.1502 pedestrian 0.8714735507965088
586 11.5050 0.0236 pedestrian 0.6099658012390137
587 14.7008 0.1502 pedestrian 0.8795150518417358
587 11.5050 0.0394 pedestrian 0.620000883936882
588 14.7008 0.1502 pedestrian 0.8784974813461304
588 11.5050 0.0394 pedestrian 0.6281180381774902
589 14.7008 0.1502 pedestrian 0.8747295439243317
589 11.5050 0.0394 pedestrian 0.6248892247676849
590 14.7008 0.1502 pedestrian 0.8614557087421417
590 11.5050 0.0394 pedestrian 0.6215038150548935
591 14.7008 0.1502 pedestrian 0.8328027725219727
591 11.5050 0.0394 pedestrian 0.6361247450113297
592 11.5050 0.0394 pedestrian 0.8619906306266785
592 14.7008 0.1502 pedestrian 0.8445349037647247
593 11.5050 0.0394 pedestrian 0.8662483096122742
593 14.7008 0.1502 pedestrian 0.8598006367683411
594 11.5050 0.0394 pedestrian 0.8710200786590576
594 14.7008 0.1343 pedestrian 0.8622513115406036
595 11.5050 0.0236 pedestrian 0.8775303363800049
595 14.7008 0.1343 pedestrian 0.8648634552955627
596 11.5050 0.0236 pedestrian 0.8780881464481354
596 14.7008 0.1343 pedestrian 0.862796276807785
597 11.5050 0.0236 pedestrian 0.8769791424274445
597 14.7008 0.1343 pedestrian 0.8636178374290466
598 11.5050 0.0394 pedestrian 0.871802806854248
598 14.7008 0.1343 pedestrian 0.8602329790592194
599 11.5050 0.0394 pedestrian 0.8684501051902771
599 14.7008 0.1343 pedestrian 0.8463488817214966
600 14.7008 0.1343 pedestrian 0.8399599194526672
600 11.2919 0.0394 pedestrian 0.8109870254993439
601 14.7008 0.1343 pedestrian 0.8640932142734528
601 11.2919 0.0551 pedestrian 0.8190202414989471
602 14.7008 0.1343 pedestrian 0.8738156259059906
602 11.2919 0.0551 pedestrian 0.8286691606044769
603 14.7008 0.1343 pedestrian 0.8781425952911377
603 11.2919 0.0551 pedestrian 0.8388179540634155
604 14.7008 0.1343 pedestrian 0.8772730231285095
604 11.2919 0.0551 pedestrian 0.8369730114936829
605 14.7008 0.1343 pedestrian 0.8768329918384552
605 11.2919 0.0709 pedestrian 0.8414713442325592
606 14.7008 0.1343 pedestrian 0.8731705248355865
606 11.2919 0.0709 pedestrian 0.8429862558841705
607 14.7008 0.1343 pedestrian 0.8616861402988434
607 11.2919 0.0709 pedestrian 0.8449214398860931
608 11.2919 0.1025 pedestrian 0.8488838374614716
608 14.7008 0.1343 pedestrian 0.8081156611442566
609 11.2919 0.1025 pedestrian 0.8569903373718262
609 14.7008 0.1343 pedestrian 0.8350831270217896
610 11.2919 0.1025 pedestrian 0.8670781850814819
610 14.7008 0.1343 pedestrian 0.841364175081253
611 11.2919 0.1025 pedestrian 0.8751860857009888
611 14.7008 0.1343 pedestrian 0.8378189504146576
612 11.2919 0.1025 pedestrian 0.8744702637195587
612 14.7008 0.1343 pedestrian 0.8335221707820892
613 11.2919 0.1184 pedestrian 0.8735886812210083
613 14.7008 0.1343 pedestrian 0.8310663104057312
614 11.2919 0.1184 pedestrian 0.8704361319541931
614 14.7008 0.1184 pedestrian 0.8206608891487122
615 11.2919 0.1184 pedestrian 0.8706037104129791
615 14.7008 0.1184 pedestrian 0.7924381196498871
616 11.2919 0.1343 pedestrian 0.8576955795288086
616 14.7008 0.1025 pedestrian 0.831728994846344
617 11.2919 0.1343 pedestrian 0.8672954142093658
617 14.7008 0.0867 pedestrian 0.8547955453395844
618 11.2919 0.1343 pedestrian 0.8757412731647491
618 14.7008 0.0867 pedestrian 0.8651596903800964
619 11.2919 0.1343 pedestrian 0.8829006850719452
619 14.7008 0.0867 pedestrian 0.8719861507415771
620 11.2919 0.1343 pedestrian 0.8835413157939911
620 14.7008 0.0867 pedestrian 0.8733294606208801
621 11.2919 0.1343 pedestrian 0.8837818205356598
621 14.7008 0.0709 pedestrian 0.878860205411911
622 14.7008 0.0709 pedestrian 0.883652925491333
622 11.2919 0.1343 pedestrian 0.879088282585144
623 14.7008 0.0709 pedestrian 0.8804618120193481
623 11.2919 0.1502 pedestrian 0.8796960711479187
624 14.7008 0.0709 pedestrian 0.8587434887886047
624 11.0789 0.1661 pedestrian 0.8375168740749359
625 14.7008 0.0709 pedestrian 0.8755752742290497
625 11.0789 0.1661 pedestrian 0.8470089137554169
626 14.7008 0.0709 pedestrian 0.8816494941711426
626 11.0789 0.1661 pedestrian 0.8624602854251862
627 14.7008 0.0709 pedestrian 0.8874471783638
627 11.0789 0.1661 pedestrian 0.8741549849510193
628 14.7008 0.0709 pedestrian 0.8879570364952087
628 11.2919 0.1661 pedestrian 0.8790782988071442
629 14.7008 0.0709 pedestrian 0.8884602189064026
629 11.2919 0.1661 pedestrian 0.880608081817627
630 14.7008 0.0709 pedestrian 0.8851282298564911
630 11.2919 0.1661 pedestrian 0.8754519522190094
631 14.7008 0.0551 pedestrian 0.8750132024288177
631 11.2919 0.1661 pedestrian 0.8727015256881714
632 14.4877 0.0551 pedestrian 0.8689455687999725
632 11.2919 0.1661 pedestrian 0.8613337874412537
633 14.4877 0.0551 pedestrian 0.8813027441501617
633 11.2919 0.1661 pedestrian 0.871929794549942
634 14.4877 0.0551 pedestrian 0.888234555721283
634 11.2919 0.1661 pedestrian 0.8824491798877716
635 14.4877 0.0394 pedestrian 0.8972006440162659
635 11.2919 0.1661 pedestrian 0.8932282328605652
636 14.4877 0.0394 pedestrian 0.8992324471473694
636 11.2919 0.1661 pedestrian 0.8971600234508514
637 14.4877 0.0394 pedestrian 0.9015732705593109
637 11.2919 0.1661 pedestrian 0.8969197571277618
638 14.4877 0.0394 pedestrian 0.8999884724617004
638 11.2919 0.1661 pedestrian 0.890985757112503
639 14.4877 0.0394 pedestrian 0.8950305879116058
639 11.2919 0.1661 pedestrian 0.887143611907959
640 14.4877 0.0236 pedestrian 0.8732933700084686
640 11.2919 0.1821 pedestrian 0.8469555675983429
641 14.4877 0.0236 pedestrian 0.8894887268543243
641 11.2919 0.1821 pedestrian 0.8492387533187866
642 14.4877 0.0236 pedestrian 0.9002033472061157
642 11.2919 0.1821 pedestrian 0.851990818977356
643 14.4877 0.0236 pedestrian 0.9088932275772095
643 11.2919 0.1981 pedestrian 0.8561071753501892
644 14.4877 0.0236 pedestrian 0.9110510647296906
644 11.2919 0.1981 pedestrian 0.8537523746490479
645 14.4877 0.0236 pedestrian 0.9145900905132294
645 11.2919 0.1981 pedestrian 0.849817156791687
646 14.4877 0.0236 pedestrian 0.9152739644050598
646 11.2919 0.1981 pedestrian 0.8394814133644104
647 14.4877 0.0236 pedestrian 0.9101288318634033
647 11.2919 0.2142 pedestrian 0.8310933113098145
648 14.4877 0.0079 pedestrian 0.9035399258136749
648 11.5050 0.2956 cyclist 0.5055093541741371
648 11.2919 0.2142 pedestrian 0.4909636899828911
649 14.4877 0.0079 pedestrian 0.9157357513904572
649 11.5050 0.2792 cyclist 0.5426741018891335
649 11.2919 0.2142 pedestrian 0.4618871882557869
650 14.4877 0.0079 pedestrian 0.924776166677475
650 11.5050 0.2792 cyclist 0.5843703895807266
650 11.2919 0.2142 pedestrian 0.441271536052227
651 14.4877 0.0079 pedestrian 0.9321120977401733
651 11.5050 0.2792 cyclist 0.6249736994504929
651 11.2919 0.2142 pedestrian 0.4182325340807438
652 14.4877 0.0079 pedestrian 0.933329164981842
652 11.5050 0.2956 cyclist 0.6577378064393997
653 14.4877 0.0079 pedestrian 0.934258759021759
653 11.7180 0.2956 cyclist 0.6861032396554947
654 14.4877 0.0079 pedestrian 0.9312391877174377
654 11.7180 0.2956 cyclist 0.713261216878891
655 14.4877 0.0079 pedestrian 0.9266820847988129
655 11.7180 0.2956 cyclist 0.7382228672504425
656 11.7180 0.2792 cyclist 0.8953480124473572
656 14.4877 0.0079 pedestrian 0.8803392946720123
657 11.7180 0.2792 cyclist 0.9076024293899536
657 14.4877 0.0079 pedestrian 0.8971903622150421
658 11.7180 0.2792 cyclist 0.9148297905921936
658 14.4877 0.0079 pedestrian 0.906084418296814
659 11.7180 0.2792 cyclist 0.921010434627533
659 14.4877 0.0079 pedestrian 0.9125734269618988
660 11.7180 0.2792 cyclist 0.9202722609043121
660 14.4877 0.0079 pedestrian 0.913285493850708
661 14.4877 0.0079 pedestrian 0.9158558547496796
661 11.9311 0.2956 cyclist 0.9150116145610809
662 14.4877 0.0079 pedestrian 0.9143822491168976
662 11.9311 0.2956 cyclist 0.9113961756229401
663 14.4877 0.0079 pedestrian 0.9100335538387299
663 11.9311 0.2956 cyclist 0.9008081555366516
664 11.9311 0.2956 cyclist 0.9051913321018219
664 14.4877 -0.0079 pedestrian 0.8774925172328949
665 11.9311 0.2956 cyclist 0.912447452545166
665 14.4877 -0.0236 pedestrian 0.892598569393158
666 12.1441 0.2956 cyclist 0.9146437346935272
666 14.4877 -0.0236 pedestrian 0.9030591249465942
667 12.1441 0.2956 cyclist 0.9210023880004883
667 14.4877 -0.0236 pedestrian 0.912671685218811
668 12.1441 0.2956 cyclist 0.9235249757766724
668 14.4877 -0.0236 pedestrian 0.9147116243839264
669 12.1441 0.2956 cyclist 0.9220035076141357
669 14.4877 -0.0236 pedestrian 0.9165781438350677
670 12.1441 0.3121 cyclist 0.9155450165271759
670 14.4877 -0.0236 pedestrian 0.9142701327800751
671 14.4877 -0.0236 pedestrian 0.908722311258316
671 12.1441 0.3121 cyclist 0.902199774980545
672 12.3572 0.3121 cyclist 0.889694333076477
672 14.2747 -0.0551 pedestrian 0.8494247198104858
673 12.3572 0.3121 cyclist 0.9023249447345734
673 14.4877 -0.0551 pedestrian 0.8643467426300049
674 12.3572 0.3121 cyclist 0.9077734053134918
674 14.4877 -0.0551 pedestrian 0.8769399225711823
675 12.3572 0.3121 cyclist 0.9110631048679352
675 14.4877 -0.0551 pedestrian 0.8858357667922974
676 12.3572 0.3121 cyclist 0.9112350642681122
676 14.4877 -0.0551 pedestrian 0.8849474489688873
677 12.3572 0.3121 cyclist 0.906267523765564
677 14.4877 -0.0551 pedestrian 0.8850391805171967
678 12.5702 0.3287 cyclist 0.901183545589447
678 14.4877 -0.0551 pedestrian 0.8795210719108582
679 12.5702 0.3287 cyclist 0.8874880373477936
679 14.4877 -0.0551 pedestrian 0.8699273467063904
680 12.5702 0.3287 cyclist 0.9082313477993011
680 14.4877 -0.0709 pedestrian 0.8502598404884338
681 12.5702 0.3287 cyclist 0.9181384444236755
681 14.4877 -0.0709 pedestrian 0.8631305992603302
682 12.5702 0.3287 cyclist 0.9212281405925751
682 14.4877 -0.0709 pedestrian 0.8703290820121765
683 12.5702 0.3121 cyclist 0.9208481311798096
683 14.4877 -0.0709 pedestrian 0.8741895854473114
684 12.7833 0.3287 cyclist 0.9220434725284576
684 14.7008 -0.0551 pedestrian 0.8769338726997375
685 12.7833 0.3287 cyclist 0.918834000825882
685 14.7008 -0.0551 pedestrian 0.8791630864143372
686 12.7833 0.3287 cyclist 0.9104612171649933
686 14.7008 -0.0551 pedestrian 0.8747142255306244
687 12.7833 0.3121 cyclist 0.8944679498672485
687 14.7008 -0.0551 pedestrian 0.8701183795928955
688 12.9963 0.3121 cyclist 0.8642160296440125
688 14.7008 -0.0709 pedestrian 0.8507876098155975
689 12.9963 0.3121 cyclist 0.8804348409175873
689 14.7008 -0.0709 pedestrian 0.8677684664726257
690 12.9963 0.3121 cyclist 0.8870472311973572
690 14.7008 -0.0709 pedestrian 0.8751014173030853
691 13.2094 0.3121 cyclist 0.8926615118980408
691 14.7008 -0.0709 pedestrian 0.8788309395313263
692 13.2094 0.3121 cyclist 0.898323655128479
692 14.7008 -0.0867 pedestrian 0.8769190311431885
693 13.2094 0.3121 cyclist 0.8970249891281128
693 14.7008 -0.0867 pedestrian 0.8744942843914032
694 13.2094 0.3121 cyclist 0.8882408440113068
694 14.9138 -0.0867 pedestrian 0.8677794337272644
695 13.2094 0.3121 cyclist 0.8707755506038666
695 14.9138 -0.0867 pedestrian 0.858210951089859
696 13.4225 0.2956 cyclist 0.8496621549129486
696 14.9138 -0.1025 pedestrian 0.7810357511043549
697 13.4225 0.2956 cyclist 0.8713578879833221
697 14.9138 -0.1025 pedestrian 0.8055061101913452
698 13.4225 0.2956 cyclist 0.8837397694587708
698 14.9138 -0.1184 pedestrian 0.8231836259365082
699 13.4225 0.2956 cyclist 0.8916484713554382
699 14.9138 -0.1184 pedestrian 0.8353384137153625
700 13.4225 0.2956 cyclist 0.8919435739517212
700 14.9138 -0.1184 pedestrian 0.8391869962215424
701 13.4225 0.2956 cyclist 0.8880178928375244
701 14.9138 -0.1184 pedestrian 0.8370292484760284
702 13.6355 0.2956 cyclist 0.879155695438385
702 15.1269 -0.1184 pedestrian 0.8305127024650574
703 13.6355 0.2956 cyclist 0.8625224232673645
703 15.1269 -0.1184 pedestrian 0.8289045691490173
704 15.1269 -0.1184 pedestrian 0.819657951593399
704 13.6355 0.2792 cyclist 0.721002608537674
705 15.1269 -0.1184 pedestrian 0.8443349599838257
705 13.6355 0.2629 cyclist 0.7712289392948151
706 15.1269 -0.1184 pedestrian 0.8587434589862823
706 13.6355 0.2629 cyclist 0.8097981810569763
707 15.1269 -0.1184 pedestrian 0.865707516670227
707 13.8486 0.2629 cyclist 0.8328958451747894
708 15.1269 -0.1184 pedestrian 0.8629402220249176
708 13.8486 0.2629 cyclist 0.8402225375175476
709 15.3400 -0.1184 pedestrian 0.866244375705719
709 13.8486 0.2629 cyclist 0.856157511472702
710 15.3400 -0.1184 pedestrian 0.8616968393325806
710 13.8486 0.2629 cyclist 0.8604912459850311
711 13.8486 0.2629 cyclist 0.8532504439353943
711 15.3400 -0.1184 pedestrian 0.8502671420574188
712 14.0616 0.2466 cyclist 0.8556616008281708
712 15.3400 -0.1184 pedestrian 0.847626119852066
713 14.0616 0.2466 cyclist 0.8755185604095459
713 15.3400 -0.1184 pedestrian 0.8623443245887756
714 14.0616 0.2466 cyclist 0.8852276504039764
714 15.3400 -0.1184 pedestrian 0.869683712720871
715 14.0616 0.2466 cyclist 0.8940710723400116
715 15.5530 -0.1184 pedestrian 0.8749683201313019
716 14.0616 0.2466 cyclist 0.8952333927154541
716 15.5530 -0.1184 pedestrian 0.8768814206123352
717 14.0616 0.2466 cyclist 0.8935401737689972
717 15.5530 -0.1184 pedestrian 0.8761352002620697
718 14.0616 0.2466 cyclist 0.8844886720180511
718 15.5530 -0.1184 pedestrian 0.8685083091259003
719 14.0616 0.2466 cyclist 0.8656808435916901
719 15.5530 -0.1184 pedestrian 0.8539112508296967
720 14.2747 0.2304 cyclist 0.8834172189235687
720 15.7661 -0.1184 pedestrian 0.8317380249500275
721 14.2747 0.2304 cyclist 0.8911353349685669
721 15.7661 -0.1184 pedestrian 0.8577693998813629
722 14.2747 0.2304 cyclist 0.8924454748630524
722 15.7661 -0.1184 pedestrian 0.8802167773246765
723 14.2747 0.2304 cyclist 0.8959129154682159
723 15.7661 -0.1184 pedestrian 0.8928185105323792
724 14.2747 0.2304 cyclist 0.8953198790550232
724 15.7661 -0.1184 pedestrian 0.8944921791553497
725 15.7661 -0.1184 pedestrian 0.8945540487766266
725 14.2747 0.2304 cyclist 0.8865141272544861
726 15.7661 -0.1184 pedestrian 0.8864233493804932
726 14.2747 0.2304 cyclist 0.8692743182182312
727 15.7661 -0.1184 pedestrian 0.8768463432788849
727 14.2747 0.2304 cyclist 0.844059556722641
728 15.9791 -0.1343 pedestrian 0.8674106001853943
728 14.2747 0.2142 cyclist 0.8047196567058563
729 15.9791 -0.1343 pedestrian 0.8877402544021606
729 14.2747 0.2142 cyclist 0.8057481050491333
730 15.9791 -0.1343 pedestrian 0.9001957178115845
730 14.2747 0.2142 cyclist 0.796699732542038
731 15.9791 -0.1343 pedestrian 0.907598227262497
731 14.2747 0.2142 cyclist 0.7762762606143951
732 15.9791 -0.1343 pedestrian 0.9053205847740173
732 14.2747 0.2142 cyclist 0.7556975781917572
733 15.9791 -0.1343 pedestrian 0.9029906988143921
733 14.2747 0.2142 cyclist 0.7099064886569977
734 15.9791 -0.1343 pedestrian 0.8958349823951721
734 14.2747 0.1981 cyclist 0.6581016182899475
735 16.1922 -0.1343 pedestrian 0.891085296869278
735 14.2747 0.1981 cyclist 0.622501865029335
736 14.2747 0.1661 cyclist 0.8776504993438721
736 16.1922 -0.1343 pedestrian 0.8474273085594177
737 14.2747 0.1661 cyclist 0.8925736546516418
737 16.1922 -0.1343 pedestrian 0.8589481115341187
738 14.2747 0.1661 cyclist 0.9018054008483887
738 16.1922 -0.1343 pedestrian 0.865328311920166
739 14.2747 0.1661 cyclist 0.9071325361728668
739 16.1922 -0.1343 pedestrian 0.8684631586074829
740 14.2747 0.1661 cyclist 0.9070096909999847
740 16.4052 -0.1184 pedestrian 0.8691540956497192
741 14.2747 0.1661 cyclist 0.9028101563453674
741 16.4052 -0.1184 pedestrian 0.8705386221408844
742 14.2747 0.1661 cyclist 0.8959583938121796
742 16.4052 -0.1184 pedestrian 0.8667482137680054
743 14.2747 0.1661 cyclist 0.8829886317253113
743 16.4052 -0.1184 pedestrian 0.8557847142219543
744 14.2747 0.1502 cyclist 0.8776505291461945
744 16.6183 -0.1184 pedestrian 0.7977891862392426
745 14.2747 0.1343 cyclist 0.8863426744937897
745 16.6183 -0.1184 pedestrian 0.8216032683849335
746 14.2747 0.1343 cyclist 0.8920722007751465
746 16.6183 -0.1184 pedestrian 0.834301084280014
747 14.2747 0.1343 cyclist 0.8968768417835236
747 16.6183 -0.1184 pedestrian 0.8383951187133789
748 14.2747 0.1343 cyclist 0.8980880081653595
748 16.6183 -0.1184 pedestrian 0.8353355824947357
749 14.2747 0.1343 cyclist 0.8944045603275299
749 16.6183 -0.1184 pedestrian 0.8319008350372314
750 14.2747 0.1343 cyclist 0.8888887166976929
750 16.6183 -0.1184 pedestrian 0.8183822333812714
751 14.2747 0.1184 cyclist 0.8770076930522919
751 16.6183 -0.1184 pedestrian 0.7906580865383148
752 14.2747 0.1025 cyclist 0.8573956489562988
752 16.8313 -0.1184 pedestrian 0.7944918274879456
753 14.2747 0.0867 cyclist 0.8753092885017395
753 16.8313 -0.1184 pedestrian 0.823912113904953
754 14.2747 0.0867 cyclist 0.8864859938621521
754 16.8313 -0.1184 pedestrian 0.8397622108459473
755 14.2747 0.0867 cyclist 0.89353808760643
755 16.8313 -0.1184 pedestrian 0.8482367992401123
756 14.2747 0.0867 cyclist 0.8956078290939331
756 17.0444 -0.1184 pedestrian 0.8508732616901398
757 14.2747 0.0867 cyclist 0.891159176826477
757 17.0444 -0.1184 pedestrian 0.859186053276062
758 14.2747 0.0867 cyclist 0.882328450679779
758 17.0444 -0.1184 pedestrian 0.8591130077838898
759 14.2747 0.0867 cyclist 0.8668068945407867
759 17.0444 -0.1184 pedestrian 0.8477256596088409
760 17.0444 -0.1184 pedestrian 0.7643920183181763
760 14.2747 0.0867 cyclist 0.7512790560722351
761 17.0444 -0.1184 pedestrian 0.7924441695213318
761 14.2747 0.0867 cyclist 0.774449348449707
762 17.0444 -0.1184 pedestrian 0.8056637644767761
762 14.2747 0.0867 cyclist 0.7978609800338745
763 14.2747 0.1025 cyclist 0.8146200180053711
763 17.0444 -0.1184 pedestrian 0.8074312508106232
764 14.2747 0.1025 cyclist 0.8246215879917145
764 17.0444 -0.1184 pedestrian 0.7996551096439362
765 14.2747 0.1025 cyclist 0.8331356346607208
765 17.0444 -0.1184 pedestrian 0.7940043807029724
766 14.2747 0.1025 cyclist 0.8339670300483704
766 17.2574 -0.1184 pedestrian 0.7808678150177002
767 14.2747 0.0867 cyclist 0.8211777806282043
767 17.2574 -0.1184 pedestrian 0.760684460401535
768 17.4705 -0.1025 pedestrian 0.7868909537792206
768 14.2747 0.0867 cyclist 0.7867186665534973
769 17.4705 -0.1025 pedestrian 0.8221373558044434
769 14.2747 0.0867 cyclist 0.7969713807106018
770 17.4705 -0.1025 pedestrian 0.8488685190677643
770 14.2747 0.0867 cyclist 0.7965911626815796
771 17.4705 -0.1025 pedestrian 0.8665829002857208
771 14.2747 0.0867 cyclist 0.7829927206039429
772 17.4705 -0.1025 pedestrian 0.8705163598060608
772 14.2747 0.0867 cyclist 0.7741558253765106
773 17.4705 -0.1025 pedestrian 0.8730364441871643
773 14.2747 0.0867 cyclist 0.7656653523445129
774 17.4705 -0.1025 pedestrian 0.8681720495223999
774 14.2747 0.0867 cyclist 0.7487464547157288
775 17.4705 -0.1025 pedestrian 0.8551612794399261
775 14.2747 0.0867 cyclist 0.7253861427307129
776 17.6836 -0.0867 pedestrian 0.7744359374046326
776 14.2747 0.0709 cyclist 0.7124321162700653
777 17.6836 -0.0867 pedestrian 0.8066153824329376
777 14.2747 0.0709 cyclist 0.7229130566120148
778 17.6836 -0.0867 pedestrian 0.8207649290561676
778 14.2747 0.0709 cyclist 0.7290225327014923
779 17.6836 -0.0867 pedestrian 0.8323405086994171
779 14.2747 0.0709 cyclist 0.7350218594074249
780 17.6836 -0.0867 pedestrian 0.8404524326324463
780 14.2747 0.0551 cyclist 0.7376885414123535
781 17.6836 -0.0867 pedestrian 0.8499461114406586
781 14.2747 0.0551 cyclist 0.7392053306102753
782 17.6836 -0.0867 pedestrian 0.850084125995636
782 14.2747 0.0551 cyclist 0.7224060297012329
783 17.6836 -0.0867 pedestrian 0.8464265167713165
783 14.2747 0.0394 cyclist 0.6914301514625549
784 17.6836 -0.0867 pedestrian 0.7978509962558746
784 14.2747 0.0236 cyclist 0.7067859470844269
785 17.8966 -0.0867 pedestrian 0.8284018635749817
785 14.2747 0.0236 cyclist 0.7235680520534515
786 17.8966 -0.0867 pedestrian 0.8426374197006226
786 14.2747 0.0236 cyclist 0.7334386110305786
787 17.8966 -0.0867 pedestrian 0.8475584089756012
787 14.2747 0.0236 cyclist 0.7330613434314728
788 17.8966 -0.0867 pedestrian 0.8480451107025146
788 14.2747 0.0236 cyclist 0.7265141606330872
789 17.8966 -0.0867 pedestrian 0.8513254821300507
789 14.2747 0.0236 cyclist 0.7074813544750214
790 17.8966 -0.0867 pedestrian 0.8495075702667236
790 14.2747 0.0079 cyclist 0.6817822158336639
791 17.8966 -0.0867 pedestrian 0.841760516166687
791 14.2747 0.0079 cyclist 0.6569571793079376
792 14.4877 -0.0236 cyclist 0.8093433976173401
792 17.8966 -0.0867 pedestrian 0.6874352097511292
793 14.4877 -0.0236 cyclist 0.8226063549518585
793 17.8966 -0.0867 pedestrian 0.7147645950317383
794 14.4877 -0.0236 cyclist 0.8288233578205109
794 17.8966 -0.0867 pedestrian 0.7164587080478668
795 14.4877 -0.0394 cyclist 0.8299902677536011
795 17.8966 -0.0867 pedestrian 0.705393522977829
796 14.4877 -0.0394 cyclist 0.828188955783844
796 17.8966 -0.0867 pedestrian 0.7040780186653137
797 14.4877 -0.0394 cyclist 0.8201391994953156
797 17.8966 -0.0867 pedestrian 0.7053084373474121
798 14.4877 -0.0394 cyclist 0.8048030138015747
798 17.8966 -0.0867 pedestrian 0.6896319687366486
799 14.4877 -0.0394 cyclist 0.787241667509079
799 18.1097 -0.0867 pedestrian 0.6627501845359802
800 14.4877 -0.0394 cyclist 0.8344613909721375
800 18.1097 -0.1025 pedestrian 0.4220685213804245
801 14.4877 -0.0394 cyclist 0.8464533090591431
801 18.1097 -0.1025 pedestrian 0.45767471194267273
802 14.4877 -0.0394 cyclist 0.8537099063396454
802 18.3227 -0.1025 pedestrian 0.47873252630233765
803 14.4877 -0.0394 cyclist 0.8562173247337341
803 18.3227 -0.1025 pedestrian 0.4783696085214615
804 14.4877 -0.0394 cyclist 0.8544552326202393
804 18.3227 -0.1025 pedestrian 0.4777214676141739
805 14.4877 -0.0394 cyclist 0.8489211797714233
805 18.3227 -0.1025 pedestrian 0.48342835903167725
806 14.4877 -0.0394 cyclist 0.8456344306468964
806 18.3227 -0.1025 pedestrian 0.4665629714727402
807 14.4877 -0.0394 cyclist 0.8382712304592133
807 18.3227 -0.1025 pedestrian 0.4054241478443146
808 14.4877 -0.0551 cyclist 0.7506105899810791
809 14.4877 -0.0709 cyclist 0.7722679972648621
809 18.3227 -0.0551 pedestrian 0.4493129104375839
810 14.4877 -0.0709 cyclist 0.7886550724506378
810 18.3227 -0.0551 pedestrian 0.49384987354278564
811 14.4877 -0.0551 cyclist 0.8016887009143829
811 18.3227 -0.0551 pedestrian 0.5050374120473862
812 14.4877 -0.0709 cyclist 0.8095696270465851
812 18.3227 -0.0551 pedestrian 0.5126920640468597
813 14.4877 -0.0867 cyclist 0.8148187696933746
813 18.3227 -0.0551 pedestrian 0.5343534052371979
814 14.4877 -0.0867 cyclist 0.8243063688278198
814 18.3227 -0.0551 pedestrian 0.5340342223644257
815 14.4877 -0.0867 cyclist 0.8213460743427277
815 18.5358 -0.0551 pedestrian 0.5082269608974457
816 14.4877 -0.1184 cyclist 0.7998258173465729
816 18.5358 -0.0394 pedestrian 0.7354309260845184
817 14.4877 -0.1184 cyclist 0.8242391049861908
817 18.5358 -0.0394 pedestrian 0.7819049656391144
818 14.4877 -0.1184 cyclist 0.8408284783363342
818 18.5358 -0.0394 pedestrian 0.8032488524913788
819 14.4877 -0.1184 cyclist 0.8459161520004272
819 18.5358 -0.0394 pedestrian 0.8160815536975861
820 14.4877 -0.1184 cyclist 0.8462706804275513
820 18.5358 -0.0394 pedestrian 0.8178296685218811
821 14.4877 -0.1184 cyclist 0.8482373058795929
821 18.5358 -0.0394 pedestrian 0.8269412219524384
822 14.4877 -0.1184 cyclist 0.8466988503932953
822 18.5358 -0.0394 pedestrian 0.8314100503921509
823 14.4877 -0.1184 cyclist 0.8387283980846405
823 18.5358 -0.0394 pedestrian 0.8251068890094757
824 14.4877 -0.1184 cyclist 0.8770695924758911
824 18.5358 -0.0394 pedestrian 0.8011453449726105
825 14.4877 -0.1184 cyclist 0.8943229019641876
825 18.5358 -0.0394 pedestrian 0.8282518982887268
826 14.4877 -0.1184 cyclist 0.9048605561256409
826 18.5358 -0.0394 pedestrian 0.8366628289222717
827 14.4877 -0.1184 cyclist 0.905475527048111
827 18.5358 -0.0394 pedestrian 0.8405963480472565
828 14.4877 -0.1184 cyclist 0.903670459985733
828 18.5358 -0.0394 pedestrian 0.8372803926467896
829 14.4877 -0.1184 cyclist 0.9007746279239655
829 18.5358 -0.0394 pedestrian 0.8370478749275208
830 14.4877 -0.1184 cyclist 0.8999477922916412
830 18.5358 -0.0394 pedestrian 0.8299658596515656
831 14.4877 -0.1184 cyclist 0.8943329453468323
831 18.5358 -0.0394 pedestrian 0.8052610158920288
832 14.4877 -0.1502 cyclist 0.89492067694664
832 18.5358 -0.0394 pedestrian 0.8144778907299042
833 14.4877 -0.1502 cyclist 0.909967839717865
833 18.5358 -0.0236 pedestrian 0.8429102003574371
834 14.4877 -0.1502 cyclist 0.9176020324230194
834 18.5358 -0.0236 pedestrian 0.8507749438285828
835 14.4877 -0.1502 cyclist 0.9154021441936493
835 18.5358 -0.0236 pedestrian 0.8529184460639954
836 14.4877 -0.1502 cyclist 0.9111801087856293
836 18.5358 -0.0236 pedestrian 0.8506876528263092
837 14.4877 -0.1502 cyclist 0.9049882590770721
837 18.5358 -0.0236 pedestrian 0.849358081817627
838 14.4877 -0.1502 cyclist 0.901281088590622
838 18.5358 -0.0236 pedestrian 0.8430899679660797
839 14.4877 -0.1502 cyclist 0.8902557194232941
839 18.5358 -0.0236 pedestrian 0.8234655261039734
840 14.4877 -0.1502 cyclist 0.867293506860733
840 18.5358 -0.0079 pedestrian 0.8201168179512024
841 14.4877 -0.1502 cyclist 0.8801694810390472
841 18.5358 -0.0079 pedestrian 0.8427258431911469
842 14.4877 -0.1502 cyclist 0.8862867653369904
842 18.5358 -0.0079 pedestrian 0.8504658043384552
843 14.4877 -0.1502 cyclist 0.8834260702133179
843 18.5358 -0.0079 pedestrian 0.8535716235637665
844 14.4877 -0.1502 cyclist 0.8788175880908966
844 18.5358 -0.0079 pedestrian 0.8499219119548798
845 14.4877 -0.1502 cyclist 0.8748404681682587
845 18.5358 -0.0079 pedestrian 0.8507148325443268
846 14.4877 -0.1661 cyclist 0.873992383480072
846 18.5358 -0.0079 pedestrian 0.8476519882678986
847 14.4877 -0.1661 cyclist 0.8685010969638824
847 18.5358 -0.0079 pedestrian 0.8361555933952332
848 14.4877 -0.1821 cyclist 0.8871208131313324
848 18.5358 -0.0079 pedestrian 0.8349022269248962
849 14.4877 -0.1821 cyclist 0.8945057392120361
849 18.5358 -0.0079 pedestrian 0.8510525822639465
850 14.4877 -0.1821 cyclist 0.8955299258232117
850 18.5358 -0.0079 pedestrian 0.8547026216983795
851 14.4877 -0.1821 cyclist 0.8960243165493011
851 18.5358 -0.0079 pedestrian 0.8575665354728699
852 14.4877 -0.1821 cyclist 0.8933872878551483
852 18.5358 -0.0079 pedestrian 0.852213978767395
853 14.4877 -0.1821 cyclist 0.8876658082008362
853 18.5358 -0.0236 pedestrian 0.8470712006092072
854 14.4877 -0.1821 cyclist 0.8813150823116302
854 18.5358 -0.0236 pedestrian 0.8360790312290192
855 14.4877 -0.1821 cyclist 0.8669750690460205
855 18.5358 -0.0079 pedestrian 0.8114221394062042
856 18.5358 0.0079 pedestrian 0.7715838849544525
856 14.2747 -0.1981 cyclist 0.7208250164985657
857 18.5358 0.0079 pedestrian 0.7942046523094177
857 14.2747 -0.1981 cyclist 0.7241483330726624
858 18.5358 0.0079 pedestrian 0.7964654564857483
858 14.2747 -0.2142 cyclist 0.72614586353302
859 18.5358 0.0079 pedestrian 0.7957547008991241
859 14.2747 -0.2142 cyclist 0.7379980385303497
860 18.3227 0.0079 pedestrian 0.7973761260509491
860 14.2747 -0.2142 cyclist 0.7431885898113251
861 18.3227 0.0079 pedestrian 0.8118783235549927
861 14.2747 -0.2142 cyclist 0.7451940178871155
862 18.3227 0.0079 pedestrian 0.8169138133525848
862 14.2747 -0.2142 cyclist 0.7344483137130737
863 18.3227 0.0079 pedestrian 0.804101288318634
863 14.2747 -0.2142 cyclist 0.712732344865799
864 18.3227 0.0079 pedestrian 0.7568163573741913
864 14.0616 -0.2466 cyclist 0.6286911964416504
865 18.3227 0.0079 pedestrian 0.7938811480998993
865 14.0616 -0.2466 cyclist 0.654162585735321
866 18.3227 0.0236 pedestrian 0.8101125657558441
866 14.0616 -0.2466 cyclist 0.6704404354095459
867 18.3227 0.0236 pedestrian 0.8173362016677856
867 14.0616 -0.2466 cyclist 0.6758269965648651
868 18.3227 0.0236 pedestrian 0.8208979666233063
868 14.0616 -0.2466 cyclist 0.6774061024188995
869 18.3227 0.0236 pedestrian 0.833808034658432
869 14.0616 -0.2466 cyclist 0.6684266179800034
870 18.3227 0.0236 pedestrian 0.839063972234726
870 14.0616 -0.2466 cyclist 0.6411083489656448
871 18.3227 0.0236 pedestrian 0.8339085280895233
871 14.0616 -0.2466 cyclist 0.619940459728241
872 14.0616 -0.2629 cyclist 0.8645444512367249
872 18.1097 0.0394 pedestrian 0.7783387899398804
873 14.0616 -0.2629 cyclist 0.879056304693222
873 18.1097 0.0394 pedestrian 0.8210928440093994
874 14.0616 -0.2629 cyclist 0.8864462077617645
874 18.1097 0.0394 pedestrian 0.8363210558891296
875 13.8486 -0.2629 cyclist 0.8937583267688751
875 18.1097 0.0394 pedestrian 0.8408991992473602
876 13.8486 -0.2629 cyclist 0.8940309286117554
876 18.1097 0.0394 pedestrian 0.8395216763019562
877 13.8486 -0.2629 cyclist 0.890502542257309
877 18.1097 0.0394 pedestrian 0.840810090303421
878 13.8486 -0.2629 cyclist 0.8818704187870026
878 18.1097 0.0394 pedestrian 0.8336764276027679
879 13.8486 -0.2629 cyclist 0.8702418804168701
879 18.1097 0.0394 pedestrian 0.8053164780139923
880 13.8486 -0.2629 cyclist 0.8680979907512665
880 17.8966 0.0394 pedestrian 0.8173863291740417
881 13.8486 -0.2629 cyclist 0.8783489465713501
881 17.8966 0.0394 pedestrian 0.8387854695320129
882 13.6355 -0.2629 cyclist 0.8826737999916077
882 17.8966 0.0394 pedestrian 0.8506524562835693
883 13.6355 -0.2629 cyclist 0.8865587115287781
883 17.8966 0.0394 pedestrian 0.8594464957714081
884 13.6355 -0.2629 cyclist 0.8855208456516266
884 17.8966 0.0394 pedestrian 0.8614371716976166
885 13.6355 -0.2629 cyclist 0.8761340081691742
885 17.8966 0.0394 pedestrian 0.8666379749774933
886 17.8966 0.0236 pedestrian 0.867879182100296
886 13.6355 -0.2629 cyclist 0.8636709153652191
887 17.8966 0.0236 pedestrian 0.8609068393707275
887 13.6355 -0.2629 cyclist 0.8459137678146362
888 17.8966 0.0236 pedestrian 0.9123482704162598
888 13.6355 -0.2629 cyclist 0.87103271484375
889 17.8966 0.0236 pedestrian 0.918329119682312
889 13.6355 -0.2629 cyclist 0.8653931617736816
890 17.8966 0.0236 pedestrian 0.9229146838188171
890 13.4225 -0.2792 cyclist 0.8588634133338928
891 17.8966 0.0236 pedestrian 0.9210238456726074
891 13.4225 -0.2629 cyclist 0.8623496294021606
892 17.8966 0.0236 pedestrian 0.9091726541519165
892 13.4225 -0.2629 cyclist 0.852556586265564
893 17.8966 0.0236 pedestrian 0.8994154930114746
893 13.4225 -0.2629 cyclist 0.8479544520378113
894 17.8966 0.0236 pedestrian 0.8898725509643555
894 13.4225 -0.2629 cyclist 0.8289183974266052
895 17.8966 0.0236 pedestrian 0.8768454790115356
895 13.2094 -0.2792 cyclist 0.8017717003822327
