0 16.1922 -0.3791 cyclist 0.8142054677009583
1 16.1922 -0.3791 cyclist 0.8528696894645691
2 16.1922 -0.3791 cyclist 0.8710078597068787
3 16.1922 -0.3791 cyclist 0.8773382306098938
4 16.4052 -0.3791 cyclist 0.8868110179901123
5 16.4052 -0.3791 cyclist 0.898485004901886
6 16.4052 -0.3622 cyclist 0.9058367609977722
7 16.4052 -0.3622 cyclist 0.9099170565605164
8 16.4052 -0.3622 cyclist 0.8776286244392395
9 16.4052 -0.3622 cyclist 0.885695070028305
10 16.6183 -0.3622 cyclist 0.8916041254997253
11 16.6183 -0.3622 cyclist 0.8995108604431152
12 16.6183 -0.3622 cyclist 0.9039415717124939
13 16.6183 -0.3454 cyclist 0.9041878283023834
14 16.6183 -0.3454 cyclist 0.9017152488231659
15 16.6183 -0.3454 cyclist 0.892265111207962
16 16.6183 -0.3454 cyclist 0.862408310174942
17 16.8313 -0.3454 cyclist 0.8776069283485413
18 16.8313 -0.3454 cyclist 0.8847889006137848
19 16.8313 -0.3454 cyclist 0.8931419253349304
20 16.8313 -0.3454 cyclist 0.8963706791400909
21 16.8313 -0.3454 cyclist 0.8936134874820709
22 16.8313 -0.3287 cyclist 0.8871894478797913
23 16.8313 -0.3287 cyclist 0.875249445438385
24 16.8313 -0.3287 cyclist 0.8527508080005646
25 16.8313 -0.3287 cyclist 0.8683279156684875
26 16.8313 -0.3287 cyclist 0.8752123415470123
27 17.0444 -0.3121 cyclist 0.88312628865242
28 17.0444 -0.3121 cyclist 0.8903768956661224
29 17.0444 -0.3121 cyclist 0.8898636996746063
30 17.0444 -0.3121 cyclist 0.883648008108139
31 17.0444 -0.3121 cyclist 0.869397908449173
32 17.0444 -0.3121 cyclist 0.882493644952774
33 17.0444 -0.3121 cyclist 0.8949238061904907
34 17.0444 -0.3121 cyclist 0.8995532691478729
35 17.0444 -0.3121 cyclist 0.9024588465690613
36 17.2574 -0.3121 cyclist 0.9019801318645477
37 17.2574 -0.3121 cyclist 0.8969258666038513
38 17.2574 -0.3121 cyclist 0.8845174908638
39 17.2574 -0.3121 cyclist 0.8651753962039948
40 17.2574 -0.3121 cyclist 0.8553253412246704
41 17.2574 -0.3121 cyclist 0.8630009889602661
42 17.2574 -0.3121 cyclist 0.8626386821269989
43 17.2574 -0.3121 cyclist 0.867204487323761
44 17.2574 -0.3121 cyclist 0.8704751133918762
45 17.2574 -0.3287 cyclist 0.8683184683322906
46 17.2574 -0.3287 cyclist 0.8613221347332001
47 17.2574 -0.3287 cyclist 0.8469978272914886
48 17.2574 -0.3121 cyclist 0.7783248722553253
49 17.2574 -0.3121 cyclist 0.7967678606510162
50 17.2574 -0.3121 cyclist 0.8015437126159668
51 17.2574 -0.3121 cyclist 0.8062084913253784
52 17.2574 -0.3121 cyclist 0.8071191012859344
53 17.4705 -0.2792 cyclist 0.8048475682735443
54 17.4705 -0.2792 cyclist 0.7959996163845062
55 17.4705 -0.2792 cyclist 0.7791328132152557
56 17.6836 -0.2792 cyclist 0.7331289052963257
57 17.6836 -0.2629 cyclist 0.7641222178936005
58 17.8966 -0.2466 cyclist 0.7810112535953522
59 17.8966 -0.2466 cyclist 0.7961491346359253
60 17.8966 -0.2466 cyclist 0.8069882690906525
61 17.8966 -0.2466 cyclist 0.8078669011592865
62 17.8966 -0.2466 cyclist 0.7975456714630127
63 17.8966 -0.2466 cyclist 0.7787661850452423
64 17.6836 -0.2792 cyclist 0.46111366897821426
65 17.6836 -0.2792 cyclist 0.46562033146619797
66 17.6836 -0.2792 cyclist 0.46882476657629013
67 17.8966 -0.2629 cyclist 0.47320958971977234
68 17.8966 -0.2466 cyclist 0.4706621393561363
69 18.1097 -0.2466 cyclist 0.49121955782175064
70 18.1097 -0.2466 cyclist 0.4968709796667099
71 18.3227 -0.2466 cyclist 0.4986468255519867
77 18.5358 -0.2142 cyclist 0.41918694972991943
78 18.3227 -0.2466 cyclist 0.42385338246822357
79 18.3227 -0.2466 cyclist 0.4219602793455124
83 17.8966 -0.3121 cyclist 0.40472953766584396
84 17.8966 -0.3454 cyclist 0.410407230257988
85 17.8966 -0.3454 cyclist 0.4326322674751282
86 17.8966 -0.3454 cyclist 0.4328753501176834
87 17.8966 -0.3454 cyclist 0.41340288519859314
95 18.7488 -0.2792 pedestrian 0.4068605452775955
104 24.2883 -0.1025 car 0.5261416733264923
105 24.2883 -0.1025 car 0.5969752669334412
106 24.0752 -0.1025 car 0.6539515852928162
107 23.8621 -0.1025 car 0.6779485046863556
108 23.6491 -0.1025 car 0.6552250683307648
109 23.4360 -0.1184 car 0.6278583109378815
110 23.2230 -0.1025 car 0.5930409133434296
111 22.7969 -0.1661 car 0.5762938857078552
112 22.1577 -0.1025 car 0.674157977104187
113 21.7316 -0.1184 car 0.7159771919250488
114 21.3055 -0.1184 car 0.7370505630970001
115 21.3055 -0.1343 car 0.7471653521060944
116 20.8794 -0.1661 car 0.7332641184329987
117 20.8794 -0.1661 car 0.7190856039524078
118 20.4533 -0.1661 car 0.7086836695671082
119 20.2402 -0.1661 car 0.6922798156738281
120 19.8141 -0.1343 car 0.8185156881809235
121 19.6010 -0.1343 car 0.8422800302505493
122 19.6010 -0.1343 car 0.8522830605506897
123 19.3880 -0.1661 car 0.8536211252212524
124 19.3880 -0.1502 car 0.84685879945755
125 19.3880 -0.1502 car 0.8274107873439789
126 19.1749 -0.1661 car 0.8011815845966339
127 19.1749 -0.1661 car 0.7667237520217896
128 18.3227 -0.1502 car 0.7600958943367004
129 18.1097 -0.1502 car 0.7663665413856506
130 17.6836 -0.1502 car 0.7606464922428131
131 17.4705 -0.1502 car 0.7581515610218048
132 17.4705 -0.1661 car 0.7430188655853271
133 17.2574 -0.1502 car 0.7255802750587463
134 17.0444 -0.1502 car 0.6946887671947479
135 16.8313 -0.1661 car 0.6611100435256958
136 16.1922 -0.1661 car 0.7327070236206055
137 15.9791 -0.1661 car 0.7546601295471191
138 15.7661 -0.1661 car 0.7755818367004395
139 15.5530 -0.1821 car 0.7865496575832367
140 15.3400 -0.1981 car 0.7844266593456268
141 15.1269 -0.1981 car 0.7598270177841187
142 14.9138 -0.1981 car 0.7294548749923706
143 14.9138 -0.1981 car 0.7002528607845306
144 14.0616 -0.2142 car 0.8209077715873718
144 19.3880 -0.2466 pedestrian 0.6503419876098633
145 13.8486 -0.2304 car 0.8410163521766663
145 19.3880 -0.2466 pedestrian 0.7070678472518921
146 13.6355 -0.2304 car 0.8561974167823792
146 19.3880 -0.2466 pedestrian 0.7328852415084839
147 13.6355 -0.2304 car 0.8655674755573273
147 19.3880 -0.2466 pedestrian 0.7437373101711273
148 13.4225 -0.2304 car 0.8556459546089172
148 19.3880 -0.2466 pedestrian 0.7430508732795715
149 13.4225 -0.2304 car 0.8372423052787781
149 19.3880 -0.2466 pedestrian 0.7385146915912628
150 13.2094 -0.2466 car 0.8177988827228546
150 19.3880 -0.2466 pedestrian 0.7228191792964935
151 12.9963 -0.2466 car 0.7973343133926392
151 19.3880 -0.2466 pedestrian 0.6972751021385193
152 12.5702 -0.2629 car 0.83000448346138
152 19.3880 -0.2304 pedestrian 0.5160392001271248
153 12.3572 -0.2956 car 0.8243708610534668
153 19.3880 -0.2304 pedestrian 0.524088941514492
154 11.9311 -0.2956 car 0.8181999921798706
154 19.3880 -0.2304 pedestrian 0.5235745310783386
155 11.7180 -0.2956 car 0.8166466355323792
155 19.3880 -0.2466 pedestrian 0.5141722336411476
156 11.5050 -0.2956 car 0.8090874552726746
156 19.3880 -0.2466 pedestrian 0.494103342294693
157 11.2919 -0.3121 car 0.7962649166584015
157 19.3880 -0.2466 pedestrian 0.464326448738575
158 11.2919 -0.3121 car 0.7912721633911133
158 19.6010 -0.2304 pedestrian 0.4187144339084625
159 11.0789 -0.3121 car 0.7845402359962463
160 10.6527 -0.3622 car 0.8863222897052765
161 10.4397 -0.3622 car 0.8954907059669495
162 10.4397 -0.3622 car 0.896264523267746
163 10.2266 -0.3622 car 0.8965847194194794
164 10.2266 -0.3791 car 0.8888459503650665
165 10.0136 -0.3791 car 0.8756492435932159
166 10.0136 -0.3791 car 0.8631853461265564
167 10.0136 -0.3791 car 0.8426408469676971
168 9.1614 -0.4305 car 0.8620031476020813
169 9.1614 -0.4305 car 0.8694387972354889
170 8.9483 -0.4305 car 0.8688386678695679
171 8.9483 -0.4654 car 0.8694735169410706
172 8.9483 -0.4654 car 0.8659518361091614
173 8.9483 -0.4654 car 0.8529163300991058
174 8.7352 -0.4831 car 0.8418732583522797
175 8.7352 -0.4831 car 0.82536181807518
176 7.8830 -0.6514 car 0.836867481470108
176 21.9447 -0.1981 cyclist 0.6206522583961487
176 20.2402 -0.2304 pedestrian 0.5261727869510651
177 7.8830 -0.6514 car 0.8570478856563568
177 21.9447 -0.1981 cyclist 0.6760595142841339
177 20.2402 -0.2304 pedestrian 0.6138166189193726
178 7.8830 -0.6514 car 0.867842048406601
178 22.1577 -0.2142 cyclist 0.7181965708732605
178 20.2402 -0.2304 pedestrian 0.6961687207221985
179 7.8830 -0.6514 car 0.8738341927528381
179 20.2402 -0.2304 pedestrian 0.7439939081668854
179 22.1577 -0.2142 cyclist 0.7380818128585815
180 7.8830 -0.6514 car 0.8735091984272003
180 20.2402 -0.2629 pedestrian 0.7665948271751404
180 22.1577 -0.2304 cyclist 0.7408930361270905
181 7.8830 -0.6514 car 0.8682178854942322
181 20.2402 -0.2466 pedestrian 0.7793773412704468
181 22.1577 -0.2304 cyclist 0.7303422093391418
182 7.6700 -0.6714 car 0.8654396235942841
182 20.2402 -0.2466 pedestrian 0.7837525010108948
182 22.1577 -0.2304 cyclist 0.703167587518692
183 7.6700 -0.6916 car 0.863251268863678
183 20.2402 -0.2466 pedestrian 0.7858425378799438
183 22.1577 -0.2304 cyclist 0.665040910243988
184 7.6700 -0.7333 car 0.8286481499671936
184 20.2402 -0.2304 pedestrian 0.8284146785736084
185 20.2402 -0.2304 pedestrian 0.8582321107387543
185 7.6700 -0.7333 car 0.8411190509796143
186 20.2402 -0.2304 pedestrian 0.8699573576450348
186 7.6700 -0.7333 car 0.8436209559440613
187 20.2402 -0.2304 pedestrian 0.8748570382595062
187 7.6700 -0.7765 car 0.8470939993858337
188 20.2402 -0.2304 pedestrian 0.8760649263858795
188 7.6700 -0.7765 car 0.8451445698738098
189 20.2402 -0.2304 pedestrian 0.876654326915741
189 7.6700 -0.7765 car 0.839528888463974
190 20.2402 -0.2304 pedestrian 0.8720603287220001
190 7.6700 -0.7988 car 0.8337177932262421
191 20.2402 -0.2304 pedestrian 0.8613819479942322
191 7.6700 -0.7988 car 0.8274054825305939
192 7.4569 -0.8691 car 0.8215283155441284
192 20.4533 -0.2142 pedestrian 0.7967443764209747
192 7.4569 0.1981 pedestrian 0.4661187678575516
193 20.4533 -0.2142 pedestrian 0.8297272026538849
193 7.4569 -0.8691 car 0.8230876922607422
193 7.4569 0.1981 pedestrian 0.5223264992237091
194 20.4533 -0.2142 pedestrian 0.8430136144161224
194 7.4569 -0.8939 car 0.8124578595161438
194 7.4569 0.1981 pedestrian 0.5504752993583679
195 20.4533 -0.2142 pedestrian 0.8452308177947998
195 7.4569 -0.8939 car 0.7933068573474884
195 7.4569 0.1981 pedestrian 0.5615216940641403
196 20.4533 -0.2142 pedestrian 0.8421855270862579
196 7.4569 -0.8939 car 0.7651878297328949
196 7.4569 0.1981 pedestrian 0.550579234957695
197 20.6663 -0.2142 pedestrian 0.846746027469635
197 7.4569 -0.8939 car 0.7139737904071808
197 7.4569 0.1981 pedestrian 0.535144105553627
198 20.6663 -0.2142 pedestrian 0.8497145175933838
198 7.4569 -0.8939 car 0.6281898319721222
198 7.4569 0.1981 pedestrian 0.5006916671991348
199 20.6663 -0.2142 pedestrian 0.8428000807762146
199 7.4569 -0.8691 car 0.5432506650686264
199 7.4569 0.1981 pedestrian 0.45135508477687836
200 20.6663 -0.1821 pedestrian 0.7612209320068359
201 20.6663 -0.1821 pedestrian 0.7978088855743408
202 20.6663 -0.1821 pedestrian 0.8090025782585144
203 20.8794 -0.1821 pedestrian 0.8127245008945465
204 20.8794 -0.1821 pedestrian 0.8195606470108032
205 20.8794 -0.1821 pedestrian 0.8356526494026184
206 20.8794 -0.1821 pedestrian 0.8439761102199554
207 20.8794 -0.1821 pedestrian 0.8425227701663971
208 20.8794 -0.1821 pedestrian 0.8101294338703156
209 20.8794 -0.1821 pedestrian 0.8288126587867737
210 20.8794 -0.1821 pedestrian 0.8301976919174194
211 20.8794 -0.1821 pedestrian 0.8259354829788208
212 20.8794 -0.1821 pedestrian 0.8221344947814941
213 21.0924 -0.1821 pedestrian 0.8305526077747345
214 21.0924 -0.1821 pedestrian 0.8388417065143585
215 21.0924 -0.1821 pedestrian 0.8371733129024506
216 21.0924 -0.1661 pedestrian 0.7719047367572784
217 21.0924 -0.1821 pedestrian 0.8009861409664154
218 21.0924 -0.1821 pedestrian 0.8136500716209412
219 21.3055 -0.1821 pedestrian 0.8190785348415375
220 21.3055 -0.1821 pedestrian 0.8249204456806183
221 21.3055 -0.1821 pedestrian 0.8312509953975677
222 21.3055 -0.1821 pedestrian 0.829023003578186
223 21.3055 -0.1821 pedestrian 0.8218101561069489
224 21.3055 -0.1821 pedestrian 0.8122040629386902
225 21.3055 -0.1821 pedestrian 0.8255586922168732
226 21.3055 -0.1821 pedestrian 0.8286884725093842
227 21.3055 -0.1821 pedestrian 0.8248975276947021
228 21.5185 -0.1821 pedestrian 0.823461651802063
229 21.5185 -0.1821 pedestrian 0.830011397600174
230 21.5185 -0.1821 pedestrian 0.8281218111515045
231 21.5185 -0.1821 pedestrian 0.8200133740901947
232 21.7316 -0.1661 pedestrian 0.7906256020069122
233 21.7316 -0.1661 pedestrian 0.8114475607872009
234 21.7316 -0.1661 pedestrian 0.8202795088291168
235 21.7316 -0.1661 pedestrian 0.8199720978736877
236 21.7316 -0.1661 pedestrian 0.813768059015274
237 21.7316 -0.1661 pedestrian 0.8130772709846497
238 21.7316 -0.1661 pedestrian 0.8062839806079865
239 21.9447 -0.1661 pedestrian 0.8012142479419708
240 21.9447 -0.1821 pedestrian 0.8433604538440704
241 21.9447 -0.1821 pedestrian 0.8607326745986938
242 21.9447 -0.1821 pedestrian 0.8685929775238037
243 21.9447 -0.1821 pedestrian 0.869929850101471
244 21.9447 -0.1821 pedestrian 0.8643507361412048
245 21.9447 -0.1821 pedestrian 0.8635033369064331
246 22.1577 -0.1821 pedestrian 0.8568518161773682
247 22.1577 -0.1821 pedestrian 0.8473464548587799
248 22.1577 -0.1981 pedestrian 0.7905469834804535
249 22.1577 -0.1981 pedestrian 0.8130736649036407
250 22.1577 -0.1981 pedestrian 0.8158005177974701
251 22.1577 -0.1981 pedestrian 0.8098633289337158
252 22.1577 -0.1821 pedestrian 0.8049659729003906
253 22.3708 -0.1981 pedestrian 0.8138102293014526
254 22.3708 -0.1821 pedestrian 0.8236469030380249
255 22.3708 -0.1821 pedestrian 0.8216990232467651
256 22.3708 -0.1661 pedestrian 0.7897390127182007
257 22.3708 -0.1661 pedestrian 0.8069659471511841
258 22.3708 -0.1661 pedestrian 0.8181160390377045
259 22.3708 -0.1661 pedestrian 0.822295606136322
260 22.3708 -0.1502 pedestrian 0.820896565914154
261 22.5838 -0.1661 pedestrian 0.8286083042621613
262 22.5838 -0.1661 pedestrian 0.833881676197052
263 22.5838 -0.1661 pedestrian 0.8353050351142883
264 22.5838 -0.1661 pedestrian 0.7913341224193573
265 22.5838 -0.1661 pedestrian 0.8089567124843597
266 22.5838 -0.1502 pedestrian 0.8130949139595032
267 22.5838 -0.1502 pedestrian 0.8104382157325745
268 22.5838 -0.1502 pedestrian 0.8055691123008728
269 22.7969 -0.1502 pedestrian 0.8141792416572571
270 22.7969 -0.1502 pedestrian 0.8145411014556885
271 22.7969 -0.1502 pedestrian 0.8081600368022919
272 22.7969 -0.1502 pedestrian 0.7996005415916443
273 22.7969 -0.1502 pedestrian 0.8183738589286804
274 23.0099 -0.1502 pedestrian 0.8239472508430481
275 23.0099 -0.1502 pedestrian 0.8248198926448822
276 23.0099 -0.1502 pedestrian 0.8192085921764374
277 23.0099 -0.1502 pedestrian 0.8151220679283142
278 23.0099 -0.1502 pedestrian 0.8071770370006561
279 23.0099 -0.1502 pedestrian 0.78834468126297
280 23.0099 -0.1502 pedestrian 0.7149657607078552
281 23.0099 -0.1502 pedestrian 0.7399061322212219
282 23.0099 -0.1502 pedestrian 0.7384579479694366
283 23.2230 -0.1502 pedestrian 0.7271392643451691
284 23.2230 -0.1502 pedestrian 0.719984769821167
285 23.2230 -0.1502 pedestrian 0.7167505025863647
286 23.2230 -0.1502 pedestrian 0.6984064280986786
287 23.2230 -0.1502 pedestrian 0.6431041359901428
288 23.4360 -0.1502 pedestrian 0.6638897061347961
289 23.4360 -0.1502 pedestrian 0.7084378302097321
290 23.4360 -0.1502 pedestrian 0.7267435789108276
291 23.4360 -0.1502 pedestrian 0.7332781851291656
292 23.4360 -0.1502 pedestrian 0.7360938489437103
293 23.4360 -0.1502 pedestrian 0.7524687945842743
294 23.6491 -0.1502 pedestrian 0.7644822299480438
295 23.6491 -0.1502 pedestrian 0.7623315155506134
296 23.6491 -0.1343 pedestrian 0.8214137554168701
297 23.6491 -0.1343 pedestrian 0.8373375236988068
298 23.6491 -0.1343 pedestrian 0.8415652513504028
299 23.6491 -0.1184 pedestrian 0.8419919312000275
300 23.8621 -0.1184 pedestrian 0.8392725586891174
301 23.8621 -0.1184 pedestrian 0.8414376676082611
302 23.8621 -0.1184 pedestrian 0.8394458591938019
303 23.8621 -0.1184 pedestrian 0.8267171680927277
304 23.8621 -0.1184 pedestrian 0.7780060470104218
305 23.8621 -0.1184 pedestrian 0.7949957251548767
306 24.0752 -0.1184 pedestrian 0.7873730659484863
307 24.0752 -0.1184 pedestrian 0.7755247056484222
308 24.0752 -0.1184 pedestrian 0.7573531866073608
309 24.0752 -0.1184 pedestrian 0.7502837181091309
310 24.0752 -0.1184 pedestrian 0.7321309149265289
311 24.0752 -0.1184 pedestrian 0.6875967383384705
312 24.2883 -0.1502 pedestrian 0.5904230922460556
313 24.2883 -0.1502 pedestrian 0.6134389340877533
314 24.2883 -0.1502 pedestrian 0.6139485836029053
315 24.2883 -0.1502 pedestrian 0.6004203706979752
316 24.2883 -0.1502 pedestrian 0.6029588282108307
317 24.2883 -0.1502 pedestrian 0.6153745055198669
318 24.2883 -0.1502 pedestrian 0.6105607748031616
319 24.2883 -0.1502 pedestrian 0.5864376127719879
328 24.5013 -0.1502 pedestrian 0.4008055180311203
329 24.5013 -0.1502 pedestrian 0.43660682439804077
330 24.5013 -0.1502 pedestrian 0.4362364858388901
331 24.5013 -0.1502 pedestrian 0.425440177321434
332 24.7144 -0.1502 pedestrian 0.4066266566514969
336 24.7144 -0.1502 pedestrian 0.7388003170490265
337 24.7144 -0.1502 pedestrian 0.7576281726360321
338 24.7144 -0.1502 pedestrian 0.7584788501262665
339 24.7144 -0.1502 pedestrian 0.74944207072258
340 24.7144 -0.1502 pedestrian 0.7370833158493042
341 24.7144 -0.1502 pedestrian 0.725973516702652
342 24.7144 -0.1661 pedestrian 0.6987846791744232
343 24.7144 -0.1661 pedestrian 0.647218644618988
344 24.9274 -0.1821 pedestrian 0.7192516326904297
345 24.9274 -0.1821 pedestrian 0.7458573877811432
346 24.9274 -0.1821 pedestrian 0.7546931505203247
347 24.9274 -0.1821 pedestrian 0.7589598596096039
348 24.9274 -0.1821 pedestrian 0.7594642639160156
349 24.9274 -0.1821 pedestrian 0.7727999985218048
350 24.9274 -0.1821 pedestrian 0.7796047925949097
351 24.9274 -0.1981 pedestrian 0.7752178013324738
352 24.9274 -0.2142 pedestrian 0.7748348712921143
353 24.9274 -0.2142 pedestrian 0.7990804016590118
354 24.9274 -0.2142 pedestrian 0.8073836266994476
355 24.9274 -0.2142 pedestrian 0.8132602274417877
356 24.9274 -0.2142 pedestrian 0.8158096671104431
357 24.9274 -0.2142 pedestrian 0.8221410512924194
358 24.9274 -0.2142 pedestrian 0.8226854801177979
359 24.9274 -0.2142 pedestrian 0.8204202651977539
360 24.9274 -0.1981 pedestrian 0.7327587008476257
361 24.9274 -0.2142 pedestrian 0.7612152397632599
362 24.9274 -0.2142 pedestrian 0.7701559066772461
363 24.9274 -0.2142 pedestrian 0.7684530913829803
364 24.9274 -0.2142 pedestrian 0.7626880407333374
365 24.9274 -0.2142 pedestrian 0.7590959668159485
366 24.9274 -0.1981 pedestrian 0.7456716299057007
367 24.9274 -0.1981 pedestrian 0.7252121865749359
368 24.9274 -0.1821 pedestrian 0.6566890478134155
368 15.1269 -0.5010 pedestrian 0.4103492349386215
369 24.7144 -0.1821 pedestrian 0.685771107673645
369 15.1269 -0.5010 pedestrian 0.44184085726737976
370 24.7144 -0.1821 pedestrian 0.6912655234336853
370 15.1269 -0.5010 pedestrian 0.44297249615192413
371 24.7144 -0.1821 pedestrian 0.6889367401599884
371 15.1269 -0.5010 pedestrian 0.43278390169143677
372 24.7144 -0.1821 pedestrian 0.6806752383708954
372 15.1269 -0.5010 pedestrian 0.4061785191297531
373 24.7144 -0.1821 pedestrian 0.6837219893932343
374 24.7144 -0.1821 pedestrian 0.6710962355136871
375 24.7144 -0.1821 pedestrian 0.6283871829509735
376 24.7144 -0.2142 pedestrian 0.7082249522209167
376 15.1269 -0.5010 pedestrian 0.47690318524837494
377 24.7144 -0.2142 pedestrian 0.7394963502883911
377 15.1269 -0.5010 pedestrian 0.4932490736246109
378 24.7144 -0.2142 pedestrian 0.7599568963050842
378 15.1269 -0.5010 pedestrian 0.48627322912216187
379 24.7144 -0.2142 pedestrian 0.769864946603775
379 15.1269 -0.5010 pedestrian 0.47171251475811005
380 24.7144 -0.2142 pedestrian 0.7664349377155304
380 15.1269 -0.5010 pedestrian 0.44246482849121094
381 24.7144 -0.2142 pedestrian 0.7810097634792328
381 15.1269 -0.5010 pedestrian 0.41432133316993713
382 24.7144 -0.2142 pedestrian 0.7889552116394043
383 24.7144 -0.2142 pedestrian 0.7819035649299622
384 24.5013 -0.2142 pedestrian 0.8432153463363647
385 24.5013 -0.2142 pedestrian 0.8640185296535492
386 24.5013 -0.2142 pedestrian 0.8774802088737488
387 24.5013 -0.2142 pedestrian 0.8869165480136871
388 24.5013 -0.2142 pedestrian 0.8883607089519501
389 24.5013 -0.2142 pedestrian 0.8940007984638214
390 24.5013 -0.2142 pedestrian 0.8949722051620483
391 24.5013 -0.2142 pedestrian 0.8935655057430267
392 24.2883 -0.1981 pedestrian 0.7639037370681763
393 24.2883 -0.1981 pedestrian 0.7870563268661499
394 24.2883 -0.1981 pedestrian 0.7993315756320953
395 24.2883 -0.2142 pedestrian 0.8086796998977661
396 24.2883 -0.2142 pedestrian 0.8132016956806183
397 24.2883 -0.2142 pedestrian 0.8290673494338989
398 24.2883 -0.2142 pedestrian 0.8353851139545441
399 24.2883 -0.2142 pedestrian 0.8332609832286835
400 24.0752 -0.1981 pedestrian 0.8094887137413025
401 24.0752 -0.2142 pedestrian 0.8312963843345642
402 24.0752 -0.2142 pedestrian 0.8478245437145233
403 24.0752 -0.2142 pedestrian 0.8581336438655853
404 24.0752 -0.2142 pedestrian 0.8637355268001556
405 24.0752 -0.2142 pedestrian 0.8683727085590363
406 24.0752 -0.2142 pedestrian 0.8643594980239868
407 24.0752 -0.2142 pedestrian 0.8591942489147186
408 23.8621 -0.2142 pedestrian 0.8381178081035614
409 23.8621 -0.2142 pedestrian 0.8535524904727936
410 23.8621 -0.2142 pedestrian 0.8605220913887024
411 23.8621 -0.2142 pedestrian 0.8638744354248047
412 23.8621 -0.2142 pedestrian 0.86187744140625
413 23.8621 -0.2142 pedestrian 0.8644475638866425
414 23.8621 -0.2142 pedestrian 0.8608635663986206
415 23.8621 -0.2142 pedestrian 0.8494820892810822
416 23.6491 -0.1981 pedestrian 0.790731817483902
417 23.6491 -0.2142 pedestrian 0.8074929118156433
418 23.6491 -0.2142 pedestrian 0.8180395662784576
419 23.6491 -0.2142 pedestrian 0.8187989890575409
420 23.6491 -0.2142 pedestrian 0.8112233579158783
421 23.6491 -0.2142 pedestrian 0.8152047097682953
422 23.6491 -0.2142 pedestrian 0.8134024739265442
423 23.4360 -0.2142 pedestrian 0.8162440061569214
424 23.4360 -0.2142 pedestrian 0.7997786998748779
425 23.4360 -0.2142 pedestrian 0.822249710559845
426 23.4360 -0.2142 pedestrian 0.8324328660964966
427 23.2230 -0.2142 pedestrian 0.8338390588760376
428 23.2230 -0.2142 pedestrian 0.834481418132782
429 23.2230 -0.2142 pedestrian 0.845231294631958
430 23.2230 -0.2304 pedestrian 0.8494168519973755
431 23.2230 -0.2304 pedestrian 0.8474823832511902
432 23.2230 -0.2304 pedestrian 0.833192765712738
433 23.2230 -0.2304 pedestrian 0.8516577184200287
434 23.2230 -0.2304 pedestrian 0.8638732135295868
435 23.0099 -0.2304 pedestrian 0.8680554926395416
436 23.0099 -0.2304 pedestrian 0.8705408573150635
437 23.0099 -0.2304 pedestrian 0.8704180419445038
438 23.0099 -0.2304 pedestrian 0.8573965728282928
439 23.0099 -0.2304 pedestrian 0.8367230296134949
440 23.0099 -0.2304 pedestrian 0.8256553709506989
440 4.4742 -0.7547 car 0.451278418302536
441 23.0099 -0.2304 pedestrian 0.8416145741939545
441 4.4742 -0.7547 car 0.4938843175768852
442 23.0099 -0.2304 pedestrian 0.8481428027153015
442 4.4742 -0.7547 car 0.5476617515087128
443 22.7969 -0.2304 pedestrian 0.8530060052871704
443 4.4742 -0.7547 car 0.5853689908981323
444 22.7969 -0.2304 pedestrian 0.8543118834495544
444 4.4742 -0.7333 car 0.6057583093643188
445 22.7969 -0.2304 pedestrian 0.8575880527496338
445 4.4742 -0.7333 car 0.6206836402416229
446 22.7969 -0.2304 pedestrian 0.8520649075508118
446 4.4742 -0.7333 car 0.6300317943096161
447 22.7969 -0.2304 pedestrian 0.8448493480682373
447 4.4742 -0.7333 car 0.6364652812480927
448 4.4742 -0.6916 car 0.77227783203125
448 22.7969 -0.2466 pedestrian 0.44190544494301776
449 4.4742 -0.6916 car 0.7735035419464111
449 22.7969 -0.2466 pedestrian 0.44589044822407686
450 4.4742 -0.6916 car 0.7690536081790924
450 22.7969 -0.2466 pedestrian 0.4440205774856736
451 4.4742 -0.6916 car 0.7568290531635284
451 22.7969 -0.2466 pedestrian 0.43754134707151593
452 4.4742 -0.6916 car 0.7493081390857697
452 22.5838 -0.2466 pedestrian 0.42664302088548567
453 4.4742 -0.6916 car 0.7315547168254852
453 22.5838 -0.2466 pedestrian 0.42036338233341297
454 4.4742 -0.6916 car 0.7067678272724152
454 22.5838 -0.2466 pedestrian 0.4028482091716761
455 4.4742 -0.6916 car 0.687499076128006
456 4.6872 -0.6514 car 0.8305636644363403
456 5.5394 -0.0394 car 0.7216182053089142
457 4.6872 -0.6514 car 0.8300941586494446
457 5.5394 -0.0394 car 0.7317750751972198
458 4.6872 -0.6317 car 0.8229723274707794
458 5.5394 -0.0394 car 0.7255679368972778
459 4.6872 -0.6124 car 0.8099416196346283
459 5.5394 -0.0394 car 0.7107262313365936
460 4.9003 -0.5932 car 0.8056159913539886
460 5.5394 -0.0394 car 0.6922001242637634
461 4.9003 -0.5932 car 0.7903593182563782
461 5.5394 -0.0394 car 0.674788773059845
462 5.1133 -0.5744 car 0.7574155926704407
462 5.7525 -0.0551 car 0.6585761308670044
463 5.1133 -0.5373 car 0.7230269610881805
463 5.7525 -0.0551 car 0.6489728689193726
464 5.7525 -0.1025 car 0.8235228955745697
465 5.7525 -0.1184 car 0.8281448185443878
466 5.7525 -0.1025 car 0.8192718327045441
467 5.9655 -0.1025 car 0.8128250241279602
468 5.9655 -0.1025 car 0.8028723299503326
469 6.1786 -0.0709 car 0.7928306460380554
470 6.3916 -0.0709 car 0.7837850451469421
471 6.6047 -0.0394 car 0.7673870921134949
472 7.2439 0.0551 car 0.8517186641693115
472 22.1577 -0.2792 pedestrian 0.7501920163631439
473 7.2439 0.0867 car 0.8520463109016418
473 22.1577 -0.2792 pedestrian 0.7901840209960938
474 7.6700 0.0867 car 0.8457553088665009
474 22.1577 -0.2792 pedestrian 0.8176007270812988
475 7.6700 0.0867 car 0.8421933948993683
475 22.1577 -0.2792 pedestrian 0.8321676850318909
476 7.8830 0.0867 car 0.8404770493507385
476 22.1577 -0.2792 pedestrian 0.837062269449234
477 22.1577 -0.2792 pedestrian 0.8480372726917267
477 8.0961 0.1184 car 0.8438449501991272
478 21.9447 -0.2792 pedestrian 0.8542749285697937
478 8.0961 0.1184 car 0.8364454507827759
479 21.9447 -0.2792 pedestrian 0.856429785490036
479 8.3091 0.1184 car 0.8259698152542114
480 8.9483 0.1502 car 0.8495815992355347
480 21.9447 -0.2792 pedestrian 0.7656984031200409
481 9.1614 0.1821 car 0.8472237586975098
481 21.9447 -0.2792 pedestrian 0.772798627614975
482 9.3744 0.1821 car 0.8494479060173035
482 21.9447 -0.2792 pedestrian 0.7683083117008209
483 9.5875 0.1821 car 0.8473664820194244
483 21.9447 -0.2956 pedestrian 0.7541644871234894
484 9.8005 0.1821 car 0.8572501540184021
484 21.9447 -0.2792 pedestrian 0.7399518489837646
485 10.0136 0.1821 car 0.867516964673996
485 21.7316 -0.2792 pedestrian 0.7336856424808502
486 10.2266 0.1821 car 0.8621136844158173
486 21.7316 -0.2792 pedestrian 0.7251949906349182
487 10.2266 0.2142 car 0.8501722514629364
487 21.7316 -0.2792 pedestrian 0.7022700309753418
488 10.8658 0.2142 car 0.8664796352386475
489 11.0789 0.2142 car 0.8574271500110626
490 11.5050 0.2466 car 0.8415723145008087
490 23.4360 -0.1025 cyclist 0.4032214041799307
491 11.7180 0.2466 car 0.8262493312358856
491 23.2230 -0.1025 cyclist 0.4216731134802103
492 11.9311 0.2466 car 0.8294927179813385
492 23.2230 -0.1025 cyclist 0.42061556689441204
493 12.1441 0.2466 car 0.8353043496608734
493 23.2230 -0.1025 cyclist 0.4147407538257539
493 22.5838 -0.0709 car 0.4088742919266224
494 12.3572 0.2466 car 0.8357988595962524
494 22.5838 -0.0709 car 0.4278666339814663
495 12.3572 0.2466 car 0.8329591751098633
495 22.1577 -0.0867 car 0.44934725388884544
496 12.9963 0.2792 car 0.8752887845039368
496 22.1577 -0.0867 car 0.8026773929595947
497 13.2094 0.2792 car 0.8731286525726318
497 22.1577 -0.1025 car 0.8179082870483398
498 13.4225 0.2792 car 0.8465836644172668
498 22.1577 -0.1025 car 0.8199083209037781
499 13.6355 0.2792 car 0.8323975801467896
499 21.9447 -0.1025 car 0.8235905766487122
500 21.7316 -0.1025 car 0.8158600628376007
500 13.8486 0.2792 car 0.8156358897686005
501 14.0616 0.2792 car 0.8159099519252777
501 21.7316 -0.1025 car 0.7977671325206757
502 14.2747 0.2792 car 0.8096182942390442
502 21.5185 -0.1025 car 0.7819636464118958
503 14.4877 0.2792 car 0.8073580861091614
503 21.3055 -0.1025 car 0.7661741375923157
504 15.1269 0.2792 car 0.832647830247879
504 21.0924 -0.1025 car 0.7678863406181335
505 15.3400 0.2792 car 0.8382964134216309
505 21.0924 -0.1025 car 0.76237353682518
506 15.5530 0.2792 car 0.8177792727947235
506 20.8794 -0.1025 car 0.750791072845459
507 15.7661 0.2792 car 0.7966363430023193
507 20.8794 -0.1025 car 0.7234995067119598
508 15.9791 0.2792 car 0.7832958996295929
508 20.6663 -0.1025 car 0.6926915347576141
509 16.1922 0.2792 car 0.76673823595047
509 20.4533 -0.1025 car 0.650821715593338
510 16.6183 0.2792 car 0.7608798742294312
510 20.4533 -0.1025 car 0.6012331545352936
511 16.8313 0.2792 car 0.7688799500465393
511 20.2402 -0.1025 car 0.5645887851715088
512 17.4705 0.3121 car 0.8270421028137207
513 17.6836 0.3121 car 0.8316789269447327
513 18.9619 -0.1184 car 0.43301132321357727
514 17.8966 0.3121 car 0.8192225694656372
514 18.9619 -0.1184 car 0.4850345700979233
515 18.1097 0.3121 car 0.7939796149730682
515 18.9619 -0.0867 car 0.5276328027248383
516 18.3227 0.3121 car 0.7671070098876953
516 18.9619 -0.0867 car 0.5377324223518372
517 18.5358 0.3121 car 0.746056318283081
517 18.9619 -0.0867 car 0.5542588829994202
518 18.7488 0.3121 car 0.7182093262672424
518 18.9619 -0.0867 car 0.548392578959465
519 18.9619 0.3121 car 0.7017058730125427
519 18.7488 -0.0867 car 0.538448229432106
520 19.8141 0.2956 car 0.7211836576461792
520 18.9619 -0.1184 car 0.68532395362854
521 20.0272 0.2792 car 0.7184452414512634
521 18.7488 -0.1025 car 0.6892465353012085
522 20.2402 0.2956 car 0.7210267186164856
522 18.7488 -0.1025 car 0.6924710273742676
523 20.4533 0.2792 car 0.731634795665741
523 18.5358 -0.1025 car 0.6894460916519165
524 20.6663 0.2792 car 0.7362606823444366
524 18.5358 -0.1025 car 0.6737660467624664
525 20.8794 0.2792 car 0.7393989562988281
525 18.3227 -0.1025 car 0.6549250185489655
526 21.0924 0.2792 car 0.7292794585227966
526 18.1097 -0.0867 car 0.641269713640213
527 21.3055 0.2792 car 0.7154365181922913
527 17.8966 -0.0867 car 0.6318621635437012
528 22.1577 0.2792 car 0.7800054252147675
528 17.2574 -0.0709 car 0.7341489791870117
529 22.3708 0.2792 car 0.8028400242328644
529 17.0444 -0.0709 car 0.7732963562011719
530 22.5838 0.2792 car 0.8158796727657318
530 17.0444 -0.0709 car 0.798771470785141
531 22.7969 0.2792 car 0.8143446743488312
531 17.0444 -0.0709 car 0.8003854155540466
532 23.0099 0.2792 car 0.8160518109798431
532 16.8313 -0.0867 car 0.7861766815185547
533 23.2230 0.2792 car 0.8115302324295044
533 16.6183 -0.0867 car 0.76145139336586
534 23.4360 0.2792 car 0.8040959537029266
534 16.6183 -0.0867 car 0.7352298498153687
535 23.4360 0.2792 car 0.7876129746437073
535 16.4052 -0.0867 car 0.7171573340892792
536 15.9791 -0.0394 car 0.8294038474559784
536 24.0752 0.2792 car 0.7995599508285522
537 15.9791 -0.0394 car 0.8534457683563232
537 24.2883 0.2792 car 0.7652811408042908
538 15.7661 -0.0394 car 0.8712367415428162
538 24.5013 0.2792 car 0.6759327352046967
539 15.7661 -0.0394 car 0.8852985203266144
539 24.7144 0.2792 car 0.5214698314666748
540 15.7661 -0.0394 car 0.883571058511734
541 15.5530 -0.0394 car 0.8741827011108398
542 15.5530 -0.0394 car 0.8654668629169464
543 15.5530 -0.0394 car 0.8446579277515411
544 15.1269 -0.0079 car 0.8746646046638489
544 20.8794 -0.2304 pedestrian 0.550179660320282
545 15.1269 -0.0079 car 0.8814520835876465
545 20.8794 -0.2304 pedestrian 0.5517161637544632
546 15.1269 -0.0079 car 0.8794869780540466
546 20.8794 -0.2304 pedestrian 0.5202183723449707
547 14.9138 -0.0079 car 0.8798358142375946
547 21.0924 -0.2304 pedestrian 0.4944961816072464
548 14.9138 -0.0079 car 0.8742213249206543
548 21.0924 -0.2304 pedestrian 0.4708276018500328
549 14.7008 -0.0079 car 0.8613867461681366
549 21.0924 -0.2304 pedestrian 0.4421977698802948
550 14.7008 -0.0079 car 0.8500958383083344
550 21.0924 -0.2304 pedestrian 0.4244629144668579
551 14.7008 -0.0079 car 0.8308525681495667
551 21.0924 -0.2142 pedestrian 0.41532730497419834
552 14.2747 0.0236 car 0.8776440024375916
552 21.0924 -0.2142 pedestrian 0.6610588729381561
553 14.0616 0.0236 car 0.8863458037376404
553 21.0924 -0.2142 pedestrian 0.6876296401023865
554 14.0616 0.0236 car 0.8877136707305908
554 21.0924 -0.2142 pedestrian 0.7021872103214264
555 14.0616 0.0236 car 0.8842816352844238
555 21.3055 -0.2142 pedestrian 0.7096023261547089
556 14.0616 0.0236 car 0.8770214021205902
556 21.3055 -0.2142 pedestrian 0.7285940945148468
557 13.8486 0.0236 car 0.8652166426181793
557 21.3055 -0.2142 pedestrian 0.7459639608860016
558 13.8486 0.0394 car 0.8514287769794464
558 21.3055 -0.2142 pedestrian 0.7407464981079102
559 13.8486 0.0394 car 0.8345504403114319
559 21.3055 -0.2142 pedestrian 0.7122932970523834
560 13.4225 0.0709 car 0.8385042548179626
560 21.5185 -0.2142 pedestrian 0.7129604518413544
561 13.4225 0.0867 car 0.8420436084270477
561 21.5185 -0.2142 pedestrian 0.7591387629508972
562 13.4225 0.0867 car 0.8378272354602814
562 21.5185 -0.2142 pedestrian 0.7785924077033997
563 13.4225 0.0867 car 0.8287541568279266
563 21.5185 -0.2142 pedestrian 0.7857494056224823
564 13.2094 0.0867 car 0.8233279585838318
564 21.5185 -0.2142 pedestrian 0.7868177890777588
565 13.2094 0.0867 car 0.8104477524757385
565 21.5185 -0.2142 pedestrian 0.7889812588691711
566 13.2094 0.0867 car 0.791650652885437
566 21.5185 -0.2142 pedestrian 0.781875729560852
567 12.9963 0.1025 car 0.7710785269737244
567 21.5185 -0.2142 pedestrian 0.7603560984134674
568 12.7833 0.1502 car 0.8291135430335999
568 21.7316 -0.2304 pedestrian 0.7859140336513519
569 12.7833 0.1502 car 0.8340917825698853
569 21.7316 -0.2304 pedestrian 0.8083312511444092
570 12.7833 0.1502 car 0.8317026495933533
570 21.7316 -0.2304 pedestrian 0.813984215259552
571 12.5702 0.1981 car 0.827304869890213
571 21.9447 -0.2304 pedestrian 0.8204884231090546
572 12.5702 0.1981 car 0.8259760141372681
572 21.9447 -0.2304 pedestrian 0.8220373094081879
573 21.9447 -0.2304 pedestrian 0.8291370868682861
573 12.5702 0.1981 car 0.8155232965946198
574 21.9447 -0.2304 pedestrian 0.8255895376205444
574 12.5702 0.1821 car 0.7990942299365997
575 21.9447 -0.2304 pedestrian 0.8068880140781403
575 12.5702 0.1821 car 0.7815766632556915
576 22.1577 -0.2142 pedestrian 0.842420220375061
576 12.3572 0.2466 car 0.8099823892116547
577 22.1577 -0.2142 pedestrian 0.8620615601539612
577 12.3572 0.2466 car 0.8088430166244507
578 22.1577 -0.2142 pedestrian 0.8731369078159332
578 12.3572 0.2466 car 0.8001797795295715
579 22.1577 -0.2142 pedestrian 0.8777435421943665
579 12.3572 0.2466 car 0.7860221862792969
580 22.1577 -0.2142 pedestrian 0.8700677156448364
580 12.3572 0.2466 car 0.7733406722545624
581 22.1577 -0.2142 pedestrian 0.8677266240119934
581 12.3572 0.2466 car 0.7535656690597534
582 22.1577 -0.2142 pedestrian 0.8590055108070374
582 12.3572 0.2466 car 0.7276857495307922
583 22.1577 -0.2142 pedestrian 0.8403553068637848
583 12.1441 0.2629 car 0.7060708403587341
584 22.3708 -0.1981 pedestrian 0.7974217534065247
584 11.9311 0.3791 car 0.7381219565868378
584 11.5050 -0.5557 pedestrian 0.5098184570670128
585 22.3708 -0.2142 pedestrian 0.8142912983894348
585 11.9311 0.3791 car 0.7364401519298553
585 11.5050 -0.5557 pedestrian 0.5986060202121735
586 22.3708 -0.2142 pedestrian 0.8233972787857056
586 11.7180 0.4132 car 0.7314298748970032
586 11.5050 -0.5557 pedestrian 0.6811845600605011
587 22.5838 -0.2142 pedestrian 0.8288896679878235
587 11.5050 -0.5557 pedestrian 0.7365136444568634
587 11.7180 0.4132 car 0.7242199778556824
588 22.5838 -0.2142 pedestrian 0.8277665376663208
588 11.5050 -0.5557 pedestrian 0.7609256207942963
588 11.7180 0.4132 car 0.7179239690303802
589 22.5838 -0.1981 pedestrian 0.8222673535346985
589 11.5050 -0.5557 pedestrian 0.7831698656082153
589 11.7180 0.4132 car 0.7117569148540497
590 22.5838 -0.1981 pedestrian 0.8072595298290253
590 11.5050 -0.5557 pedestrian 0.7900109589099884
590 11.7180 0.4132 car 0.7031683027744293
591 22.5838 -0.1981 pedestrian 0.7911426424980164
591 11.5050 -0.5557 pedestrian 0.7867599129676819
591 11.7180 0.4132 car 0.6960330009460449
592 11.5050 -0.5557 pedestrian 0.8404716551303864
592 22.5838 -0.2142 pedestrian 0.7885848879814148
592 11.5050 0.5557 car 0.6873827874660492
593 11.5050 -0.5557 pedestrian 0.8712441325187683
593 22.5838 -0.2142 pedestrian 0.8004887998104095
593 11.5050 0.5744 car 0.6605262756347656
594 11.5050 -0.5557 pedestrian 0.8862528502941132
594 22.7969 -0.2142 pedestrian 0.8022768497467041
594 11.5050 0.5744 car 0.6112635433673859
595 11.5050 -0.5557 pedestrian 0.8955438137054443
595 22.7969 -0.2142 pedestrian 0.8009284436702728
595 11.5050 0.5744 car 0.5613651871681213
596 11.5050 -0.5557 pedestrian 0.898796409368515
596 22.7969 -0.2142 pedestrian 0.7904440760612488
596 11.5050 0.5744 car 0.5251143500208855
597 11.5050 -0.5557 pedestrian 0.902921736240387
597 22.7969 -0.2142 pedestrian 0.7968472838401794
597 11.5050 0.5744 car 0.49966054409742355
598 11.5050 -0.5557 pedestrian 0.9020855128765106
598 22.7969 -0.2304 pedestrian 0.7938162386417389
598 11.5050 0.5744 car 0.47945210337638855
599 11.5050 -0.5557 pedestrian 0.8982941508293152
599 22.7969 -0.2304 pedestrian 0.7785929143428802
599 11.5050 0.5744 car 0.4574700593948364
600 11.5050 -0.5557 pedestrian 0.8133692741394043
600 11.7180 0.5373 cyclist 0.6631880402565002
600 22.7969 -0.2304 pedestrian 0.5079177170991898
601 11.5050 -0.5557 pedestrian 0.8186868727207184
601 11.7180 0.5557 cyclist 0.6849863529205322
601 23.0099 -0.2142 pedestrian 0.5080870538949966
602 11.5050 -0.5373 pedestrian 0.81028813123703
602 11.7180 0.5744 cyclist 0.6983710527420044
602 23.0099 -0.2142 pedestrian 0.5233937203884125
603 11.5050 -0.5373 pedestrian 0.7880029678344727
603 11.7180 0.5744 cyclist 0.7038767337799072
603 23.0099 -0.2142 pedestrian 0.5246879458427429
603 23.0099 -0.2304 cyclist 0.4135158322751522
604 11.5050 -0.5373 pedestrian 0.7371602952480316
604 11.7180 0.5744 cyclist 0.7097789645195007
604 23.0099 -0.2142 pedestrian 0.5159164518117905
604 23.0099 -0.2304 cyclist 0.4429359808564186
605 11.7180 0.5744 cyclist 0.7100956439971924
605 11.5050 -0.5373 pedestrian 0.6583567708730698
605 23.0099 -0.2142 pedestrian 0.5026894509792328
605 23.2230 -0.2304 cyclist 0.4791860356926918
606 11.7180 0.5744 cyclist 0.6824111938476562
606 11.5050 -0.5373 pedestrian 0.5685263127088547
606 23.2230 -0.2304 cyclist 0.5199415013194084
606 23.0099 -0.1821 pedestrian 0.4757591784000397
607 11.7180 0.6124 cyclist 0.636565089225769
607 23.2230 -0.2304 cyclist 0.5549224466085434
607 11.5050 -0.5373 pedestrian 0.47579170018434525
607 23.0099 -0.1821 pedestrian 0.454863965511322
608 23.2230 -0.1981 pedestrian 0.6150035709142685
608 11.7180 0.6317 cyclist 0.4113723486661911
608 23.2230 -0.2304 cyclist 0.41127370088361204
609 23.2230 -0.1981 pedestrian 0.6321798861026764
609 23.2230 -0.2142 cyclist 0.4078800844727084
610 23.2230 -0.1981 pedestrian 0.6284953504800797
610 23.4360 -0.2142 cyclist 0.402490975393448
611 23.2230 -0.1821 pedestrian 0.6096028536558151
612 23.2230 -0.1821 pedestrian 0.5999447703361511
613 23.2230 -0.1821 pedestrian 0.5785111635923386
614 23.4360 -0.1821 pedestrian 0.5615300536155701
615 23.4360 -0.1821 pedestrian 0.571690171957016
616 23.4360 -0.1821 pedestrian 0.8342201709747314
617 23.4360 -0.1821 pedestrian 0.8466618657112122
618 23.6491 -0.1821 pedestrian 0.8544069230556488
619 23.6491 -0.1821 pedestrian 0.863116979598999
620 23.6491 -0.1821 pedestrian 0.8655025959014893
621 23.6491 -0.1821 pedestrian 0.8706218302249908
622 23.6491 -0.1821 pedestrian 0.8683847188949585
623 23.6491 -0.1821 pedestrian 0.8620779514312744
624 23.8621 -0.1661 pedestrian 0.7927211225032806
625 23.8621 -0.1821 pedestrian 0.8036742806434631
626 23.8621 -0.1821 pedestrian 0.8005979955196381
627 23.8621 -0.1821 pedestrian 0.7933420240879059
628 23.8621 -0.1821 pedestrian 0.7849415838718414
629 23.8621 -0.1821 pedestrian 0.7817976474761963
630 24.0752 -0.1821 pedestrian 0.7733912169933319
631 24.0752 -0.1661 pedestrian 0.7690475881099701
632 24.0752 -0.1821 pedestrian 0.6995265185832977
633 24.0752 -0.1821 pedestrian 0.7139571309089661
634 24.2883 -0.1821 pedestrian 0.7211845815181732
635 24.2883 -0.1821 pedestrian 0.7236995100975037
636 24.2883 -0.1821 pedestrian 0.7174270749092102
637 24.2883 -0.1821 pedestrian 0.7096767723560333
638 24.2883 -0.1821 pedestrian 0.6898345351219177
639 24.2883 -0.1821 pedestrian 0.6497373282909393
640 24.5013 -0.1661 pedestrian 0.666248083114624
641 24.5013 -0.1502 pedestrian 0.6970072090625763
642 24.5013 -0.1502 pedestrian 0.7173703908920288
643 24.5013 -0.1502 pedestrian 0.7283103466033936
644 24.5013 -0.1502 pedestrian 0.729368269443512
645 24.5013 -0.1502 pedestrian 0.7362968027591705
646 24.5013 -0.1502 pedestrian 0.7260014712810516
647 24.5013 -0.1661 pedestrian 0.7016039788722992
648 24.7144 -0.1821 pedestrian 0.7438361942768097
649 24.7144 -0.1821 pedestrian 0.7654180824756622
650 24.7144 -0.1821 pedestrian 0.7707634270191193
651 24.7144 -0.1821 pedestrian 0.7666199803352356
652 24.7144 -0.1821 pedestrian 0.7635451853275299
653 24.7144 -0.1821 pedestrian 0.7621132433414459
654 24.9274 -0.1821 pedestrian 0.7567918300628662
655 24.9274 -0.1821 pedestrian 0.7500123977661133
656 24.9274 -0.1821 pedestrian 0.5058725699782372
657 24.9274 -0.1821 pedestrian 0.519302248954773
658 24.9274 -0.1821 pedestrian 0.5120076388120651
659 24.9274 -0.1821 pedestrian 0.4903089329600334
660 24.9274 -0.1821 pedestrian 0.4667189493775368
661 24.9274 -0.1821 pedestrian 0.4424339011311531
662 24.9274 -0.1821 pedestrian 0.40000036358833313
784 24.9274 -0.0236 pedestrian 0.6082415878772736
785 24.9274 -0.0236 pedestrian 0.6612485945224762
786 24.9274 -0.0236 pedestrian 0.6866310238838196
787 24.9274 -0.0236 pedestrian 0.6929826438426971
788 24.9274 -0.0236 pedestrian 0.6996597945690155
789 24.9274 -0.0236 pedestrian 0.7133952677249908
790 24.9274 -0.0236 pedestrian 0.70942622423172
791 24.9274 -0.0236 pedestrian 0.6803020238876343
792 24.9274 -0.0394 pedestrian 0.7160183191299438
793 24.9274 -0.0551 pedestrian 0.7504708170890808
794 24.9274 -0.0551 pedestrian 0.7709234654903412
795 24.9274 -0.0551 pedestrian 0.778175413608551
796 24.9274 -0.0551 pedestrian 0.7784464061260223
797 24.9274 -0.0551 pedestrian 0.7822471857070923
798 24.9274 -0.0551 pedestrian 0.7788822650909424
799 24.9274 -0.0551 pedestrian 0.7653771042823792
800 24.7144 -0.0709 pedestrian 0.7452286183834076
801 24.7144 -0.0709 pedestrian 0.7797321677207947
802 24.7144 -0.0709 pedestrian 0.8023663759231567
803 24.7144 -0.0709 pedestrian 0.8165402710437775
804 24.7144 -0.0709 pedestrian 0.8219106197357178
805 24.7144 -0.0709 pedestrian 0.8249415457248688
806 24.7144 -0.0709 pedestrian 0.8190357387065887
807 24.7144 -0.0709 pedestrian 0.805473804473877
808 24.7144 -0.0867 pedestrian 0.6703605651855469
809 24.7144 -0.0867 pedestrian 0.7154501676559448
810 24.7144 -0.0867 pedestrian 0.7386531233787537
811 24.7144 -0.0867 pedestrian 0.7465106546878815
812 24.7144 -0.0867 pedestrian 0.7581812739372253
813 24.7144 -0.0867 pedestrian 0.7718478739261627
814 24.5013 -0.0867 pedestrian 0.7727859914302826
815 24.5013 -0.0867 pedestrian 0.7661843597888947
816 24.5013 -0.1025 pedestrian 0.7399391233921051
817 24.5013 -0.1025 pedestrian 0.7795632779598236
818 24.5013 -0.1025 pedestrian 0.8065213859081268
819 24.5013 -0.1025 pedestrian 0.8215380609035492
820 24.5013 -0.1025 pedestrian 0.8263237476348877
821 24.5013 -0.1025 pedestrian 0.830655425786972
822 24.5013 -0.1025 pedestrian 0.8251836001873016
823 24.5013 -0.1025 pedestrian 0.8118500113487244
824 24.5013 -0.0867 pedestrian 0.8112020492553711
825 24.5013 -0.0867 pedestrian 0.8384872376918793
826 24.5013 -0.0867 pedestrian 0.8524987101554871
827 24.5013 -0.0867 pedestrian 0.8575875163078308
828 24.5013 -0.0867 pedestrian 0.8556555509567261
829 24.5013 -0.0867 pedestrian 0.8564686179161072
830 24.5013 -0.0867 pedestrian 0.8471894264221191
831 24.5013 -0.0867 pedestrian 0.8243202269077301
832 24.5013 -0.1184 pedestrian 0.7768815755844116
833 24.5013 -0.1184 pedestrian 0.795906126499176
834 24.5013 -0.1184 pedestrian 0.7982157766819
835 24.2883 -0.1184 pedestrian 0.8020216226577759
836 24.2883 -0.1184 pedestrian 0.8002685308456421
837 24.2883 -0.1184 pedestrian 0.8031249046325684
838 24.2883 -0.1184 pedestrian 0.797825038433075
839 24.2883 -0.1184 pedestrian 0.7823330163955688
840 24.2883 -0.1343 pedestrian 0.6428316086530685
841 24.2883 -0.1343 pedestrian 0.6669270694255829
842 24.2883 -0.1502 pedestrian 0.6676746308803558
843 24.2883 -0.1502 pedestrian 0.6574833393096924
844 24.2883 -0.1502 pedestrian 0.6544332206249237
845 24.2883 -0.1502 pedestrian 0.6589081287384033
846 24.2883 -0.1502 pedestrian 0.6471235156059265
847 24.2883 -0.1502 pedestrian 0.608054906129837
848 24.0752 -0.1502 pedestrian 0.6409926116466522
849 24.0752 -0.1502 pedestrian 0.6944078803062439
850 24.0752 -0.1502 pedestrian 0.7138018906116486
851 24.0752 -0.1502 pedestrian 0.7203926742076874
852 24.0752 -0.1502 pedestrian 0.7272475063800812
853 24.0752 -0.1502 pedestrian 0.7453034520149231
854 24.0752 -0.1502 pedestrian 0.7516671717166901
855 24.0752 -0.1502 pedestrian 0.7334974408149719
856 23.8621 -0.1821 pedestrian 0.4957808554172516
857 23.8621 -0.1821 pedestrian 0.5295951515436172
858 23.8621 -0.1821 pedestrian 0.5457421988248825
859 23.8621 -0.1821 pedestrian 0.5511219501495361
860 23.6491 -0.2142 pedestrian 0.5753140151500702
861 23.6491 -0.2142 pedestrian 0.6249434649944305
862 23.6491 -0.2142 pedestrian 0.6534695029258728
863 23.6491 -0.2142 pedestrian 0.6556140184402466
864 23.6491 -0.1981 pedestrian 0.5716567933559418
865 23.6491 -0.1821 pedestrian 0.6089343130588531
866 23.6491 -0.1821 pedestrian 0.6254824697971344
867 23.6491 -0.1981 pedestrian 0.631375789642334
868 23.6491 -0.1821 pedestrian 0.6409491300582886
869 23.4360 -0.2142 pedestrian 0.6749463975429535
870 23.4360 -0.1821 pedestrian 0.6940916478633881
871 23.4360 -0.1821 pedestrian 0.6879046559333801
872 23.4360 -0.1661 pedestrian 0.6806989908218384
873 23.4360 -0.1821 pedestrian 0.7235161662101746
874 23.4360 -0.1821 pedestrian 0.7416895627975464
875 23.4360 -0.1821 pedestrian 0.7512137293815613
876 23.2230 -0.1821 pedestrian 0.7620177865028381
877 23.2230 -0.1821 pedestrian 0.7866823077201843
878 23.2230 -0.1821 pedestrian 0.7966043949127197
879 23.2230 -0.1821 pedestrian 0.7959356307983398
880 23.2230 -0.1981 pedestrian 0.7975691258907318
881 23.2230 -0.2142 pedestrian 0.8268665671348572
882 23.2230 -0.2142 pedestrian 0.8446623384952545
883 23.2230 -0.2142 pedestrian 0.8518535196781158
884 23.2230 -0.2142 pedestrian 0.8549270927906036
885 23.2230 -0.2142 pedestrian 0.8677094280719757
886 23.2230 -0.2142 pedestrian 0.8739149272441864
887 23.2230 -0.2142 pedestrian 0.8703489899635315
888 23.0099 -0.2142 pedestrian 0.8941246867179871
889 23.0099 -0.2142 pedestrian 0.9019792079925537
890 23.0099 -0.2142 pedestrian 0.9064096212387085
891 23.0099 -0.2142 pedestrian 0.9047719836235046
892 23.0099 -0.2142 pedestrian 0.9034756422042847
893 23.0099 -0.2142 pedestrian 0.8959649205207825
894 23.0099 -0.2142 pedestrian 0.8837755918502808
895 23.0099 -0.2142 pedestrian 0.8672519326210022
