0 10.0136 0.0867 pedestrian 0.8437681794166565
0 11.2919 -0.0709 pedestrian 0.7763168215751648
1 10.0136 0.0867 pedestrian 0.8545054197311401
1 11.2919 -0.0709 pedestrian 0.7968249320983887
2 10.0136 0.0867 pedestrian 0.8634141683578491
2 11.2919 -0.0709 pedestrian 0.8154251575469971
3 10.0136 0.0867 pedestrian 0.8696747422218323
3 11.2919 -0.0709 pedestrian 0.8325814604759216
4 10.0136 0.0867 pedestrian 0.8660718202590942
4 11.2919 -0.0709 pedestrian 0.8367957472801208
5 10.0136 0.0867 pedestrian 0.8696188926696777
5 11.2919 -0.0709 pedestrian 0.8556775450706482
6 11.2919 -0.0709 pedestrian 0.8697776794433594
6 9.8005 0.0867 pedestrian 0.8685494661331177
7 11.2919 -0.0709 pedestrian 0.8856833577156067
7 9.8005 0.0709 pedestrian 0.8721634745597839
8 11.2919 -0.0394 pedestrian 0.8385688066482544
8 9.8005 0.0551 pedestrian 0.8263081312179565
9 11.2919 -0.0394 pedestrian 0.8578115403652191
9 9.8005 0.0551 pedestrian 0.8306771516799927
10 11.2919 -0.0394 pedestrian 0.8741121888160706
10 9.8005 0.0551 pedestrian 0.8359496593475342
11 11.2919 -0.0394 pedestrian 0.885841578245163
11 9.8005 0.0551 pedestrian 0.8386043906211853
12 11.2919 -0.0394 pedestrian 0.8900446593761444
12 9.8005 0.0551 pedestrian 0.8363392949104309
13 11.2919 -0.0394 pedestrian 0.8932869136333466
13 9.8005 0.0551 pedestrian 0.834877073764801
14 11.2919 -0.0394 pedestrian 0.8935244083404541
14 9.8005 0.0551 pedestrian 0.8356370627880096
15 11.2919 -0.0394 pedestrian 0.8923657536506653
15 9.8005 0.0551 pedestrian 0.8377578556537628
16 11.2919 -0.0236 pedestrian 0.8006255626678467
16 10.0136 0.0394 pedestrian 0.7544310390949249
17 11.5050 -0.0236 pedestrian 0.8076834976673126
17 10.0136 0.0394 pedestrian 0.7747300863265991
18 11.5050 -0.0236 pedestrian 0.8229742646217346
18 10.0136 0.0236 pedestrian 0.8000125288963318
19 11.5050 -0.0236 pedestrian 0.8322850465774536
19 10.0136 0.0236 pedestrian 0.8212509155273438
20 10.0136 0.0236 pedestrian 0.8345022201538086
20 11.5050 -0.0236 pedestrian 0.8332518041133881
21 10.0136 0.0236 pedestrian 0.8438448309898376
21 11.5050 -0.0236 pedestrian 0.8311463594436646
22 10.0136 0.0236 pedestrian 0.8474342525005341
22 11.5050 -0.0236 pedestrian 0.8258476555347443
23 10.0136 0.0236 pedestrian 0.8506302237510681
23 11.5050 -0.0236 pedestrian 0.8203331530094147
24 10.0136 0.0236 pedestrian 0.801382839679718
24 11.5050 -0.0079 pedestrian 0.766829788684845
25 10.0136 0.0236 pedestrian 0.8228671550750732
25 11.5050 0.0079 pedestrian 0.7823294997215271
26 10.0136 0.0079 pedestrian 0.8381301164627075
26 11.5050 0.0079 pedestrian 0.7922829985618591
27 10.0136 0.0079 pedestrian 0.84671351313591
27 11.5050 0.0079 pedestrian 0.7974262833595276
28 10.0136 0.0079 pedestrian 0.8435678482055664
28 11.5050 0.0079 pedestrian 0.7994466722011566
29 10.0136 -0.0079 pedestrian 0.8369607031345367
29 11.5050 0.0079 pedestrian 0.8035896420478821
30 10.0136 -0.0079 pedestrian 0.8283265829086304
30 11.5050 0.0079 pedestrian 0.8068638741970062
31 10.0136 -0.0079 pedestrian 0.821556031703949
31 11.5050 0.0079 pedestrian 0.8078576922416687
32 10.0136 -0.0236 pedestrian 0.849999189376831
32 11.5050 0.0236 pedestrian 0.7893151938915253
33 10.0136 -0.0236 pedestrian 0.85235595703125
33 11.5050 0.0236 pedestrian 0.7992320656776428
34 10.0136 -0.0394 pedestrian 0.8525699973106384
34 11.5050 0.0394 pedestrian 0.8086603879928589
35 10.0136 -0.0394 pedestrian 0.8511781692504883
35 11.5050 0.0394 pedestrian 0.8143653273582458
36 10.0136 -0.0394 pedestrian 0.844431608915329
36 11.5050 0.0394 pedestrian 0.8178330957889557
37 10.0136 -0.0394 pedestrian 0.8392113745212555
37 11.5050 0.0394 pedestrian 0.8237650692462921
38 10.0136 -0.0394 pedestrian 0.8318755328655243
38 11.5050 0.0394 pedestrian 0.8257769644260406
39 11.5050 0.0394 pedestrian 0.8270252346992493
39 10.0136 -0.0394 pedestrian 0.8244579136371613
40 11.5050 0.0709 pedestrian 0.8264105916023254
40 10.2266 -0.0551 pedestrian 0.7599460482597351
41 11.5050 0.0867 pedestrian 0.8432425260543823
41 10.2266 -0.0709 pedestrian 0.769778311252594
42 11.5050 0.0867 pedestrian 0.8563544154167175
42 10.2266 -0.0709 pedestrian 0.7810732126235962
43 11.5050 0.0867 pedestrian 0.8659350275993347
43 10.2266 -0.0709 pedestrian 0.7870115637779236
44 11.5050 0.0867 pedestrian 0.8679327368736267
44 10.2266 -0.0867 pedestrian 0.7896575629711151
45 11.5050 0.0867 pedestrian 0.8674618601799011
45 10.2266 -0.0867 pedestrian 0.789869487285614
46 11.5050 0.0867 pedestrian 0.8637611567974091
46 10.2266 -0.0867 pedestrian 0.7818114161491394
47 11.5050 0.0867 pedestrian 0.8567988276481628
47 10.2266 -0.0867 pedestrian 0.7793577611446381
48 10.2266 -0.0867 pedestrian 0.8199518322944641
48 11.5050 0.1025 pedestrian 0.8105740547180176
49 10.2266 -0.1025 pedestrian 0.8319117724895477
49 11.5050 0.1025 pedestrian 0.8143330514431
50 10.2266 -0.1025 pedestrian 0.840853750705719
50 11.5050 0.1025 pedestrian 0.8178820312023163
51 10.2266 -0.1025 pedestrian 0.8461946249008179
51 11.5050 0.1184 pedestrian 0.824637234210968
52 10.2266 -0.1025 pedestrian 0.8465345501899719
52 11.5050 0.1184 pedestrian 0.8274381458759308
53 10.2266 -0.1025 pedestrian 0.8475595414638519
53 11.5050 0.1184 pedestrian 0.8311968743801117
54 10.2266 -0.1025 pedestrian 0.8433825075626373
54 11.5050 0.1184 pedestrian 0.8292374610900879
55 10.2266 -0.1025 pedestrian 0.838729590177536
55 11.5050 0.1343 pedestrian 0.8273109197616577
56 11.5050 0.1502 pedestrian 0.8075973689556122
56 10.2266 -0.1184 pedestrian 0.7988989651203156
57 11.5050 0.1502 pedestrian 0.8264755010604858
57 10.4397 -0.1184 pedestrian 0.813785970211029
58 11.5050 0.1502 pedestrian 0.8417785167694092
58 10.4397 -0.1184 pedestrian 0.83237624168396
59 11.5050 0.1502 pedestrian 0.8546864688396454
59 10.4397 -0.1184 pedestrian 0.8417617380619049
60 11.5050 0.1502 pedestrian 0.8579610884189606
60 10.4397 -0.1184 pedestrian 0.8378444314002991
61 11.5050 0.1502 pedestrian 0.8632290363311768
61 10.4397 -0.1184 pedestrian 0.8250754475593567
62 11.5050 0.1502 pedestrian 0.8649232089519501
62 10.4397 -0.1184 pedestrian 0.801399439573288
63 11.5050 0.1502 pedestrian 0.8646679818630219
63 10.4397 -0.1184 pedestrian 0.787519782781601
64 11.5050 0.1661 pedestrian 0.8506000638008118
64 10.4397 -0.1502 pedestrian 0.8312942385673523
65 11.7180 0.1661 pedestrian 0.8663616180419922
65 10.4397 -0.1502 pedestrian 0.8448834717273712
66 11.7180 0.1661 pedestrian 0.8815655410289764
66 10.4397 -0.1502 pedestrian 0.8560519814491272
67 11.7180 0.1661 pedestrian 0.8933781087398529
67 10.4397 -0.1502 pedestrian 0.8669792711734772
68 11.7180 0.1661 pedestrian 0.8982775807380676
68 10.4397 -0.1502 pedestrian 0.871042013168335
69 11.7180 0.1661 pedestrian 0.9003413021564484
69 10.4397 -0.1502 pedestrian 0.8709495663642883
70 11.7180 0.1661 pedestrian 0.8956775367259979
70 10.4397 -0.1502 pedestrian 0.8653077483177185
71 11.7180 0.1661 pedestrian 0.8911062777042389
71 10.6527 -0.1661 pedestrian 0.8619299530982971
72 11.7180 0.1821 pedestrian 0.8839684128761292
72 10.6527 -0.1661 pedestrian 0.8453350365161896
73 11.7180 0.1821 pedestrian 0.8956071436405182
73 10.6527 -0.1661 pedestrian 0.8566761910915375
74 11.7180 0.1821 pedestrian 0.9021925628185272
74 10.6527 -0.1821 pedestrian 0.8651982843875885
75 11.7180 0.1821 pedestrian 0.9089323282241821
75 10.6527 -0.1821 pedestrian 0.8731386661529541
76 11.7180 0.1821 pedestrian 0.9119921624660492
76 10.6527 -0.1821 pedestrian 0.876309871673584
77 11.7180 0.1821 pedestrian 0.9147674441337585
77 10.6527 -0.1821 pedestrian 0.8793853223323822
78 11.7180 0.1821 pedestrian 0.9149403870105743
78 10.6527 -0.1821 pedestrian 0.8789229393005371
79 11.7180 0.1821 pedestrian 0.9119600653648376
79 10.6527 -0.1821 pedestrian 0.8798612952232361
80 11.7180 0.2142 pedestrian 0.8659487962722778
80 10.6527 -0.1821 pedestrian 0.865198165178299
81 11.7180 0.2142 pedestrian 0.8777004480361938
81 10.6527 -0.1821 pedestrian 0.8741839826107025
82 11.7180 0.2142 pedestrian 0.8861123919487
82 10.6527 -0.1821 pedestrian 0.8804856836795807
83 11.7180 0.2142 pedestrian 0.8940481245517731
83 10.6527 -0.1821 pedestrian 0.8859271109104156
84 11.7180 0.2142 pedestrian 0.8960254490375519
84 10.6527 -0.1821 pedestrian 0.8863532841205597
85 11.7180 0.2142 pedestrian 0.8983956873416901
85 10.6527 -0.1821 pedestrian 0.8871306478977203
86 11.7180 0.2304 pedestrian 0.8977579772472382
86 10.6527 -0.1821 pedestrian 0.8829817771911621
87 11.7180 0.2304 pedestrian 0.8964202702045441
87 10.6527 -0.1981 pedestrian 0.8775839805603027
88 11.7180 0.2304 pedestrian 0.867192804813385
88 10.8658 -0.1981 pedestrian 0.8434431254863739
89 11.7180 0.2304 pedestrian 0.8858900368213654
89 10.8658 -0.2142 pedestrian 0.8591210246086121
90 11.7180 0.2304 pedestrian 0.8990758657455444
90 10.8658 -0.2142 pedestrian 0.871354341506958
91 11.7180 0.2304 pedestrian 0.9078991115093231
91 10.8658 -0.2142 pedestrian 0.8822242617607117
92 11.7180 0.2304 pedestrian 0.9103470742702484
92 10.8658 -0.2142 pedestrian 0.8868393898010254
93 11.7180 0.2304 pedestrian 0.9104278385639191
93 10.8658 -0.2142 pedestrian 0.8911985754966736
94 11.7180 0.2304 pedestrian 0.906188577413559
94 10.8658 -0.2142 pedestrian 0.8912244737148285
95 11.7180 0.2304 pedestrian 0.9007491171360016
95 10.8658 -0.2142 pedestrian 0.8919573128223419
96 10.8658 -0.2304 pedestrian 0.8683826327323914
96 11.7180 0.2466 pedestrian 0.8664664924144745
97 11.7180 0.2466 pedestrian 0.8818297386169434
97 10.8658 -0.2304 pedestrian 0.8815305829048157
98 11.7180 0.2466 pedestrian 0.893410325050354
98 10.8658 -0.2466 pedestrian 0.8884310722351074
99 11.9311 0.2466 pedestrian 0.9017136096954346
99 10.8658 -0.2466 pedestrian 0.8984100818634033
100 11.9311 0.2466 pedestrian 0.9029741883277893
100 10.8658 -0.2466 pedestrian 0.9024907350540161
101 10.8658 -0.2466 pedestrian 0.9068703651428223
101 11.9311 0.2629 pedestrian 0.9028943777084351
102 10.8658 -0.2466 pedestrian 0.9076685309410095
102 11.9311 0.2629 pedestrian 0.898470014333725
103 10.8658 -0.2466 pedestrian 0.9082754254341125
103 11.9311 0.2629 pedestrian 0.8924586176872253
104 10.8658 -0.2466 pedestrian 0.8870669305324554
104 11.9311 0.2629 pedestrian 0.8603517711162567
105 10.8658 -0.2629 pedestrian 0.8993619978427887
105 11.9311 0.2629 pedestrian 0.8806556463241577
106 10.8658 -0.2629 pedestrian 0.9079159200191498
106 11.9311 0.2629 pedestrian 0.8945835828781128
107 10.8658 -0.2629 pedestrian 0.9174186289310455
107 11.9311 0.2629 pedestrian 0.903479665517807
108 10.8658 -0.2629 pedestrian 0.9204552173614502
108 11.9311 0.2629 pedestrian 0.9048587381839752
109 10.8658 -0.2629 pedestrian 0.9209772348403931
109 11.9311 0.2629 pedestrian 0.9044093787670135
110 10.8658 -0.2629 pedestrian 0.9191749691963196
110 11.9311 0.2629 pedestrian 0.8985942602157593
111 10.8658 -0.2629 pedestrian 0.9162034392356873
111 11.9311 0.2629 pedestrian 0.8900217711925507
112 10.8658 -0.2629 pedestrian 0.8856680691242218
112 11.9311 0.2956 pedestrian 0.8696408271789551
113 10.8658 -0.2629 pedestrian 0.8974039256572723
113 11.9311 0.2956 pedestrian 0.8866988122463226
114 10.8658 -0.2629 pedestrian 0.9030767977237701
114 11.9311 0.2956 pedestrian 0.8995490074157715
115 10.8658 -0.2792 pedestrian 0.9104854166507721
115 11.9311 0.2956 pedestrian 0.9087242484092712
116 10.8658 -0.2792 pedestrian 0.9125441014766693
116 11.9311 0.2956 pedestrian 0.909600704908371
117 10.8658 -0.2792 pedestrian 0.9151893258094788
117 11.9311 0.2956 pedestrian 0.9080050885677338
118 10.8658 -0.2792 pedestrian 0.91414675116539
118 11.9311 0.2956 pedestrian 0.899838924407959
119 10.8658 -0.2792 pedestrian 0.9120455384254456
119 11.9311 0.2956 pedestrian 0.8905332386493683
120 10.6527 -0.2792 pedestrian 0.8941489458084106
120 11.9311 0.3121 pedestrian 0.8313545882701874
121 10.6527 -0.2792 pedestrian 0.9039804637432098
121 11.9311 0.3121 pedestrian 0.8489682078361511
122 10.6527 -0.2792 pedestrian 0.9100469350814819
122 11.9311 0.3121 pedestrian 0.860527753829956
123 10.6527 -0.2956 pedestrian 0.9163915812969208
123 12.1441 0.3121 pedestrian 0.8714722096920013
124 10.6527 -0.2956 pedestrian 0.9159656465053558
124 12.1441 0.3121 pedestrian 0.8743112981319427
125 10.6527 -0.2956 pedestrian 0.9175558984279633
125 12.1441 0.3287 pedestrian 0.8772715032100677
126 10.6527 -0.2956 pedestrian 0.9171295464038849
126 12.1441 0.3287 pedestrian 0.8736257255077362
127 10.6527 -0.2956 pedestrian 0.9134944081306458
127 12.1441 0.3287 pedestrian 0.8693020343780518
128 10.6527 -0.2956 pedestrian 0.8977413177490234
128 12.1441 0.3287 pedestrian 0.8299789428710938
129 10.6527 -0.2956 pedestrian 0.9084806144237518
129 12.1441 0.3287 pedestrian 0.8472602963447571
130 10.6527 -0.2956 pedestrian 0.9117229878902435
130 12.3572 0.3287 pedestrian 0.8667178153991699
131 10.6527 -0.2956 pedestrian 0.9147302210330963
131 12.3572 0.3287 pedestrian 0.8800210356712341
132 10.6527 -0.2956 pedestrian 0.9138264060020447
132 12.3572 0.3287 pedestrian 0.8841027319431305
133 10.6527 -0.2956 pedestrian 0.915374368429184
133 12.3572 0.3287 pedestrian 0.8873297572135925
134 10.6527 -0.2956 pedestrian 0.9136094152927399
134 12.3572 0.3287 pedestrian 0.8833011388778687
135 10.6527 -0.2956 pedestrian 0.9070495665073395
135 12.3572 0.3287 pedestrian 0.8777716159820557
136 10.4397 -0.2956 pedestrian 0.8771732151508331
136 12.3572 0.3454 pedestrian 0.8312498033046722
137 10.4397 -0.2956 pedestrian 0.8870061039924622
137 12.3572 0.3454 pedestrian 0.8475362360477448
138 10.4397 -0.2956 pedestrian 0.8921903371810913
138 12.3572 0.3622 pedestrian 0.8633352220058441
139 10.4397 -0.2956 pedestrian 0.8967685401439667
139 12.3572 0.3622 pedestrian 0.8753591477870941
140 10.4397 -0.2956 pedestrian 0.895691841840744
140 12.3572 0.3622 pedestrian 0.8761201202869415
141 10.4397 -0.2956 pedestrian 0.8972714841365814
141 12.3572 0.3622 pedestrian 0.8751485347747803
142 10.4397 -0.2956 pedestrian 0.8955622911453247
142 12.3572 0.3622 pedestrian 0.8663693368434906
143 10.4397 -0.2956 pedestrian 0.8915264904499054
143 12.3572 0.3622 pedestrian 0.8559822142124176
144 10.2266 -0.2956 pedestrian 0.8868017196655273
144 12.5702 0.3622 pedestrian 0.8328098356723785
145 10.2266 -0.2956 pedestrian 0.901158332824707
145 12.5702 0.3622 pedestrian 0.8492371737957001
146 10.2266 -0.2956 pedestrian 0.9078616797924042
146 12.5702 0.3622 pedestrian 0.8628500699996948
147 10.2266 -0.2956 pedestrian 0.91336590051651
147 12.5702 0.3622 pedestrian 0.8715076744556427
148 10.2266 -0.2956 pedestrian 0.9135114848613739
148 12.5702 0.3622 pedestrian 0.8731662034988403
149 10.2266 -0.2956 pedestrian 0.9157741963863373
149 12.5702 0.3622 pedestrian 0.8708711266517639
150 10.2266 -0.2792 pedestrian 0.9152261912822723
150 12.5702 0.3622 pedestrian 0.8620920181274414
151 10.2266 -0.2792 pedestrian 0.9122661650180817
151 12.5702 0.3622 pedestrian 0.858914703130722
152 10.2266 -0.2792 pedestrian 0.8819776177406311
152 12.7833 0.3791 pedestrian 0.8798741698265076
153 12.7833 0.3791 pedestrian 0.8980760276317596
153 10.2266 -0.2792 pedestrian 0.8951587080955505
154 12.7833 0.3791 pedestrian 0.9088197648525238
154 10.2266 -0.2792 pedestrian 0.901716411113739
155 12.7833 0.3622 pedestrian 0.9177771806716919
155 10.2266 -0.2792 pedestrian 0.9064135253429413
156 12.7833 0.3791 pedestrian 0.9201691150665283
156 10.2266 -0.2792 pedestrian 0.904281347990036
157 12.7833 0.3791 pedestrian 0.9225983023643494
157 10.2266 -0.2792 pedestrian 0.9017623662948608
158 12.7833 0.3791 pedestrian 0.9211876094341278
158 10.0136 -0.2792 pedestrian 0.8981103003025055
159 12.7833 0.3791 pedestrian 0.9155722856521606
159 10.0136 -0.2792 pedestrian 0.8911719620227814
160 10.0136 -0.2466 pedestrian 0.8739597201347351
160 12.7833 0.3791 pedestrian 0.8504697382450104
161 10.0136 -0.2466 pedestrian 0.8870923519134521
161 12.7833 0.3791 pedestrian 0.8645633161067963
162 10.0136 -0.2466 pedestrian 0.8954815864562988
162 12.9963 0.3791 pedestrian 0.8728687763214111
163 10.0136 -0.2466 pedestrian 0.9026245176792145
163 12.9963 0.3791 pedestrian 0.8826703429222107
164 10.0136 -0.2466 pedestrian 0.9045626223087311
164 12.9963 0.3791 pedestrian 0.8865567743778229
165 10.0136 -0.2466 pedestrian 0.9041969478130341
165 12.9963 0.3791 pedestrian 0.8920211493968964
166 10.0136 -0.2466 pedestrian 0.8988017439842224
166 12.9963 0.3791 pedestrian 0.8935672342777252
167 12.9963 0.3791 pedestrian 0.8930415511131287
167 10.0136 -0.2466 pedestrian 0.892442375421524
168 12.9963 0.3791 pedestrian 0.871375322341919
168 9.8005 -0.2304 pedestrian 0.8659900426864624
169 12.9963 0.3791 pedestrian 0.889369398355484
169 9.8005 -0.2304 pedestrian 0.8779141306877136
170 12.9963 0.3791 pedestrian 0.8998198509216309
170 9.8005 -0.2304 pedestrian 0.8833793103694916
171 12.9963 0.3791 pedestrian 0.9085354208946228
171 9.8005 -0.2304 pedestrian 0.8884163796901703
172 12.9963 0.3622 pedestrian 0.9118448495864868
172 9.8005 -0.2304 pedestrian 0.8870597779750824
173 12.9963 0.3622 pedestrian 0.9141469299793243
173 9.8005 -0.2304 pedestrian 0.8867042660713196
174 12.9963 0.3622 pedestrian 0.9110406339168549
174 9.8005 -0.2304 pedestrian 0.8832243084907532
175 12.9963 0.3791 pedestrian 0.9062225222587585
175 9.8005 -0.2142 pedestrian 0.8805399239063263
176 12.9963 0.3622 pedestrian 0.8637733459472656
176 9.8005 -0.1981 pedestrian 0.853154867887497
177 12.9963 0.3622 pedestrian 0.8798996806144714
177 9.8005 -0.1981 pedestrian 0.8639888763427734
178 12.9963 0.3622 pedestrian 0.8881559073925018
178 9.8005 -0.1981 pedestrian 0.8709203898906708
179 12.9963 0.3622 pedestrian 0.8926167786121368
179 9.8005 -0.1981 pedestrian 0.877063512802124
180 13.2094 0.3622 pedestrian 0.8927512764930725
180 9.8005 -0.1981 pedestrian 0.8769895732402802
181 13.2094 0.3622 pedestrian 0.8967844843864441
181 9.8005 -0.1981 pedestrian 0.8791268169879913
182 13.2094 0.3454 pedestrian 0.896081417798996
182 9.8005 -0.1821 pedestrian 0.8827205896377563
183 13.2094 0.3454 pedestrian 0.8937133252620697
183 9.8005 -0.1821 pedestrian 0.8850386738777161
184 9.8005 -0.1821 pedestrian 0.8570043742656708
184 13.2094 0.3454 pedestrian 0.8484435081481934
185 9.8005 -0.1661 pedestrian 0.8700359761714935
185 13.2094 0.3287 pedestrian 0.8618614375591278
186 9.8005 -0.1661 pedestrian 0.8825247585773468
186 13.2094 0.3287 pedestrian 0.871585875749588
187 9.8005 -0.1661 pedestrian 0.8929407298564911
187 13.2094 0.3287 pedestrian 0.8790372908115387
188 9.8005 -0.1661 pedestrian 0.8956429958343506
188 13.2094 0.3287 pedestrian 0.8820511698722839
189 9.8005 -0.1661 pedestrian 0.8934181034564972
189 13.2094 0.3287 pedestrian 0.8878621757030487
190 13.2094 0.3287 pedestrian 0.8882284164428711
190 9.8005 -0.1661 pedestrian 0.8845796585083008
191 13.2094 0.3287 pedestrian 0.8854496777057648
191 9.8005 -0.1661 pedestrian 0.8767380118370056
192 9.8005 -0.1502 pedestrian 0.8694277405738831
192 13.2094 0.3121 pedestrian 0.8664409816265106
193 13.2094 0.3121 pedestrian 0.8824348151683807
193 9.8005 -0.1502 pedestrian 0.8795354068279266
194 13.2094 0.3121 pedestrian 0.8902701735496521
194 9.8005 -0.1502 pedestrian 0.8871891498565674
195 13.2094 0.2956 pedestrian 0.898189902305603
195 9.8005 -0.1502 pedestrian 0.8948065042495728
196 13.2094 0.2956 pedestrian 0.9018290340900421
196 9.8005 -0.1343 pedestrian 0.8964370489120483
197 13.2094 0.2956 pedestrian 0.9060012996196747
197 9.8005 -0.1343 pedestrian 0.8996807038784027
198 13.2094 0.2956 pedestrian 0.9061788022518158
198 9.8005 -0.1343 pedestrian 0.8969392478466034
199 13.2094 0.2956 pedestrian 0.9026771485805511
199 9.8005 -0.1343 pedestrian 0.8931898772716522
200 13.2094 0.2956 pedestrian 0.8626537322998047
200 9.8005 -0.1343 pedestrian 0.858146071434021
201 13.2094 0.2956 pedestrian 0.8821287453174591
201 9.8005 -0.1343 pedestrian 0.8641591668128967
202 13.2094 0.2956 pedestrian 0.8920906186103821
202 9.8005 -0.1184 pedestrian 0.8667127192020416
203 13.2094 0.2956 pedestrian 0.9000879228115082
203 9.8005 -0.1184 pedestrian 0.8714353442192078
204 13.2094 0.2956 pedestrian 0.9029513895511627
204 9.8005 -0.1184 pedestrian 0.8714905083179474
205 13.2094 0.2956 pedestrian 0.9069882333278656
205 9.8005 -0.1184 pedestrian 0.8714950084686279
206 13.2094 0.2956 pedestrian 0.9073305428028107
206 9.8005 -0.1184 pedestrian 0.8669236302375793
207 13.2094 0.2956 pedestrian 0.9040455520153046
207 9.8005 -0.1184 pedestrian 0.8621889650821686
208 13.2094 0.2792 pedestrian 0.8736396133899689
208 9.8005 -0.0867 pedestrian 0.7988243997097015
209 13.2094 0.2792 pedestrian 0.8899573385715485
209 9.8005 -0.0867 pedestrian 0.8209014236927032
210 13.2094 0.2792 pedestrian 0.8960698843002319
210 9.8005 -0.0867 pedestrian 0.8421202898025513
211 13.2094 0.2629 pedestrian 0.9020215272903442
211 9.8005 -0.0867 pedestrian 0.8583495616912842
212 13.2094 0.2629 pedestrian 0.903913676738739
212 9.8005 -0.0867 pedestrian 0.8603238463401794
213 13.2094 0.2629 pedestrian 0.9075169861316681
213 9.8005 -0.0867 pedestrian 0.8552687764167786
214 13.2094 0.2629 pedestrian 0.9071800112724304
214 9.8005 -0.0709 pedestrian 0.8448788523674011
215 13.2094 0.2629 pedestrian 0.9024811387062073
215 9.8005 -0.0709 pedestrian 0.8379521667957306
216 13.2094 0.2466 pedestrian 0.8839024305343628
216 9.8005 -0.0551 pedestrian 0.8485888242721558
217 13.2094 0.2466 pedestrian 0.8987183570861816
217 9.8005 -0.0551 pedestrian 0.8609653115272522
218 13.2094 0.2466 pedestrian 0.9067699015140533
218 9.8005 -0.0551 pedestrian 0.869538426399231
219 13.2094 0.2466 pedestrian 0.9135928452014923
219 9.8005 -0.0551 pedestrian 0.8770353496074677
220 13.2094 0.2466 pedestrian 0.9145762920379639
220 9.8005 -0.0551 pedestrian 0.8773345947265625
221 13.2094 0.2466 pedestrian 0.9154749810695648
221 9.8005 -0.0551 pedestrian 0.8752860724925995
222 13.2094 0.2466 pedestrian 0.9138900339603424
222 9.8005 -0.0551 pedestrian 0.8689509630203247
223 13.2094 0.2466 pedestrian 0.9098561406135559
223 9.8005 -0.0551 pedestrian 0.864768773317337
224 9.8005 -0.0394 pedestrian 0.8556995689868927
224 13.2094 0.2304 pedestrian 0.8518673479557037
225 13.2094 0.2304 pedestrian 0.8698791265487671
225 9.8005 -0.0394 pedestrian 0.8647489547729492
226 13.2094 0.2304 pedestrian 0.8759905695915222
226 9.8005 -0.0394 pedestrian 0.8717328906059265
227 13.2094 0.2304 pedestrian 0.8804834187030792
227 9.8005 -0.0394 pedestrian 0.8789361417293549
228 12.9963 0.2304 pedestrian 0.8827472627162933
228 9.8005 -0.0236 pedestrian 0.8799777030944824
229 12.9963 0.2304 pedestrian 0.886062502861023
229 9.8005 -0.0236 pedestrian 0.8823137581348419
230 12.9963 0.2304 pedestrian 0.8859294950962067
230 9.8005 -0.0236 pedestrian 0.8801910281181335
231 12.9963 0.2304 pedestrian 0.8835130333900452
231 9.8005 -0.0236 pedestrian 0.877638190984726
232 9.8005 -0.0079 pedestrian 0.8579993546009064
232 12.9963 0.2142 pedestrian 0.8478932082653046
233 9.8005 0.0079 pedestrian 0.8676822483539581
233 12.9963 0.2142 pedestrian 0.8611494898796082
234 9.8005 0.0079 pedestrian 0.8762843608856201
234 12.9963 0.2142 pedestrian 0.8649455010890961
235 9.8005 0.0079 pedestrian 0.8833604156970978
235 12.9963 0.1981 pedestrian 0.8705043494701385
236 9.8005 0.0079 pedestrian 0.8861161172389984
236 12.9963 0.1981 pedestrian 0.8705225586891174
237 9.8005 0.0079 pedestrian 0.8861887156963348
237 12.9963 0.1981 pedestrian 0.869461715221405
238 9.8005 0.0079 pedestrian 0.8807744681835175
238 12.9963 0.1981 pedestrian 0.8652784526348114
239 9.8005 0.0079 pedestrian 0.8749985098838806
239 12.9963 0.1981 pedestrian 0.8553582727909088
240 9.8005 0.0236 pedestrian 0.8649998009204865
240 12.9963 0.1661 pedestrian 0.8153198957443237
241 9.8005 0.0236 pedestrian 0.8716749548912048
241 12.9963 0.1661 pedestrian 0.8364883065223694
242 9.8005 0.0394 pedestrian 0.8784611821174622
242 12.9963 0.1661 pedestrian 0.8441071808338165
243 9.8005 0.0394 pedestrian 0.8853784501552582
243 12.9963 0.1661 pedestrian 0.8481432497501373
244 9.8005 0.0394 pedestrian 0.8866546452045441
244 12.9963 0.1661 pedestrian 0.8495340943336487
245 9.8005 0.0394 pedestrian 0.8871689438819885
245 12.9963 0.1661 pedestrian 0.8536498546600342
246 9.8005 0.0394 pedestrian 0.8832051157951355
246 12.9963 0.1661 pedestrian 0.8504026234149933
247 9.8005 0.0394 pedestrian 0.878014475107193
247 12.9963 0.1661 pedestrian 0.8318905532360077
248 12.7833 0.1502 pedestrian 0.8679887652397156
248 10.0136 0.0709 pedestrian 0.8645959198474884
249 12.7833 0.1502 pedestrian 0.8818769156932831
249 10.0136 0.0709 pedestrian 0.880317747592926
250 12.7833 0.1502 pedestrian 0.8912641406059265
250 10.0136 0.0709 pedestrian 0.8904877007007599
251 10.0136 0.0709 pedestrian 0.8993193507194519
251 12.7833 0.1502 pedestrian 0.8972801268100739
252 10.0136 0.0709 pedestrian 0.9011476337909698
252 12.7833 0.1502 pedestrian 0.8968604505062103
253 10.0136 0.0709 pedestrian 0.9027476906776428
253 12.7833 0.1502 pedestrian 0.8980317115783691
254 10.0136 0.0867 pedestrian 0.9020945429801941
254 12.7833 0.1502 pedestrian 0.8969020247459412
255 10.0136 0.0867 pedestrian 0.9015432000160217
255 12.7833 0.1502 pedestrian 0.8921070694923401
256 10.0136 0.1025 pedestrian 0.8888881206512451
256 12.7833 0.1343 pedestrian 0.8754918277263641
257 10.0136 0.1184 pedestrian 0.9035569429397583
257 12.7833 0.1343 pedestrian 0.8862360715866089
258 10.0136 0.1184 pedestrian 0.9135883152484894
258 12.7833 0.1343 pedestrian 0.8910732865333557
259 10.0136 0.1184 pedestrian 0.9231756925582886
259 12.7833 0.1343 pedestrian 0.8953859508037567
260 10.0136 0.1184 pedestrian 0.9260783493518829
260 12.7833 0.1343 pedestrian 0.8967307507991791
261 10.0136 0.1184 pedestrian 0.9279966056346893
261 12.7833 0.1184 pedestrian 0.8993356227874756
262 10.0136 0.1184 pedestrian 0.9271724820137024
262 12.7833 0.1184 pedestrian 0.8994600772857666
263 10.0136 0.1184 pedestrian 0.924301952123642
263 12.7833 0.1184 pedestrian 0.8940479457378387
264 10.0136 0.1343 pedestrian 0.8905519545078278
264 12.7833 0.1184 pedestrian 0.8450957536697388
265 10.0136 0.1343 pedestrian 0.9001016020774841
265 12.7833 0.1184 pedestrian 0.8595300912857056
266 10.0136 0.1343 pedestrian 0.9062771797180176
266 12.7833 0.1184 pedestrian 0.8646067678928375
267 10.0136 0.1343 pedestrian 0.9118688404560089
267 12.7833 0.1025 pedestrian 0.8690027892589569
268 10.0136 0.1502 pedestrian 0.9129515886306763
268 12.7833 0.1025 pedestrian 0.8703346252441406
269 10.0136 0.1502 pedestrian 0.9146591424942017
269 12.7833 0.1025 pedestrian 0.8764324188232422
270 10.0136 0.1502 pedestrian 0.914618045091629
270 12.7833 0.1025 pedestrian 0.877701610326767
271 10.0136 0.1502 pedestrian 0.9125093221664429
271 12.7833 0.1025 pedestrian 0.8732346892356873
272 10.0136 0.1502 pedestrian 0.8945167064666748
272 12.7833 0.1025 pedestrian 0.8504990339279175
273 10.0136 0.1502 pedestrian 0.907108873128891
273 12.7833 0.1025 pedestrian 0.8638395369052887
274 10.0136 0.1661 pedestrian 0.9156449437141418
274 12.7833 0.1025 pedestrian 0.8733661770820618
275 10.0136 0.1661 pedestrian 0.9225437939167023
275 12.7833 0.1025 pedestrian 0.8798979818820953
276 10.0136 0.1661 pedestrian 0.925571471452713
276 12.7833 0.1025 pedestrian 0.8797112703323364
277 10.0136 0.1661 pedestrian 0.9277510941028595
277 12.7833 0.0867 pedestrian 0.8827079236507416
278 10.0136 0.1661 pedestrian 0.9271844029426575
278 12.7833 0.0867 pedestrian 0.8827666938304901
279 10.0136 0.1661 pedestrian 0.9240076541900635
279 12.7833 0.0867 pedestrian 0.8799876868724823
280 10.0136 0.1981 pedestrian 0.8890171647071838
280 12.5702 0.0709 pedestrian 0.8363918960094452
281 10.0136 0.1981 pedestrian 0.9041351675987244
281 12.5702 0.0709 pedestrian 0.8502405881881714
282 10.0136 0.1981 pedestrian 0.9151468575000763
282 12.5702 0.0709 pedestrian 0.8606853187084198
283 10.0136 0.1981 pedestrian 0.9236080050468445
283 12.5702 0.0709 pedestrian 0.8703085482120514
284 10.0136 0.1981 pedestrian 0.926387757062912
284 12.5702 0.0709 pedestrian 0.8730963170528412
285 10.0136 0.1981 pedestrian 0.9282028377056122
285 12.5702 0.0709 pedestrian 0.8778848946094513
286 10.0136 0.1981 pedestrian 0.9257375597953796
286 12.5702 0.0551 pedestrian 0.8807265162467957
287 10.0136 0.1981 pedestrian 0.9217984080314636
287 12.5702 0.0551 pedestrian 0.8838974237442017
288 10.2266 0.2142 pedestrian 0.8888219892978668
288 12.5702 0.0394 pedestrian 0.8722584247589111
289 10.2266 0.2304 pedestrian 0.9023895263671875
289 12.5702 0.0394 pedestrian 0.883394330739975
290 10.2266 0.2304 pedestrian 0.9122540950775146
290 12.5702 0.0394 pedestrian 0.8920113146305084
291 10.2266 0.2304 pedestrian 0.9210940003395081
291 12.5702 0.0394 pedestrian 0.8994981050491333
292 10.2266 0.2304 pedestrian 0.9239669442176819
292 12.5702 0.0394 pedestrian 0.8990882933139801
293 10.2266 0.2304 pedestrian 0.9261250197887421
293 12.5702 0.0394 pedestrian 0.8997910618782043
294 10.2266 0.2304 pedestrian 0.9255419373512268
294 12.5702 0.0394 pedestrian 0.8975605070590973
295 10.2266 0.2304 pedestrian 0.9231343567371368
295 12.5702 0.0236 pedestrian 0.8960880935192108
296 10.2266 0.2629 pedestrian 0.8653703331947327
296 12.5702 0.0236 pedestrian 0.8544735908508301
297 10.2266 0.2629 pedestrian 0.8835117816925049
297 12.5702 0.0236 pedestrian 0.8649463057518005
298 10.2266 0.2629 pedestrian 0.8929937481880188
298 12.5702 0.0236 pedestrian 0.8748182952404022
299 10.2266 0.2629 pedestrian 0.9000610709190369
299 12.5702 0.0236 pedestrian 0.8826223611831665
300 10.2266 0.2629 pedestrian 0.9035815000534058
300 12.5702 0.0236 pedestrian 0.8795890212059021
301 10.2266 0.2629 pedestrian 0.9077131152153015
301 12.5702 0.0236 pedestrian 0.8829136788845062
302 10.2266 0.2629 pedestrian 0.9080005884170532
302 12.5702 0.0079 pedestrian 0.8837745785713196
303 10.2266 0.2629 pedestrian 0.9038977026939392
303 12.5702 0.0079 pedestrian 0.8861881494522095
304 10.2266 0.2629 pedestrian 0.8828395307064056
304 12.5702 0.0079 pedestrian 0.8709800541400909
305 10.2266 0.2629 pedestrian 0.8957612216472626
305 12.5702 0.0079 pedestrian 0.8845199048519135
306 10.2266 0.2629 pedestrian 0.9002343118190765
306 12.5702 0.0079 pedestrian 0.8957526087760925
307 12.5702 0.0079 pedestrian 0.9043634533882141
307 10.2266 0.2629 pedestrian 0.9024901986122131
308 12.5702 0.0079 pedestrian 0.9061977863311768
308 10.4397 0.2792 pedestrian 0.9009945690631866
309 12.5702 0.0079 pedestrian 0.9097238481044769
309 10.4397 0.2792 pedestrian 0.9038783609867096
310 12.5702 0.0079 pedestrian 0.9093041718006134
310 10.4397 0.2792 pedestrian 0.9032704532146454
311 12.5702 -0.0079 pedestrian 0.9089197218418121
311 10.4397 0.2792 pedestrian 0.8986442685127258
312 10.4397 0.2956 pedestrian 0.873435765504837
312 12.5702 0.0079 pedestrian 0.8597879409790039
313 10.4397 0.2956 pedestrian 0.8902245163917542
313 12.5702 0.0079 pedestrian 0.8680850267410278
314 10.4397 0.2956 pedestrian 0.8994193077087402
314 12.5702 -0.0079 pedestrian 0.875388115644455
315 10.4397 0.2956 pedestrian 0.9063447117805481
315 12.5702 -0.0079 pedestrian 0.8837137520313263
316 10.4397 0.2956 pedestrian 0.9060899019241333
316 12.5702 -0.0079 pedestrian 0.882770836353302
317 10.4397 0.2956 pedestrian 0.9061369299888611
317 12.5702 -0.0079 pedestrian 0.8849212527275085
318 10.4397 0.3121 pedestrian 0.9053638279438019
318 12.5702 -0.0079 pedestrian 0.8836627900600433
319 10.4397 0.3121 pedestrian 0.9029161930084229
319 12.5702 -0.0079 pedestrian 0.8827176094055176
320 10.4397 0.3287 pedestrian 0.8649762272834778
320 12.3572 -0.0236 pedestrian 0.7045529782772064
321 10.4397 0.3287 pedestrian 0.8812688589096069
321 12.3572 -0.0236 pedestrian 0.7249013483524323
322 10.4397 0.3287 pedestrian 0.8888127505779266
322 12.3572 -0.0236 pedestrian 0.7582906782627106
323 10.4397 0.3287 pedestrian 0.894036054611206
323 12.3572 -0.0236 pedestrian 0.7860899567604065
324 10.4397 0.3287 pedestrian 0.8943612277507782
324 12.5702 -0.0236 pedestrian 0.797592282295227
325 10.4397 0.3287 pedestrian 0.8951693177223206
325 12.5702 -0.0236 pedestrian 0.8037203550338745
326 10.4397 0.3287 pedestrian 0.8928439617156982
326 12.5702 -0.0236 pedestrian 0.7977019250392914
327 10.6527 0.3287 pedestrian 0.8893687129020691
327 12.5702 -0.0394 pedestrian 0.7963121831417084
328 10.6527 0.3454 pedestrian 0.8562780320644379
328 12.5702 -0.0394 pedestrian 0.7889728844165802
329 10.6527 0.3454 pedestrian 0.8766068518161774
329 12.5702 -0.0551 pedestrian 0.8048000037670135
330 10.6527 0.3287 pedestrian 0.8871883153915405
330 12.5702 -0.0551 pedestrian 0.8173733651638031
331 10.6527 0.3287 pedestrian 0.8948974907398224
331 12.5702 -0.0551 pedestrian 0.8263960778713226
332 10.6527 0.3287 pedestrian 0.896003246307373
332 12.5702 -0.0551 pedestrian 0.8287578523159027
333 10.6527 0.3454 pedestrian 0.8981018662452698
333 12.5702 -0.0551 pedestrian 0.8327150046825409
334 10.6527 0.3454 pedestrian 0.8991952538490295
334 12.5702 -0.0551 pedestrian 0.8335384130477905
335 10.6527 0.3454 pedestrian 0.8962937891483307
335 12.5702 -0.0551 pedestrian 0.8390880823135376
336 10.6527 0.3622 pedestrian 0.8427508473396301
336 12.5702 -0.0551 pedestrian 0.8330493271350861
337 10.8658 0.3622 pedestrian 0.864265650510788
337 12.5702 -0.0709 pedestrian 0.8448805212974548
338 10.8658 0.3622 pedestrian 0.8751769363880157
338 12.5702 -0.0709 pedestrian 0.8600999712944031
339 10.8658 0.3622 pedestrian 0.8835323452949524
339 12.5702 -0.0709 pedestrian 0.8727071583271027
340 10.8658 0.3622 pedestrian 0.8869011104106903
340 12.5702 -0.0709 pedestrian 0.875682145357132
341 10.8658 0.3622 pedestrian 0.8909884691238403
341 12.5702 -0.0709 pedestrian 0.8800193071365356
342 10.8658 0.3622 pedestrian 0.8910943865776062
342 12.5702 -0.0709 pedestrian 0.879900336265564
343 10.8658 0.3622 pedestrian 0.88775634765625
343 12.5702 -0.0709 pedestrian 0.8810288906097412
344 10.8658 0.3961 pedestrian 0.8687108755111694
344 12.5702 -0.0867 pedestrian 0.8687104880809784
345 10.8658 0.3961 pedestrian 0.8941390216350555
345 12.5702 -0.1025 pedestrian 0.8821418583393097
346 10.8658 0.3961 pedestrian 0.9059760570526123
346 12.5702 -0.1025 pedestrian 0.8943322002887726
347 10.8658 0.3961 pedestrian 0.9135448634624481
347 12.5702 -0.1025 pedestrian 0.9025734066963196
348 10.8658 0.3961 pedestrian 0.9153903424739838
348 12.5702 -0.1025 pedestrian 0.9021891057491302
349 10.8658 0.3961 pedestrian 0.9167543947696686
349 12.5702 -0.1025 pedestrian 0.9029771983623505
350 10.8658 0.3961 pedestrian 0.9147929847240448
350 12.5702 -0.1025 pedestrian 0.8994649350643158
351 10.8658 0.3961 pedestrian 0.9054163694381714
351 12.5702 -0.1025 pedestrian 0.8984391093254089
352 10.8658 0.3961 pedestrian 0.8791282176971436
352 12.5702 -0.1184 pedestrian 0.872786670923233
353 10.8658 0.3961 pedestrian 0.8878519833087921
353 12.5702 -0.1184 pedestrian 0.8844688236713409
354 12.5702 -0.1184 pedestrian 0.8936197459697723
354 11.0789 0.3961 pedestrian 0.8934159576892853
355 12.5702 -0.1184 pedestrian 0.9025491178035736
355 11.0789 0.3961 pedestrian 0.8993203938007355
356 12.5702 -0.1184 pedestrian 0.9063548445701599
356 11.0789 0.3961 pedestrian 0.8986232876777649
357 12.5702 -0.1184 pedestrian 0.9109068810939789
357 11.0789 0.4132 pedestrian 0.9010218977928162
358 12.5702 -0.1184 pedestrian 0.9113659560680389
358 11.0789 0.4132 pedestrian 0.8992224633693695
359 12.5702 -0.1184 pedestrian 0.9096789658069611
359 11.0789 0.4132 pedestrian 0.8933030962944031
360 12.5702 -0.1343 pedestrian 0.8814662098884583
360 11.0789 0.4305 pedestrian 0.8583644330501556
361 12.5702 -0.1343 pedestrian 0.8925727605819702
361 11.0789 0.4305 pedestrian 0.8696761131286621
362 12.5702 -0.1343 pedestrian 0.9009793102741241
362 11.0789 0.4305 pedestrian 0.8722712695598602
363 12.5702 -0.1343 pedestrian 0.9079886078834534
363 11.2919 0.4305 pedestrian 0.8758276700973511
364 12.5702 -0.1343 pedestrian 0.9063173532485962
364 11.2919 0.4305 pedestrian 0.877126544713974
365 12.5702 -0.1343 pedestrian 0.9083998203277588
365 11.2919 0.4305 pedestrian 0.8789301812648773
366 12.5702 -0.1343 pedestrian 0.907459020614624
366 11.2919 0.4305 pedestrian 0.8773790597915649
367 12.5702 -0.1343 pedestrian 0.9056507349014282
367 11.2919 0.4305 pedestrian 0.8735214471817017
368 12.5702 -0.1502 pedestrian 0.8737444877624512
368 11.2919 0.4479 pedestrian 0.8431283831596375
369 12.5702 -0.1502 pedestrian 0.8838896751403809
369 11.2919 0.4479 pedestrian 0.8601756989955902
370 12.5702 -0.1502 pedestrian 0.8933586478233337
370 11.2919 0.4305 pedestrian 0.8689866960048676
371 12.5702 -0.1502 pedestrian 0.8996677398681641
371 11.5050 0.4479 pedestrian 0.8730646669864655
372 12.5702 -0.1502 pedestrian 0.899726390838623
372 11.5050 0.4479 pedestrian 0.8725127577781677
373 12.5702 -0.1502 pedestrian 0.8998967409133911
373 11.5050 0.4479 pedestrian 0.8700687885284424
374 12.5702 -0.1502 pedestrian 0.8966055512428284
374 11.5050 0.4479 pedestrian 0.8642107248306274
375 12.5702 -0.1502 pedestrian 0.8936980962753296
375 11.5050 0.4479 pedestrian 0.8529026508331299
376 12.7833 -0.1661 pedestrian 0.8606137633323669
376 11.5050 0.4831 pedestrian 0.7724416255950928
377 12.7833 -0.1661 pedestrian 0.8715378940105438
377 11.7180 0.4831 pedestrian 0.8155840039253235
378 12.7833 -0.1661 pedestrian 0.88169726729393
378 11.7180 0.4831 pedestrian 0.837101012468338
379 12.7833 -0.1661 pedestrian 0.8888348042964935
379 11.7180 0.5010 pedestrian 0.8508972525596619
380 12.7833 -0.1661 pedestrian 0.8878538012504578
380 11.7180 0.5010 pedestrian 0.8582923114299774
381 12.7833 -0.1661 pedestrian 0.8912128508090973
381 11.7180 0.5010 pedestrian 0.8676826059818268
382 12.7833 -0.1661 pedestrian 0.8916845619678497
382 11.7180 0.5010 pedestrian 0.8696337342262268
383 12.7833 -0.1661 pedestrian 0.8902474045753479
383 11.7180 0.5010 pedestrian 0.8602905571460724
384 11.7180 0.5010 pedestrian 0.8619400858879089
384 12.7833 -0.1661 pedestrian 0.8105905950069427
385 11.7180 0.5010 pedestrian 0.8799412548542023
385 12.7833 -0.1661 pedestrian 0.8273605704307556
386 11.7180 0.5010 pedestrian 0.8862278163433075
386 12.9963 -0.1661 pedestrian 0.8495347201824188
387 11.7180 0.5010 pedestrian 0.8893650472164154
387 12.9963 -0.1661 pedestrian 0.8686172664165497
388 11.9311 0.5010 pedestrian 0.8909235298633575
388 12.9963 -0.1661 pedestrian 0.873661607503891
389 11.9311 0.5010 pedestrian 0.892707496881485
389 12.9963 -0.1661 pedestrian 0.8737989068031311
390 11.9311 0.5010 pedestrian 0.8907227218151093
390 12.9963 -0.1661 pedestrian 0.8677976727485657
391 11.9311 0.5010 pedestrian 0.885069727897644
391 12.9963 -0.1661 pedestrian 0.86650350689888
392 12.9963 -0.1661 pedestrian 0.8470461964607239
392 11.9311 0.5010 pedestrian 0.7127266526222229
393 12.9963 -0.1661 pedestrian 0.8564744591712952
393 11.9311 0.5010 pedestrian 0.7631709277629852
394 12.9963 -0.1661 pedestrian 0.8659331202507019
394 12.1441 0.5010 pedestrian 0.7781140804290771
395 12.9963 -0.1661 pedestrian 0.8740221261978149
395 12.1441 0.5010 pedestrian 0.7892970740795135
396 12.9963 -0.1821 pedestrian 0.8781149387359619
396 12.1441 0.5010 pedestrian 0.797368973493576
397 12.9963 -0.1821 pedestrian 0.8804673850536346
397 12.1441 0.5010 pedestrian 0.810651034116745
398 12.9963 -0.1821 pedestrian 0.8780356645584106
398 12.1441 0.5010 pedestrian 0.8109992444515228
399 12.9963 -0.1821 pedestrian 0.8782884776592255
399 12.1441 0.5010 pedestrian 0.7972511947154999
400 12.9963 -0.1661 pedestrian 0.884960949420929
400 12.1441 0.5010 pedestrian 0.8196670413017273
401 12.9963 -0.1661 pedestrian 0.8916988670825958
401 12.1441 0.5010 pedestrian 0.8423745632171631
402 12.9963 -0.1661 pedestrian 0.8969658315181732
402 12.1441 0.5010 pedestrian 0.8521949350833893
403 13.2094 -0.1661 pedestrian 0.9023072421550751
403 12.1441 0.5010 pedestrian 0.8587666749954224
404 13.2094 -0.1661 pedestrian 0.9044931530952454
404 12.1441 0.5010 pedestrian 0.8580900430679321
405 13.2094 -0.1661 pedestrian 0.9078288674354553
405 12.1441 0.5010 pedestrian 0.8590675294399261
406 13.2094 -0.1661 pedestrian 0.907380074262619
406 12.1441 0.5010 pedestrian 0.8578342795372009
407 13.2094 -0.1661 pedestrian 0.9059566855430603
407 12.1441 0.5010 pedestrian 0.8510547876358032
408 13.2094 -0.1661 pedestrian 0.8792348206043243
408 12.1441 0.4831 pedestrian 0.8376594185829163
409 13.2094 -0.1502 pedestrian 0.8919150531291962
409 12.1441 0.4831 pedestrian 0.8570401668548584
410 13.2094 -0.1502 pedestrian 0.9009927809238434
410 12.3572 0.4831 pedestrian 0.8709419369697571
411 13.2094 -0.1502 pedestrian 0.906545877456665
411 12.3572 0.4831 pedestrian 0.882953405380249
412 13.2094 -0.1502 pedestrian 0.9077171385288239
412 12.3572 0.4831 pedestrian 0.88634392619133
413 13.2094 -0.1502 pedestrian 0.9116973876953125
413 12.3572 0.4831 pedestrian 0.8876136541366577
414 13.2094 -0.1502 pedestrian 0.9117177724838257
414 12.3572 0.4831 pedestrian 0.8852359652519226
415 13.2094 -0.1502 pedestrian 0.9089133739471436
415 12.3572 0.4831 pedestrian 0.8813983500003815
416 13.2094 -0.1502 pedestrian 0.8507539629936218
416 12.3572 0.4654 pedestrian 0.8407024145126343
417 13.2094 -0.1502 pedestrian 0.8676666617393494
417 12.3572 0.4479 pedestrian 0.8666030466556549
418 13.2094 -0.1502 pedestrian 0.8843063116073608
418 12.3572 0.4479 pedestrian 0.8832218945026398
419 12.3572 0.4479 pedestrian 0.8955528140068054
419 13.2094 -0.1502 pedestrian 0.8938258290290833
420 12.3572 0.4479 pedestrian 0.8984238803386688
420 13.2094 -0.1502 pedestrian 0.8951962292194366
421 12.3572 0.4479 pedestrian 0.8977765738964081
421 13.2094 -0.1502 pedestrian 0.8965096771717072
422 13.2094 -0.1502 pedestrian 0.8949345648288727
422 12.3572 0.4479 pedestrian 0.890426754951477
423 13.2094 -0.1502 pedestrian 0.8932862281799316
423 12.3572 0.4479 pedestrian 0.8795914351940155
424 13.2094 -0.1343 pedestrian 0.8676673769950867
424 12.3572 0.4305 pedestrian 0.8325997889041901
425 13.2094 -0.1343 pedestrian 0.8819593191146851
425 12.3572 0.4305 pedestrian 0.8623387813568115
426 13.2094 -0.1343 pedestrian 0.8923255801200867
426 12.3572 0.4305 pedestrian 0.877051442861557
427 13.2094 -0.1343 pedestrian 0.900757908821106
427 12.3572 0.4305 pedestrian 0.8867854177951813
428 13.2094 -0.1343 pedestrian 0.9022940695285797
428 12.3572 0.4305 pedestrian 0.892256498336792
429 13.2094 -0.1343 pedestrian 0.9000196754932404
429 12.3572 0.4305 pedestrian 0.8973133862018585
430 12.3572 0.4305 pedestrian 0.8946593105792999
430 13.2094 -0.1343 pedestrian 0.8927086889743805
431 12.3572 0.4305 pedestrian 0.8880016207695007
431 13.4225 -0.1343 pedestrian 0.8879163861274719
432 13.4225 -0.1184 pedestrian 0.8833546936511993
432 12.3572 0.4132 pedestrian 0.8492526710033417
433 13.4225 -0.1184 pedestrian 0.897564172744751
433 12.3572 0.4132 pedestrian 0.8770012855529785
434 13.4225 -0.1184 pedestrian 0.9096112847328186
434 12.1441 0.4132 pedestrian 0.8869753479957581
435 13.4225 -0.1184 pedestrian 0.9189306199550629
435 12.1441 0.4132 pedestrian 0.8979860842227936
436 13.4225 -0.1184 pedestrian 0.9209446012973785
436 12.1441 0.3961 pedestrian 0.9034267663955688
437 13.4225 -0.1184 pedestrian 0.9238452315330505
437 12.1441 0.3961 pedestrian 0.9071691632270813
438 13.4225 -0.1184 pedestrian 0.9235138595104218
438 12.1441 0.3961 pedestrian 0.9054269194602966
439 13.4225 -0.1184 pedestrian 0.9210050404071808
439 12.1441 0.3961 pedestrian 0.8977878987789154
440 13.4225 -0.1025 pedestrian 0.8777747452259064
440 12.1441 0.3961 pedestrian 0.8505140841007233
441 13.4225 -0.1025 pedestrian 0.8868424892425537
441 12.1441 0.3791 pedestrian 0.875531941652298
442 13.4225 -0.1025 pedestrian 0.8942328989505768
442 12.1441 0.3791 pedestrian 0.8859907388687134
443 13.4225 -0.1025 pedestrian 0.9005634188652039
443 12.1441 0.3791 pedestrian 0.8916026651859283
444 13.4225 -0.1025 pedestrian 0.9029110968112946
444 12.1441 0.3791 pedestrian 0.8917758166790009
445 13.4225 -0.1025 pedestrian 0.9020326435565948
445 12.1441 0.3791 pedestrian 0.8960261344909668
446 12.1441 0.3791 pedestrian 0.8978849351406097
446 13.4225 -0.1025 pedestrian 0.8967264592647552
447 13.4225 -0.1025 pedestrian 0.8939577043056488
447 12.1441 0.3791 pedestrian 0.8919208943843842
448 12.1441 0.3622 pedestrian 0.8807443976402283
448 13.4225 -0.0867 pedestrian 0.843444287776947
449 12.1441 0.3622 pedestrian 0.89704629778862
449 13.4225 -0.0867 pedestrian 0.8581668436527252
450 12.1441 0.3622 pedestrian 0.9052021205425262
450 13.4225 -0.0867 pedestrian 0.8685147166252136
451 12.1441 0.3622 pedestrian 0.9106289446353912
451 13.4225 -0.0867 pedestrian 0.8777578771114349
452 12.1441 0.3622 pedestrian 0.9112949967384338
452 13.4225 -0.0867 pedestrian 0.881748616695404
453 12.1441 0.3622 pedestrian 0.9107373058795929
453 13.4225 -0.0867 pedestrian 0.8867451846599579
454 12.1441 0.3622 pedestrian 0.9075930118560791
454 13.4225 -0.0867 pedestrian 0.8875927329063416
455 12.1441 0.3622 pedestrian 0.9014923572540283
455 13.4225 -0.0867 pedestrian 0.8855977058410645
456 13.4225 -0.0709 pedestrian 0.8571315705776215
456 11.9311 0.3454 pedestrian 0.8355798721313477
457 13.4225 -0.0709 pedestrian 0.8710446059703827
457 11.9311 0.3287 pedestrian 0.8502944707870483
458 13.4225 -0.0551 pedestrian 0.8821014165878296
458 11.9311 0.3287 pedestrian 0.8660179674625397
459 13.4225 -0.0551 pedestrian 0.8905995190143585
459 11.9311 0.3287 pedestrian 0.8770649433135986
460 13.4225 -0.0551 pedestrian 0.8922289311885834
460 11.9311 0.3287 pedestrian 0.8811552822589874
461 13.4225 -0.0551 pedestrian 0.8930854499340057
461 11.9311 0.3287 pedestrian 0.8839622139930725
462 13.4225 -0.0551 pedestrian 0.8896855115890503
462 11.9311 0.3287 pedestrian 0.8831833004951477
463 13.4225 -0.0551 pedestrian 0.8837924301624298
463 11.9311 0.3287 pedestrian 0.8823209702968597
464 11.9311 0.3287 pedestrian 0.8709886074066162
464 13.4225 -0.0551 pedestrian 0.8641627132892609
465 11.9311 0.3287 pedestrian 0.8847905397415161
465 13.4225 -0.0394 pedestrian 0.8728229999542236
466 11.9311 0.3287 pedestrian 0.8934653103351593
466 13.4225 -0.0551 pedestrian 0.8819725513458252
467 11.9311 0.3287 pedestrian 0.9004221558570862
467 13.4225 -0.0394 pedestrian 0.8890812993049622
468 11.9311 0.3287 pedestrian 0.9017889201641083
468 13.4225 -0.0394 pedestrian 0.8879029750823975
469 11.9311 0.3121 pedestrian 0.90276899933815
469 13.6355 -0.0394 pedestrian 0.8881163597106934
470 11.9311 0.3121 pedestrian 0.9010969698429108
470 13.6355 -0.0394 pedestrian 0.8859177231788635
471 11.9311 0.3121 pedestrian 0.897983193397522
471 13.4225 -0.0394 pedestrian 0.8834791779518127
472 11.7180 0.2956 pedestrian 0.8808440268039703
472 13.4225 -0.0236 pedestrian 0.8453444540500641
473 11.7180 0.2956 pedestrian 0.8929457664489746
473 13.4225 -0.0236 pedestrian 0.8599856197834015
474 11.7180 0.2956 pedestrian 0.9014947712421417
474 13.4225 -0.0236 pedestrian 0.8697217106819153
475 11.7180 0.2956 pedestrian 0.9081561267375946
475 13.4225 -0.0236 pedestrian 0.8787287473678589
476 11.7180 0.2956 pedestrian 0.9095112085342407
476 13.4225 -0.0236 pedestrian 0.8820602893829346
477 11.7180 0.2956 pedestrian 0.9117259383201599
477 13.6355 -0.0236 pedestrian 0.8851649165153503
478 11.7180 0.2956 pedestrian 0.9109441637992859
478 13.6355 -0.0236 pedestrian 0.8831201195716858
479 11.7180 0.2956 pedestrian 0.9078778028488159
479 13.4225 -0.0236 pedestrian 0.8789659440517426
480 11.7180 0.2792 pedestrian 0.8894796371459961
480 13.4225 -0.0079 pedestrian 0.8704561293125153
481 11.7180 0.2792 pedestrian 0.9005668461322784
481 13.4225 0.0079 pedestrian 0.8834760785102844
482 11.7180 0.2629 pedestrian 0.9069643020629883
482 13.4225 0.0079 pedestrian 0.8920104205608368
483 11.7180 0.2629 pedestrian 0.9141615629196167
483 13.4225 0.0079 pedestrian 0.8985904455184937
484 11.7180 0.2629 pedestrian 0.9167647361755371
484 13.4225 0.0079 pedestrian 0.8991846740245819
485 11.7180 0.2629 pedestrian 0.9204995632171631
485 13.4225 0.0079 pedestrian 0.9011690020561218
486 11.7180 0.2629 pedestrian 0.9212531447410583
486 13.4225 0.0079 pedestrian 0.8996931314468384
487 11.7180 0.2629 pedestrian 0.9197899401187897
487 13.4225 0.0079 pedestrian 0.8928647339344025
488 11.7180 0.2466 pedestrian 0.8652886152267456
488 13.4225 0.0236 pedestrian 0.8603821992874146
489 11.7180 0.2466 pedestrian 0.878440797328949
489 13.4225 0.0236 pedestrian 0.8715064227581024
490 11.7180 0.2466 pedestrian 0.8847446441650391
490 13.4225 0.0236 pedestrian 0.8796053826808929
491 11.7180 0.2466 pedestrian 0.888649582862854
491 13.4225 0.0236 pedestrian 0.8866309225559235
492 11.7180 0.2466 pedestrian 0.8866951763629913
492 13.4225 0.0236 pedestrian 0.8847730457782745
493 11.7180 0.2304 pedestrian 0.8887621760368347
493 13.4225 0.0236 pedestrian 0.8871937096118927
494 11.5050 0.2304 pedestrian 0.8911623358726501
494 13.4225 0.0236 pedestrian 0.886873334646225
495 11.5050 0.2304 pedestrian 0.8951267898082733
495 13.4225 0.0236 pedestrian 0.8827702403068542
496 11.5050 0.2304 pedestrian 0.8702982068061829
496 13.4225 0.0394 pedestrian 0.8202551007270813
497 11.5050 0.2304 pedestrian 0.8833728730678558
497 13.4225 0.0394 pedestrian 0.8337299823760986
498 11.5050 0.2304 pedestrian 0.890750527381897
498 13.4225 0.0394 pedestrian 0.8384031355381012
499 11.5050 0.2142 pedestrian 0.8973191976547241
499 13.4225 0.0394 pedestrian 0.8429031372070312
500 11.5050 0.2142 pedestrian 0.8974961936473846
500 13.4225 0.0394 pedestrian 0.8445056974887848
501 11.5050 0.2142 pedestrian 0.8996679782867432
501 13.4225 0.0394 pedestrian 0.8478678166866302
502 11.5050 0.2142 pedestrian 0.8981572687625885
502 13.4225 0.0394 pedestrian 0.8493787348270416
503 11.5050 0.2142 pedestrian 0.8912838399410248
503 13.4225 0.0394 pedestrian 0.8485498130321503
504 11.5050 0.2142 pedestrian 0.866140604019165
504 13.4225 0.0551 pedestrian 0.8034504652023315
505 11.5050 0.1981 pedestrian 0.8794520497322083
505 13.4225 0.0551 pedestrian 0.8197823166847229
506 11.5050 0.1981 pedestrian 0.8879651725292206
506 13.4225 0.0551 pedestrian 0.828646719455719
507 11.5050 0.1981 pedestrian 0.8927269577980042
507 13.4225 0.0709 pedestrian 0.8385642170906067
508 11.5050 0.1981 pedestrian 0.891651451587677
508 13.4225 0.0709 pedestrian 0.8418479263782501
509 11.5050 0.1981 pedestrian 0.8919422924518585
509 13.4225 0.0709 pedestrian 0.8501604199409485
510 11.5050 0.1981 pedestrian 0.8889847695827484
510 13.4225 0.0709 pedestrian 0.8565557599067688
511 11.5050 0.1821 pedestrian 0.8849712908267975
511 13.4225 0.0709 pedestrian 0.8566097915172577
512 13.4225 0.0709 pedestrian 0.8657872676849365
512 11.2919 0.1661 pedestrian 0.8644516468048096
513 13.4225 0.0709 pedestrian 0.8794093728065491
513 11.2919 0.1661 pedestrian 0.8790575861930847
514 11.2919 0.1661 pedestrian 0.8891889452934265
514 13.4225 0.0709 pedestrian 0.8891092538833618
515 11.5050 0.1502 pedestrian 0.8976215422153473
515 13.4225 0.0709 pedestrian 0.8960612416267395
516 11.5050 0.1502 pedestrian 0.8990480005741119
516 13.4225 0.0867 pedestrian 0.8960421085357666
517 11.5050 0.1502 pedestrian 0.9019152820110321
517 13.4225 0.0867 pedestrian 0.8977477848529816
518 11.5050 0.1502 pedestrian 0.9012977480888367
518 13.4225 0.0867 pedestrian 0.8957225680351257
519 11.2919 0.1502 pedestrian 0.9002833068370819
519 13.4225 0.0867 pedestrian 0.8907000422477722
520 13.4225 0.1025 pedestrian 0.8768924474716187
520 11.5050 0.1343 pedestrian 0.8738285005092621
521 13.4225 0.1025 pedestrian 0.8892415761947632
521 11.5050 0.1343 pedestrian 0.8887380659580231
522 13.4225 0.1025 pedestrian 0.8980644047260284
522 11.5050 0.1343 pedestrian 0.8974829018115997
523 13.4225 0.1025 pedestrian 0.9056009650230408
523 11.5050 0.1343 pedestrian 0.9039041101932526
524 13.4225 0.1025 pedestrian 0.9075360000133514
524 11.2919 0.1343 pedestrian 0.905500203371048
525 13.4225 0.1025 pedestrian 0.9087620079517365
525 11.2919 0.1343 pedestrian 0.9078916907310486
526 11.2919 0.1343 pedestrian 0.9078176617622375
526 13.4225 0.1025 pedestrian 0.9062427580356598
527 11.2919 0.1343 pedestrian 0.9037438631057739
527 13.4225 0.1025 pedestrian 0.9015667140483856
528 11.2919 0.1184 pedestrian 0.8720836937427521
528 13.4225 0.1184 pedestrian 0.823381781578064
529 11.2919 0.1184 pedestrian 0.8839864134788513
529 13.4225 0.1184 pedestrian 0.8525213003158569
530 11.2919 0.1184 pedestrian 0.8912661373615265
530 13.4225 0.1184 pedestrian 0.8658478558063507
531 11.2919 0.1184 pedestrian 0.8983559906482697
531 13.4225 0.1184 pedestrian 0.8714639246463776
532 11.2919 0.1184 pedestrian 0.8978530764579773
532 13.4225 0.1184 pedestrian 0.8706113994121552
533 11.2919 0.1025 pedestrian 0.89619180560112
533 13.4225 0.1184 pedestrian 0.873854011297226
534 11.2919 0.1025 pedestrian 0.8922710120677948
534 13.4225 0.1184 pedestrian 0.8729527592658997
535 11.2919 0.1025 pedestrian 0.8874356150627136
535 13.4225 0.1184 pedestrian 0.8664827048778534
536 13.4225 0.1343 pedestrian 0.863816887140274
536 11.0789 0.1025 pedestrian 0.8464612066745758
537 13.4225 0.1343 pedestrian 0.8825287818908691
537 11.0789 0.1025 pedestrian 0.855743408203125
538 13.4225 0.1343 pedestrian 0.8947054147720337
538 11.0789 0.1025 pedestrian 0.8622557520866394
539 13.4225 0.1343 pedestrian 0.9033706486225128
539 11.0789 0.1025 pedestrian 0.8682529032230377
540 13.4225 0.1343 pedestrian 0.9048633277416229
540 11.0789 0.1025 pedestrian 0.8673033714294434
541 13.4225 0.1343 pedestrian 0.9058440923690796
541 11.0789 0.1025 pedestrian 0.8649758696556091
542 13.4225 0.1343 pedestrian 0.9035674631595612
542 11.0789 0.1025 pedestrian 0.859277218580246
543 13.4225 0.1343 pedestrian 0.8971434235572815
543 11.0789 0.0867 pedestrian 0.8555044531822205
544 13.4225 0.1502 pedestrian 0.8553715348243713
544 11.0789 0.0709 pedestrian 0.8319012820720673
545 13.4225 0.1502 pedestrian 0.8662693202495575
545 11.0789 0.0709 pedestrian 0.8424310982227325
546 13.4225 0.1502 pedestrian 0.8734281361103058
546 11.0789 0.0709 pedestrian 0.8539033830165863
547 13.4225 0.1502 pedestrian 0.8800278902053833
547 11.0789 0.0709 pedestrian 0.862440824508667
548 13.4225 0.1502 pedestrian 0.8797777891159058
548 11.0789 0.0709 pedestrian 0.8637782335281372
549 13.4225 0.1502 pedestrian 0.8807729482650757
549 11.0789 0.0551 pedestrian 0.866190105676651
550 13.4225 0.1502 pedestrian 0.8773274123668671
550 11.0789 0.0551 pedestrian 0.8679139316082001
551 13.4225 0.1502 pedestrian 0.872107058763504
551 11.0789 0.0551 pedestrian 0.869849681854248
552 11.0789 0.0394 pedestrian 0.8388416171073914
552 13.4225 0.1661 pedestrian 0.8244913220405579
553 11.0789 0.0394 pedestrian 0.8534322679042816
553 13.4225 0.1661 pedestrian 0.8393983542919159
554 11.0789 0.0394 pedestrian 0.8628465533256531
554 13.4225 0.1661 pedestrian 0.8514298796653748
555 11.0789 0.0394 pedestrian 0.8706105649471283
555 13.4225 0.1661 pedestrian 0.862224668264389
556 11.0789 0.0394 pedestrian 0.8730382025241852
556 13.4225 0.1661 pedestrian 0.8643916249275208
557 11.0789 0.0236 pedestrian 0.8749365210533142
557 13.4225 0.1661 pedestrian 0.8667795062065125
558 11.0789 0.0236 pedestrian 0.8742237091064453
558 13.4225 0.1661 pedestrian 0.8639622330665588
559 11.0789 0.0236 pedestrian 0.8729448616504669
559 13.4225 0.1661 pedestrian 0.8603876829147339
560 11.0789 0.0079 pedestrian 0.8408581614494324
560 13.4225 0.1821 pedestrian 0.8402143716812134
561 11.0789 0.0079 pedestrian 0.8565261960029602
561 13.4225 0.1821 pedestrian 0.8547778725624084
562 11.0789 0.0079 pedestrian 0.8700574636459351
562 13.4225 0.1821 pedestrian 0.8650261461734772
563 11.0789 0.0079 pedestrian 0.8801959455013275
563 13.4225 0.1821 pedestrian 0.8747280836105347
564 11.0789 0.0079 pedestrian 0.8828097879886627
564 13.4225 0.1821 pedestrian 0.8746281862258911
565 11.0789 0.0079 pedestrian 0.8859603106975555
565 13.4225 0.1981 pedestrian 0.8764983713626862
566 11.0789 -0.0079 pedestrian 0.8854877948760986
566 13.4225 0.1981 pedestrian 0.8745837807655334
567 11.0789 -0.0079 pedestrian 0.8853171169757843
567 13.4225 0.1981 pedestrian 0.8699886202812195
568 13.4225 0.1981 pedestrian 0.84787318110466
568 11.0789 -0.0079 pedestrian 0.8367387354373932
569 13.4225 0.1981 pedestrian 0.8619177043437958
569 11.0789 -0.0079 pedestrian 0.8490989804267883
570 13.4225 0.1981 pedestrian 0.8693664073944092
570 11.0789 -0.0079 pedestrian 0.8589966893196106
571 13.4225 0.1981 pedestrian 0.8765564858913422
571 11.0789 -0.0079 pedestrian 0.8681565225124359
572 13.4225 0.1981 pedestrian 0.8782343566417694
572 11.0789 -0.0079 pedestrian 0.8702110946178436
573 13.4225 0.1981 pedestrian 0.8799923360347748
573 11.0789 -0.0079 pedestrian 0.8732843101024628
574 13.4225 0.1981 pedestrian 0.8780260682106018
574 11.0789 -0.0079 pedestrian 0.8725948929786682
575 13.4225 0.1981 pedestrian 0.8743440806865692
575 11.0789 -0.0079 pedestrian 0.8701245784759521
576 13.2094 0.2142 pedestrian 0.8508563041687012
576 11.0789 -0.0236 pedestrian 0.8463073372840881
577 13.2094 0.2142 pedestrian 0.867053359746933
577 11.0789 -0.0236 pedestrian 0.8615736067295074
578 13.2094 0.2142 pedestrian 0.8745253682136536
578 11.0789 -0.0236 pedestrian 0.8697531819343567
579 13.2094 0.2142 pedestrian 0.879317432641983
579 11.0789 -0.0394 pedestrian 0.8759901225566864
580 13.2094 0.2142 pedestrian 0.8780922591686249
580 11.0789 -0.0394 pedestrian 0.8768020570278168
581 11.0789 -0.0394 pedestrian 0.879673182964325
581 13.2094 0.2142 pedestrian 0.8771666884422302
582 11.0789 -0.0394 pedestrian 0.8768062889575958
582 13.2094 0.2142 pedestrian 0.8739079833030701
583 11.0789 -0.0394 pedestrian 0.8701810538768768
583 13.2094 0.2142 pedestrian 0.8667579889297485
584 13.4225 0.2142 pedestrian 0.8407670557498932
584 11.0789 -0.0551 pedestrian 0.8392759263515472
585 13.4225 0.2142 pedestrian 0.8577193021774292
585 11.0789 -0.0709 pedestrian 0.8516077697277069
586 13.4225 0.2142 pedestrian 0.8632840514183044
586 11.0789 -0.0709 pedestrian 0.8619139194488525
587 11.0789 -0.0709 pedestrian 0.8716716170310974
587 13.4225 0.2142 pedestrian 0.8636981248855591
588 11.0789 -0.0709 pedestrian 0.8754734396934509
588 13.4225 0.2142 pedestrian 0.8582563102245331
589 11.0789 -0.0709 pedestrian 0.8798263072967529
589 13.4225 0.2142 pedestrian 0.8573300242424011
590 11.0789 -0.0709 pedestrian 0.8788381516933441
590 13.4225 0.2142 pedestrian 0.8523169159889221
591 11.0789 -0.0709 pedestrian 0.876701295375824
591 13.4225 0.2142 pedestrian 0.8365426361560822
592 11.0789 -0.0867 pedestrian 0.855864405632019
592 13.2094 0.1981 pedestrian 0.8441314399242401
593 11.0789 -0.0867 pedestrian 0.870568186044693
593 13.2094 0.1981 pedestrian 0.8608395457267761
594 11.0789 -0.0867 pedestrian 0.8830644190311432
594 13.2094 0.1981 pedestrian 0.8724239468574524
595 11.0789 -0.0867 pedestrian 0.891540914773941
595 13.2094 0.1981 pedestrian 0.8812773525714874
596 11.0789 -0.0867 pedestrian 0.8931612372398376
596 13.2094 0.1981 pedestrian 0.883732795715332
597 11.0789 -0.0867 pedestrian 0.8952281773090363
597 13.2094 0.1981 pedestrian 0.885856419801712
598 11.0789 -0.1025 pedestrian 0.8930682837963104
598 13.2094 0.1821 pedestrian 0.8853795528411865
599 11.0789 -0.1025 pedestrian 0.8912281394004822
599 13.2094 0.1821 pedestrian 0.8828471302986145
600 11.0789 -0.1025 pedestrian 0.8632874488830566
600 13.2094 0.1661 pedestrian 0.8597317337989807
601 13.2094 0.1661 pedestrian 0.8795212209224701
601 11.0789 -0.1025 pedestrian 0.8714322447776794
602 13.2094 0.1661 pedestrian 0.8898901045322418
602 11.0789 -0.1025 pedestrian 0.877988338470459
603 13.2094 0.1661 pedestrian 0.8979992866516113
603 11.0789 -0.1025 pedestrian 0.8829889893531799
604 13.2094 0.1661 pedestrian 0.9009745717048645
604 11.0789 -0.1025 pedestrian 0.8804149329662323
605 13.2094 0.1661 pedestrian 0.9049524068832397
605 11.0789 -0.1025 pedestrian 0.8812437653541565
606 13.2094 0.1661 pedestrian 0.9043947160243988
606 11.0789 -0.1025 pedestrian 0.879054993391037
607 13.2094 0.1661 pedestrian 0.9008834064006805
607 11.0789 -0.1025 pedestrian 0.877264678478241
608 12.9963 0.1661 pedestrian 0.863016664981842
608 11.0789 -0.1025 pedestrian 0.8529312312602997
609 12.9963 0.1661 pedestrian 0.8759012222290039
609 11.0789 -0.1184 pedestrian 0.8612792491912842
610 12.9963 0.1661 pedestrian 0.8840312361717224
610 11.0789 -0.1184 pedestrian 0.8695859313011169
611 12.9963 0.1661 pedestrian 0.8899235427379608
611 11.0789 -0.1184 pedestrian 0.8755962550640106
612 12.9963 0.1661 pedestrian 0.8902796506881714
612 11.0789 -0.1184 pedestrian 0.8742136657238007
613 13.2094 0.1502 pedestrian 0.8927564918994904
613 11.0789 -0.1184 pedestrian 0.874936431646347
614 13.2094 0.1502 pedestrian 0.8924475014209747
614 11.0789 -0.1184 pedestrian 0.8732903897762299
615 13.2094 0.1502 pedestrian 0.8898472785949707
615 11.0789 -0.1184 pedestrian 0.8726489841938019
616 12.9963 0.1502 pedestrian 0.8760838210582733
616 11.0789 -0.1343 pedestrian 0.8486696481704712
617 12.9963 0.1502 pedestrian 0.8853520750999451
617 11.0789 -0.1343 pedestrian 0.8571990728378296
618 13.2094 0.1502 pedestrian 0.891130805015564
618 11.0789 -0.1502 pedestrian 0.8680765628814697
619 13.2094 0.1502 pedestrian 0.8971871435642242
619 11.0789 -0.1502 pedestrian 0.8761750161647797
620 13.2094 0.1502 pedestrian 0.8980499804019928
620 11.0789 -0.1502 pedestrian 0.8753749132156372
621 13.2094 0.1343 pedestrian 0.8990482687950134
621 11.0789 -0.1502 pedestrian 0.8763511478900909
622 13.2094 0.1343 pedestrian 0.8971657454967499
622 11.0789 -0.1502 pedestrian 0.8727871775627136
623 13.2094 0.1343 pedestrian 0.8946875929832458
623 11.0789 -0.1661 pedestrian 0.8713268041610718
624 11.0789 -0.1821 pedestrian 0.8772079050540924
624 13.2094 0.1343 pedestrian 0.8245986700057983
625 11.0789 -0.1821 pedestrian 0.8874876797199249
625 13.2094 0.1343 pedestrian 0.8472697138786316
626 11.0789 -0.1821 pedestrian 0.8951765596866608
626 13.2094 0.1343 pedestrian 0.8575592637062073
627 11.0789 -0.1821 pedestrian 0.8993907272815704
627 13.2094 0.1343 pedestrian 0.861565500497818
628 11.0789 -0.1821 pedestrian 0.8990020453929901
628 13.2094 0.1343 pedestrian 0.8638193309307098
629 11.0789 -0.1821 pedestrian 0.8999076783657074
629 13.2094 0.1343 pedestrian 0.8634465634822845
630 11.0789 -0.1981 pedestrian 0.8988690674304962
630 13.2094 0.1343 pedestrian 0.857689768075943
631 11.0789 -0.1981 pedestrian 0.8971220254898071
631 13.2094 0.1184 pedestrian 0.8499135375022888
632 11.0789 -0.1981 pedestrian 0.8776254057884216
632 13.4225 0.1025 pedestrian 0.8152763843536377
633 11.0789 -0.1981 pedestrian 0.8889362215995789
633 13.4225 0.1025 pedestrian 0.8434268236160278
634 11.0789 -0.1981 pedestrian 0.8954304158687592
634 13.4225 0.1025 pedestrian 0.8579995632171631
635 11.0789 -0.1981 pedestrian 0.9009345173835754
635 13.4225 0.1025 pedestrian 0.8675659894943237
636 11.0789 -0.1981 pedestrian 0.8997078835964203
636 13.4225 0.1025 pedestrian 0.8721938729286194
637 11.0789 -0.1981 pedestrian 0.9011034965515137
637 13.4225 0.1025 pedestrian 0.874825656414032
638 11.0789 -0.2142 pedestrian 0.9000554084777832
638 13.4225 0.1025 pedestrian 0.8726201355457306
639 11.0789 -0.2142 pedestrian 0.8986065983772278
639 13.4225 0.1025 pedestrian 0.8693581819534302
640 11.0789 -0.2142 pedestrian 0.8799567818641663
640 13.4225 0.0867 pedestrian 0.840051919221878
641 11.0789 -0.2142 pedestrian 0.8874955475330353
641 13.4225 0.0867 pedestrian 0.8562829196453094
642 11.0789 -0.2142 pedestrian 0.8920978307723999
642 13.6355 0.0867 pedestrian 0.8646511435508728
643 11.0789 -0.2304 pedestrian 0.8954877853393555
643 13.6355 0.0867 pedestrian 0.8713552951812744
644 11.0789 -0.2304 pedestrian 0.8943687975406647
644 13.6355 0.0867 pedestrian 0.8719994127750397
645 11.0789 -0.2304 pedestrian 0.8967518508434296
645 13.6355 0.0867 pedestrian 0.8778141736984253
646 11.0789 -0.2304 pedestrian 0.8956893384456635
646 13.6355 0.0867 pedestrian 0.8788001239299774
647 11.0789 -0.2304 pedestrian 0.8932095468044281
647 13.6355 0.0867 pedestrian 0.8713515400886536
648 11.0789 -0.2466 pedestrian 0.8793084025382996
648 13.6355 0.0709 pedestrian 0.8676901161670685
649 11.0789 -0.2466 pedestrian 0.8924509286880493
649 13.6355 0.0709 pedestrian 0.8840689063072205
650 11.0789 -0.2466 pedestrian 0.9015815556049347
650 13.6355 0.0551 pedestrian 0.8925853967666626
651 11.0789 -0.2466 pedestrian 0.9097086787223816
651 13.6355 0.0551 pedestrian 0.8977698087692261
652 11.0789 -0.2466 pedestrian 0.9116102159023285
652 13.6355 0.0551 pedestrian 0.8969611525535583
653 11.0789 -0.2466 pedestrian 0.9140816032886505
653 13.6355 0.0551 pedestrian 0.898886501789093
654 11.0789 -0.2466 pedestrian 0.9137609302997589
654 13.6355 0.0551 pedestrian 0.8976084589958191
655 11.0789 -0.2466 pedestrian 0.9119603633880615
655 13.6355 0.0551 pedestrian 0.891980767250061
656 11.0789 -0.2792 pedestrian 0.8797525763511658
656 13.6355 0.0394 pedestrian 0.8140659630298615
657 11.0789 -0.2792 pedestrian 0.8958836793899536
657 13.6355 0.0394 pedestrian 0.8331959545612335
658 11.0789 -0.2792 pedestrian 0.9067482054233551
658 13.6355 0.0394 pedestrian 0.8471212387084961
659 11.0789 -0.2792 pedestrian 0.9149238169193268
659 13.8486 0.0394 pedestrian 0.8576728105545044
660 11.0789 -0.2792 pedestrian 0.9173925518989563
660 13.8486 0.0394 pedestrian 0.8631905913352966
661 11.0789 -0.2792 pedestrian 0.9205062091350555
661 13.8486 0.0394 pedestrian 0.8660906255245209
662 11.0789 -0.2792 pedestrian 0.91988205909729
662 13.8486 0.0394 pedestrian 0.8602990210056305
663 11.0789 -0.2792 pedestrian 0.9156886339187622
663 13.8486 0.0394 pedestrian 0.8534276187419891
664 11.0789 -0.2792 pedestrian 0.8966174125671387
664 13.8486 0.0394 pedestrian 0.8354588747024536
665 11.0789 -0.2792 pedestrian 0.9068370759487152
665 13.8486 0.0394 pedestrian 0.8518366813659668
666 11.0789 -0.2792 pedestrian 0.9144531786441803
666 13.8486 0.0394 pedestrian 0.8631608188152313
667 11.0789 -0.2792 pedestrian 0.9201339483261108
667 13.8486 0.0394 pedestrian 0.8715635538101196
668 10.8658 -0.2792 pedestrian 0.9219506680965424
668 13.8486 0.0394 pedestrian 0.8761516213417053
669 10.8658 -0.2792 pedestrian 0.9248486161231995
669 13.8486 0.0394 pedestrian 0.8810016214847565
670 10.8658 -0.2792 pedestrian 0.9245363175868988
670 13.8486 0.0394 pedestrian 0.8791037499904633
671 10.8658 -0.2792 pedestrian 0.9233566522598267
671 13.8486 0.0394 pedestrian 0.873847246170044
672 10.8658 -0.2792 pedestrian 0.8751009106636047
672 13.8486 0.0236 pedestrian 0.864668607711792
673 10.8658 -0.2792 pedestrian 0.891183614730835
673 13.8486 0.0236 pedestrian 0.876480907201767
674 10.8658 -0.2792 pedestrian 0.8978977203369141
674 13.8486 0.0236 pedestrian 0.8825269341468811
675 10.8658 -0.2792 pedestrian 0.904527336359024
675 13.8486 0.0236 pedestrian 0.886669397354126
676 10.8658 -0.2792 pedestrian 0.9065058827400208
676 13.8486 0.0236 pedestrian 0.8863806128501892
677 10.8658 -0.2792 pedestrian 0.9103370606899261
677 13.8486 0.0236 pedestrian 0.8844439089298248
678 10.8658 -0.2792 pedestrian 0.9093999862670898
678 13.8486 0.0079 pedestrian 0.8768789172172546
679 10.8658 -0.2792 pedestrian 0.9036851525306702
679 13.8486 0.0079 pedestrian 0.8724469542503357
680 10.6527 -0.2792 pedestrian 0.8595860302448273
680 13.8486 0.0079 pedestrian 0.833662748336792
681 10.6527 -0.2792 pedestrian 0.8736601769924164
681 14.0616 0.0079 pedestrian 0.848775714635849
682 10.6527 -0.2792 pedestrian 0.8846352100372314
682 14.0616 0.0079 pedestrian 0.8528854548931122
683 10.6527 -0.2792 pedestrian 0.8923734724521637
683 14.0616 0.0079 pedestrian 0.8546601831912994
684 10.6527 -0.2792 pedestrian 0.8935970962047577
684 14.0616 0.0079 pedestrian 0.8539186716079712
685 10.6527 -0.2792 pedestrian 0.896275132894516
685 14.0616 0.0079 pedestrian 0.8546051681041718
686 10.6527 -0.2792 pedestrian 0.8951111435890198
686 14.0616 0.0079 pedestrian 0.8517913520336151
687 10.6527 -0.2792 pedestrian 0.894435316324234
687 14.0616 0.0079 pedestrian 0.8414786756038666
688 10.6527 -0.2629 pedestrian 0.8664416670799255
688 14.0616 -0.0236 pedestrian 0.7536762654781342
689 10.6527 -0.2629 pedestrian 0.8780632615089417
689 14.0616 -0.0236 pedestrian 0.7837471067905426
690 10.6527 -0.2629 pedestrian 0.8826119899749756
690 14.0616 -0.0236 pedestrian 0.7883487939834595
691 10.6527 -0.2629 pedestrian 0.8876789212226868
691 14.0616 -0.0236 pedestrian 0.7827125191688538
692 10.6527 -0.2629 pedestrian 0.8861616253852844
692 14.0616 -0.0236 pedestrian 0.777618795633316
693 10.4397 -0.2629 pedestrian 0.8883083462715149
693 14.0616 -0.0236 pedestrian 0.7790392339229584
694 10.4397 -0.2629 pedestrian 0.8881503343582153
694 14.0616 -0.0394 pedestrian 0.773000568151474
695 10.4397 -0.2466 pedestrian 0.8858669996261597
695 14.0616 -0.0394 pedestrian 0.7528145909309387
696 10.2266 -0.2466 pedestrian 0.8470695912837982
696 14.0616 -0.0709 pedestrian 0.8159013092517853
697 10.2266 -0.2466 pedestrian 0.8627296388149261
697 14.0616 -0.0709 pedestrian 0.8374843299388885
698 10.2266 -0.2466 pedestrian 0.87357297539711
698 14.0616 -0.0709 pedestrian 0.8506828546524048
699 10.2266 -0.2466 pedestrian 0.8836263716220856
699 14.0616 -0.0709 pedestrian 0.8615053594112396
700 10.2266 -0.2466 pedestrian 0.8871347010135651
700 14.0616 -0.0709 pedestrian 0.8622048497200012
701 10.2266 -0.2304 pedestrian 0.8895354568958282
701 14.0616 -0.0709 pedestrian 0.8638311922550201
702 10.2266 -0.2304 pedestrian 0.8895797431468964
702 14.0616 -0.0709 pedestrian 0.8591881394386292
703 10.2266 -0.2304 pedestrian 0.8868507444858551
703 14.0616 -0.0709 pedestrian 0.8499322831630707
704 10.2266 -0.2142 pedestrian 0.8675799667835236
704 14.0616 -0.0867 pedestrian 0.8428204953670502
705 10.2266 -0.2142 pedestrian 0.8819045424461365
705 14.2747 -0.0867 pedestrian 0.8571708798408508
706 10.2266 -0.2142 pedestrian 0.8888061344623566
706 14.2747 -0.0867 pedestrian 0.8657540082931519
707 10.2266 -0.2142 pedestrian 0.8955566883087158
707 14.2747 -0.0867 pedestrian 0.8718450665473938
708 10.2266 -0.2142 pedestrian 0.8955187201499939
708 14.2747 -0.0867 pedestrian 0.8706430792808533
709 10.2266 -0.2142 pedestrian 0.8963869512081146
709 14.2747 -0.0867 pedestrian 0.8765192031860352
710 10.2266 -0.1981 pedestrian 0.8954644501209259
710 14.2747 -0.0867 pedestrian 0.8782612979412079
711 10.0136 -0.1981 pedestrian 0.8929661810398102
711 14.2747 -0.1025 pedestrian 0.8783866763114929
712 10.0136 -0.1821 pedestrian 0.8776600658893585
712 14.2747 -0.1025 pedestrian 0.8526612818241119
713 10.0136 -0.1821 pedestrian 0.8911094963550568
713 14.2747 -0.1025 pedestrian 0.8649153113365173
714 10.0136 -0.1821 pedestrian 0.8995518684387207
714 14.2747 -0.1025 pedestrian 0.8737580478191376
715 10.0136 -0.1821 pedestrian 0.9073525071144104
715 14.2747 -0.1025 pedestrian 0.8819085657596588
716 10.0136 -0.1821 pedestrian 0.9117479026317596
716 14.2747 -0.1025 pedestrian 0.8807636201381683
717 10.0136 -0.1821 pedestrian 0.9140029847621918
717 14.2747 -0.1025 pedestrian 0.8822972774505615
718 10.0136 -0.1821 pedestrian 0.913200169801712
718 14.2747 -0.1025 pedestrian 0.8805291652679443
719 10.0136 -0.1821 pedestrian 0.9113193452358246
719 14.2747 -0.1025 pedestrian 0.8787315189838409
720 10.0136 -0.1661 pedestrian 0.8741898238658905
720 14.2747 -0.1025 pedestrian 0.8699908256530762
721 10.0136 -0.1661 pedestrian 0.8877951204776764
721 14.2747 -0.1025 pedestrian 0.880284458398819
722 10.0136 -0.1661 pedestrian 0.8982492387294769
722 14.2747 -0.1184 pedestrian 0.8881836235523224
723 10.0136 -0.1661 pedestrian 0.9072149991989136
723 14.2747 -0.1184 pedestrian 0.8954339623451233
724 10.0136 -0.1661 pedestrian 0.9098077416419983
724 14.2747 -0.1184 pedestrian 0.8961530327796936
725 10.0136 -0.1661 pedestrian 0.9094544947147369
725 14.2747 -0.1184 pedestrian 0.899230033159256
726 10.0136 -0.1661 pedestrian 0.9045546054840088
726 14.2747 -0.1184 pedestrian 0.8973563015460968
727 10.0136 -0.1661 pedestrian 0.8986764550209045
727 14.2747 -0.1184 pedestrian 0.8937325775623322
728 10.0136 -0.1502 pedestrian 0.8706320822238922
728 14.2747 -0.1343 pedestrian 0.8553932309150696
729 10.0136 -0.1502 pedestrian 0.8813830316066742
729 14.2747 -0.1343 pedestrian 0.8649035096168518
730 10.0136 -0.1502 pedestrian 0.8889290690422058
730 14.2747 -0.1343 pedestrian 0.8716464042663574
731 10.0136 -0.1502 pedestrian 0.8974587619304657
731 14.2747 -0.1343 pedestrian 0.8760646879673004
732 10.0136 -0.1502 pedestrian 0.8999745547771454
732 14.2747 -0.1343 pedestrian 0.8688276410102844
733 10.0136 -0.1502 pedestrian 0.9003910422325134
733 14.2747 -0.1502 pedestrian 0.8696595132350922
734 10.0136 -0.1502 pedestrian 0.8953690826892853
734 14.2747 -0.1502 pedestrian 0.8663973212242126
735 10.0136 -0.1343 pedestrian 0.8931421935558319
735 14.2747 -0.1502 pedestrian 0.8597368896007538
736 10.0136 -0.1343 pedestrian 0.8637643158435822
736 14.2747 -0.1502 pedestrian 0.8408078849315643
737 10.0136 -0.1343 pedestrian 0.8743172287940979
737 14.2747 -0.1502 pedestrian 0.8534475862979889
738 10.0136 -0.1343 pedestrian 0.8804450333118439
738 14.2747 -0.1661 pedestrian 0.8652315735816956
739 10.0136 -0.1184 pedestrian 0.889235258102417
739 14.2747 -0.1661 pedestrian 0.8753004968166351
740 10.0136 -0.1184 pedestrian 0.8933715522289276
740 14.2747 -0.1661 pedestrian 0.8743595480918884
741 10.0136 -0.1184 pedestrian 0.8951725661754608
741 14.2747 -0.1661 pedestrian 0.879024863243103
742 10.0136 -0.1184 pedestrian 0.8921753764152527
742 14.2747 -0.1661 pedestrian 0.8814101219177246
743 10.0136 -0.1184 pedestrian 0.8875724673271179
743 14.2747 -0.1661 pedestrian 0.8847697973251343
744 14.0616 -0.1661 pedestrian 0.8610363602638245
744 10.0136 -0.0867 pedestrian 0.8581600785255432
745 10.0136 -0.0867 pedestrian 0.8734487891197205
745 14.0616 -0.1661 pedestrian 0.8704352974891663
746 10.0136 -0.0867 pedestrian 0.8828920423984528
746 14.0616 -0.1661 pedestrian 0.8787773549556732
747 10.0136 -0.0867 pedestrian 0.8910212814807892
747 14.0616 -0.1661 pedestrian 0.884489893913269
748 10.0136 -0.0867 pedestrian 0.8937233686447144
748 14.0616 -0.1661 pedestrian 0.8821397125720978
749 10.0136 -0.0867 pedestrian 0.8961740136146545
749 14.0616 -0.1661 pedestrian 0.8856575787067413
750 10.0136 -0.0867 pedestrian 0.8949553668498993
750 14.0616 -0.1661 pedestrian 0.8862097263336182
751 10.0136 -0.0867 pedestrian 0.8909633159637451
751 14.0616 -0.1821 pedestrian 0.8869286775588989
752 14.0616 -0.1821 pedestrian 0.8794285655021667
752 10.0136 -0.0551 pedestrian 0.8627695739269257
753 14.0616 -0.1821 pedestrian 0.8910296857357025
753 10.0136 -0.0551 pedestrian 0.8753860890865326
754 14.0616 -0.1821 pedestrian 0.901295006275177
754 10.0136 -0.0551 pedestrian 0.8879097700119019
755 14.0616 -0.1821 pedestrian 0.9073144495487213
755 10.0136 -0.0551 pedestrian 0.8980413973331451
756 14.0616 -0.1821 pedestrian 0.9070549011230469
756 10.0136 -0.0551 pedestrian 0.9009731411933899
757 14.0616 -0.1821 pedestrian 0.9089356958866119
757 10.0136 -0.0551 pedestrian 0.8998782634735107
758 14.0616 -0.1821 pedestrian 0.9075613021850586
758 10.0136 -0.0551 pedestrian 0.893235594034195
759 14.0616 -0.1821 pedestrian 0.9050868153572083
759 10.0136 -0.0551 pedestrian 0.8871886432170868
760 14.0616 -0.1981 pedestrian 0.8784175515174866
760 10.0136 -0.0394 pedestrian 0.844398558139801
761 14.0616 -0.1981 pedestrian 0.8897193968296051
761 10.0136 -0.0236 pedestrian 0.8554075360298157
762 14.0616 -0.1981 pedestrian 0.8979161083698273
762 10.0136 -0.0236 pedestrian 0.8639298975467682
763 14.0616 -0.1981 pedestrian 0.9046195149421692
763 10.0136 -0.0236 pedestrian 0.8714600503444672
764 14.0616 -0.1981 pedestrian 0.9052269756793976
764 10.0136 -0.0236 pedestrian 0.874690592288971
765 14.0616 -0.1981 pedestrian 0.9081284999847412
765 10.0136 -0.0236 pedestrian 0.8780214786529541
766 14.0616 -0.1981 pedestrian 0.9057893455028534
766 10.0136 -0.0236 pedestrian 0.8766619861125946
767 14.0616 -0.1981 pedestrian 0.9015496373176575
767 10.0136 -0.0236 pedestrian 0.8744317293167114
768 13.8486 -0.1981 pedestrian 0.8650534451007843
768 10.0136 -0.0079 pedestrian 0.8388479351997375
769 13.8486 -0.1981 pedestrian 0.875341534614563
769 10.0136 -0.0079 pedestrian 0.8530653119087219
770 13.8486 -0.2142 pedestrian 0.8835384845733643
770 10.0136 -0.0079 pedestrian 0.8664785921573639
771 13.8486 -0.2142 pedestrian 0.8915989995002747
771 10.0136 -0.0079 pedestrian 0.8766852021217346
772 13.8486 -0.2142 pedestrian 0.892458587884903
772 10.0136 0.0079 pedestrian 0.8792683780193329
773 13.8486 -0.2142 pedestrian 0.8954592347145081
773 10.0136 0.0079 pedestrian 0.8781823813915253
774 13.8486 -0.2142 pedestrian 0.895025908946991
774 10.0136 0.0079 pedestrian 0.8707568943500519
775 13.8486 -0.2142 pedestrian 0.8935910761356354
775 10.0136 0.0079 pedestrian 0.865608274936676
776 13.8486 -0.1981 pedestrian 0.8623655140399933
776 10.0136 0.0236 pedestrian 0.8492380976676941
777 13.8486 -0.2142 pedestrian 0.875197172164917
777 10.0136 0.0394 pedestrian 0.8554485440254211
778 13.8486 -0.2142 pedestrian 0.8854238986968994
778 10.0136 0.0394 pedestrian 0.8654022514820099
779 13.8486 -0.2142 pedestrian 0.893157422542572
779 10.0136 0.0394 pedestrian 0.8728254437446594
780 13.8486 -0.2142 pedestrian 0.8934139609336853
780 10.0136 0.0394 pedestrian 0.8726930320262909
781 13.8486 -0.2142 pedestrian 0.8977901041507721
781 10.0136 0.0394 pedestrian 0.8752556443214417
782 13.8486 -0.2142 pedestrian 0.8986702561378479
782 10.0136 0.0394 pedestrian 0.8747812509536743
783 13.8486 -0.2142 pedestrian 0.8982771635055542
783 10.0136 0.0551 pedestrian 0.8757120966911316
784 10.0136 0.0709 pedestrian 0.8810249269008636
784 13.6355 -0.2304 pedestrian 0.8790498375892639
785 13.6355 -0.2304 pedestrian 0.8918259143829346
785 10.0136 0.0709 pedestrian 0.8917259275913239
786 10.0136 0.0709 pedestrian 0.9014503955841064
786 13.6355 -0.2304 pedestrian 0.900940477848053
787 10.0136 0.0709 pedestrian 0.9094014763832092
787 13.6355 -0.2304 pedestrian 0.9081389307975769
788 10.0136 0.0709 pedestrian 0.9104166626930237
788 13.6355 -0.2304 pedestrian 0.9093959033489227
789 13.6355 -0.2304 pedestrian 0.9138139486312866
789 10.0136 0.0709 pedestrian 0.909857988357544
790 13.6355 -0.2304 pedestrian 0.9143466651439667
790 10.0136 0.0709 pedestrian 0.9072448015213013
791 13.6355 -0.2304 pedestrian 0.9113564491271973
791 10.0136 0.0709 pedestrian 0.9065559506416321
792 10.2266 0.0867 pedestrian 0.8940228819847107
792 13.6355 -0.2142 pedestrian 0.888510525226593
793 10.2266 0.0867 pedestrian 0.9043827652931213
793 13.6355 -0.2142 pedestrian 0.9005885422229767
794 10.2266 0.0867 pedestrian 0.9122772216796875
794 13.6355 -0.2142 pedestrian 0.9084590375423431
795 10.2266 0.0867 pedestrian 0.9190001487731934
795 13.6355 -0.2142 pedestrian 0.9137507081031799
796 10.2266 0.0867 pedestrian 0.9193835258483887
796 13.6355 -0.2142 pedestrian 0.9145552515983582
797 10.2266 0.0867 pedestrian 0.9221413433551788
797 13.6355 -0.2142 pedestrian 0.917658656835556
798 10.2266 0.0867 pedestrian 0.9234634935855865
798 13.6355 -0.2142 pedestrian 0.917961597442627
799 10.2266 0.0867 pedestrian 0.9233203828334808
799 13.6355 -0.2142 pedestrian 0.917104572057724
800 10.2266 0.1025 pedestrian 0.8884413242340088
800 13.6355 -0.2142 pedestrian 0.8806714713573456
801 10.2266 0.1025 pedestrian 0.9003486931324005
801 13.6355 -0.2142 pedestrian 0.8925607204437256
802 10.2266 0.1025 pedestrian 0.9091258943080902
802 13.6355 -0.2142 pedestrian 0.9018057584762573
803 10.2266 0.1025 pedestrian 0.9165745973587036
803 13.6355 -0.2142 pedestrian 0.9098750650882721
804 10.2266 0.1025 pedestrian 0.9192192852497101
804 13.6355 -0.2142 pedestrian 0.9126675724983215
805 10.2266 0.1025 pedestrian 0.9204287230968475
805 13.6355 -0.2142 pedestrian 0.9152421355247498
806 10.2266 0.1025 pedestrian 0.9185552597045898
806 13.6355 -0.2142 pedestrian 0.9143916666507721
807 10.2266 0.1025 pedestrian 0.9144270122051239
807 13.6355 -0.2142 pedestrian 0.9117349982261658
808 13.4225 -0.2142 pedestrian 0.8886545598506927
808 10.2266 0.1184 pedestrian 0.8846260905265808
809 13.4225 -0.2142 pedestrian 0.8976751863956451
809 10.2266 0.1184 pedestrian 0.8937195837497711
810 13.4225 -0.2142 pedestrian 0.9060552716255188
810 10.2266 0.1343 pedestrian 0.9004742205142975
811 13.4225 -0.2142 pedestrian 0.9137921035289764
811 10.2266 0.1343 pedestrian 0.907879501581192
812 13.4225 -0.2142 pedestrian 0.9155025780200958
812 10.2266 0.1343 pedestrian 0.907269299030304
813 13.4225 -0.2142 pedestrian 0.9162444174289703
813 10.2266 0.1343 pedestrian 0.9055953919887543
814 13.4225 -0.2142 pedestrian 0.9141699969768524
814 10.2266 0.1343 pedestrian 0.9007353782653809
815 13.4225 -0.2142 pedestrian 0.9102035164833069
815 10.2266 0.1343 pedestrian 0.8948231637477875
816 13.4225 -0.1981 pedestrian 0.8755000233650208
816 10.2266 0.1661 pedestrian 0.8428066074848175
817 13.4225 -0.1981 pedestrian 0.8890748620033264
817 10.2266 0.1661 pedestrian 0.8537035882472992
818 13.4225 -0.1981 pedestrian 0.8980478942394257
818 10.2266 0.1661 pedestrian 0.8650495409965515
819 13.4225 -0.1981 pedestrian 0.9067738056182861
819 10.2266 0.1661 pedestrian 0.8730641901493073
820 13.4225 -0.1981 pedestrian 0.910084992647171
820 10.2266 0.1661 pedestrian 0.8741545975208282
821 13.4225 -0.1981 pedestrian 0.9143287539482117
821 10.2266 0.1661 pedestrian 0.8734870553016663
822 13.4225 -0.1981 pedestrian 0.9153902530670166
822 10.2266 0.1661 pedestrian 0.8674443662166595
823 13.4225 -0.1981 pedestrian 0.9153309762477875
823 10.4397 0.1821 pedestrian 0.866006463766098
824 13.4225 -0.1821 pedestrian 0.883734941482544
824 10.4397 0.1821 pedestrian 0.8495630323886871
825 13.4225 -0.1821 pedestrian 0.896128922700882
825 10.4397 0.1821 pedestrian 0.8659095466136932
826 13.4225 -0.1821 pedestrian 0.9047888517379761
826 10.4397 0.1981 pedestrian 0.8785664141178131
827 13.4225 -0.1821 pedestrian 0.9118695557117462
827 10.4397 0.1981 pedestrian 0.8892192542552948
828 13.4225 -0.1821 pedestrian 0.9150417745113373
828 10.4397 0.1981 pedestrian 0.8918531835079193
829 13.4225 -0.1821 pedestrian 0.9173167049884796
829 10.4397 0.1981 pedestrian 0.8920369148254395
830 13.4225 -0.1821 pedestrian 0.9161430299282074
830 10.4397 0.1981 pedestrian 0.8860147595405579
831 13.4225 -0.1821 pedestrian 0.9125663936138153
831 10.4397 0.1981 pedestrian 0.8799592852592468
832 10.4397 0.2142 pedestrian 0.8802348077297211
832 13.4225 -0.1661 pedestrian 0.8707011044025421
833 10.4397 0.2142 pedestrian 0.8878208100795746
833 13.4225 -0.1661 pedestrian 0.8848519623279572
834 13.4225 -0.1661 pedestrian 0.8950853645801544
834 10.4397 0.2142 pedestrian 0.8933061361312866
835 13.4225 -0.1661 pedestrian 0.9046126902103424
835 10.4397 0.2142 pedestrian 0.8976026773452759
836 13.4225 -0.1661 pedestrian 0.9079381823539734
836 10.6527 0.2142 pedestrian 0.8956521451473236
837 13.4225 -0.1661 pedestrian 0.9096358120441437
837 10.6527 0.2304 pedestrian 0.9001017808914185
838 13.4225 -0.1661 pedestrian 0.90822833776474
838 10.6527 0.2304 pedestrian 0.9023482501506805
839 13.4225 -0.1661 pedestrian 0.9066646099090576
839 10.6527 0.2304 pedestrian 0.9023256599903107
840 10.6527 0.2304 pedestrian 0.8885369896888733
840 13.4225 -0.1502 pedestrian 0.8830625414848328
841 10.6527 0.2304 pedestrian 0.9004993438720703
841 13.4225 -0.1502 pedestrian 0.8945241272449493
842 10.6527 0.2304 pedestrian 0.9088549315929413
842 13.4225 -0.1502 pedestrian 0.904289722442627
843 10.6527 0.2304 pedestrian 0.9144984781742096
843 13.4225 -0.1502 pedestrian 0.9117450714111328
844 10.6527 0.2304 pedestrian 0.9136024117469788
844 13.4225 -0.1502 pedestrian 0.9123739302158356
845 10.6527 0.2304 pedestrian 0.9140441715717316
845 13.4225 -0.1502 pedestrian 0.9132669270038605
846 13.4225 -0.1502 pedestrian 0.9105457067489624
846 10.6527 0.2304 pedestrian 0.9105232656002045
847 13.4225 -0.1502 pedestrian 0.905264139175415
847 10.6527 0.2466 pedestrian 0.9042763710021973
848 13.4225 -0.1502 pedestrian 0.8668829202651978
848 10.8658 0.2629 pedestrian 0.7852205336093903
849 13.4225 -0.1502 pedestrian 0.8774308860301971
849 10.8658 0.2629 pedestrian 0.8006283938884735
850 13.4225 -0.1502 pedestrian 0.8868908584117889
850 10.8658 0.2629 pedestrian 0.818269670009613
851 13.4225 -0.1502 pedestrian 0.895110696554184
851 10.8658 0.2629 pedestrian 0.8333491086959839
852 13.4225 -0.1502 pedestrian 0.8965168297290802
852 10.8658 0.2629 pedestrian 0.8414047658443451
853 13.4225 -0.1502 pedestrian 0.8952972888946533
853 10.8658 0.2629 pedestrian 0.8453418016433716
854 13.4225 -0.1343 pedestrian 0.8896299004554749
854 10.8658 0.2629 pedestrian 0.836826741695404
855 13.4225 -0.1343 pedestrian 0.8864627182483673
855 10.8658 0.2629 pedestrian 0.8276928067207336
856 13.4225 -0.1184 pedestrian 0.8522526919841766
856 10.8658 0.2792 pedestrian 0.8159988224506378
857 13.4225 -0.1184 pedestrian 0.8680984377861023
857 10.8658 0.2792 pedestrian 0.8311029672622681
858 13.4225 -0.1184 pedestrian 0.8793017268180847
858 10.8658 0.2792 pedestrian 0.8401111960411072
859 13.4225 -0.1184 pedestrian 0.8888108730316162
859 10.8658 0.2956 pedestrian 0.8426877558231354
860 13.4225 -0.1184 pedestrian 0.8928699195384979
860 10.8658 0.2956 pedestrian 0.8339114487171173
861 13.4225 -0.1184 pedestrian 0.8965606689453125
861 10.8658 0.2956 pedestrian 0.8160188496112823
862 13.4225 -0.1184 pedestrian 0.8951983749866486
862 10.8658 0.2956 pedestrian 0.792294979095459
863 13.4225 -0.1184 pedestrian 0.8909161388874054
863 10.8658 0.2956 pedestrian 0.7833475172519684
864 11.0789 0.2956 pedestrian 0.8526109457015991
864 13.2094 -0.1025 pedestrian 0.8495383858680725
865 11.0789 0.2956 pedestrian 0.8670826256275177
865 13.2094 -0.1025 pedestrian 0.8661461472511292
866 13.2094 -0.1025 pedestrian 0.8799264132976532
866 11.0789 0.2956 pedestrian 0.8770958781242371
867 13.2094 -0.1025 pedestrian 0.8919511139392853
867 11.0789 0.2956 pedestrian 0.8850383758544922
868 13.2094 -0.1025 pedestrian 0.8967574238777161
868 11.0789 0.2956 pedestrian 0.8870869874954224
869 13.2094 -0.1025 pedestrian 0.900005429983139
869 11.0789 0.2956 pedestrian 0.8871676027774811
870 13.2094 -0.1025 pedestrian 0.8993444442749023
870 11.0789 0.2956 pedestrian 0.8820986449718475
871 13.2094 -0.1025 pedestrian 0.8974797427654266
871 11.0789 0.2956 pedestrian 0.8767015635967255
872 13.2094 -0.0867 pedestrian 0.8609899580478668
872 11.2919 0.3121 pedestrian 0.8572491705417633
873 11.2919 0.3121 pedestrian 0.8759637773036957
873 13.2094 -0.0867 pedestrian 0.8748974502086639
874 11.2919 0.2956 pedestrian 0.8883703947067261
874 13.2094 -0.0867 pedestrian 0.8869832754135132
875 11.2919 0.2956 pedestrian 0.8975600302219391
875 13.2094 -0.0867 pedestrian 0.8972254395484924
876 13.2094 -0.0867 pedestrian 0.9008789956569672
876 11.2919 0.2956 pedestrian 0.8995221257209778
877 13.2094 -0.0867 pedestrian 0.9024082124233246
877 11.2919 0.2956 pedestrian 0.9021649658679962
878 11.2919 0.2956 pedestrian 0.8997733294963837
878 13.2094 -0.0867 pedestrian 0.8988415598869324
879 11.2919 0.2956 pedestrian 0.8946818113327026
879 13.2094 -0.0867 pedestrian 0.8930100202560425
880 11.2919 0.2956 pedestrian 0.8390348851680756
880 13.2094 -0.0709 pedestrian 0.8186653256416321
881 11.5050 0.2956 pedestrian 0.856460452079773
881 13.2094 -0.0709 pedestrian 0.8372252583503723
882 11.5050 0.2956 pedestrian 0.8752506673336029
882 13.2094 -0.0709 pedestrian 0.8533987700939178
883 11.5050 0.2956 pedestrian 0.8869995474815369
883 13.2094 -0.0709 pedestrian 0.865987092256546
884 11.5050 0.2956 pedestrian 0.8888614177703857
884 13.2094 -0.0709 pedestrian 0.8708865344524384
885 11.5050 0.2956 pedestrian 0.8892354965209961
885 13.2094 -0.0709 pedestrian 0.872592955827713
886 11.5050 0.2956 pedestrian 0.8844541609287262
886 13.2094 -0.0709 pedestrian 0.8665962517261505
887 11.5050 0.2956 pedestrian 0.8807399868965149
887 13.2094 -0.0709 pedestrian 0.8609752357006073
888 11.5050 0.2956 pedestrian 0.9053195714950562
888 13.2094 -0.0551 pedestrian 0.8967591524124146
889 11.5050 0.2792 pedestrian 0.9111859798431396
889 13.2094 -0.0709 pedestrian 0.90688556432724
890 11.5050 0.2956 pedestrian 0.9149987697601318
890 13.2094 -0.0709 pedestrian 0.9126433730125427
891 11.5050 0.2956 pedestrian 0.9164127111434937
891 13.2094 -0.0709 pedestrian 0.9148291349411011
892 11.5050 0.2956 pedestrian 0.9117386937141418
892 13.2094 -0.0551 pedestrian 0.9099116921424866
893 11.5050 0.2956 pedestrian 0.9055288434028625
893 13.2094 -0.0551 pedestrian 0.9037134647369385
894 11.5050 0.2956 pedestrian 0.8980211019515991
894 13.2094 -0.0709 pedestrian 0.8934706449508667
895 11.5050 0.2956 pedestrian 0.8886903524398804
895 13.2094 -0.0709 pedestrian 0.877677857875824
