0 3.4089 0.2956 pedestrian 0.7053670883178711
0 3.8350 -0.7547 car 0.5192326307296753
1 3.4089 0.2956 pedestrian 0.7548527717590332
1 4.0480 -0.7547 car 0.49887338280677795
2 3.4089 0.2956 pedestrian 0.7746676802635193
2 4.0480 -0.7547 car 0.48047053813934326
3 3.4089 0.2956 pedestrian 0.7962601184844971
3 4.0480 -0.7547 car 0.45998385548591614
4 3.4089 0.2956 pedestrian 0.8162333965301514
4 4.0480 -0.7547 car 0.47060248255729675
5 3.4089 0.2792 pedestrian 0.8360224962234497
5 4.0480 -0.7547 car 0.47185489535331726
6 3.4089 0.2792 pedestrian 0.8552634716033936
6 4.0480 -0.7547 car 0.48754557967185974
7 3.4089 0.2792 pedestrian 0.8751736879348755
7 4.2611 -0.7547 car 0.4993946850299835
8 3.4089 0.2629 pedestrian 0.8073119223117828
8 4.0480 -0.7988 car 0.4571293145418167
9 3.4089 0.2629 pedestrian 0.8415239155292511
9 4.0480 -0.7988 car 0.4472924768924713
10 3.4089 0.2629 pedestrian 0.8590743243694305
10 4.2611 -0.7988 car 0.44871649146080017
11 3.4089 0.2629 pedestrian 0.8721745014190674
11 4.4742 -0.7988 car 0.440133735537529
12 3.4089 0.2629 pedestrian 0.8733984231948853
12 4.4742 -0.7988 car 0.45432905852794647
13 3.4089 0.2629 pedestrian 0.8703623414039612
13 4.4742 -0.7988 car 0.4688495993614197
14 3.4089 0.2629 pedestrian 0.8606487512588501
14 4.4742 -0.7988 car 0.48457904160022736
15 3.4089 0.2629 pedestrian 0.8399909138679504
15 4.4742 -0.7988 car 0.48409369587898254
15 4.6872 -0.0867 cyclist 0.4115701913833618
16 4.2611 -0.7988 car 0.6783772706985474
16 3.4089 0.2629 pedestrian 0.5933920592069626
16 4.4742 0.0551 pedestrian 0.4129613786935806
17 4.4742 -0.7988 car 0.6841528117656708
17 3.4089 0.2629 pedestrian 0.5990236103534698
17 4.6872 0.0551 pedestrian 0.41876333951950073
18 4.4742 -0.7988 car 0.6773606240749359
18 3.4089 0.2629 pedestrian 0.5960928499698639
18 4.6872 0.0551 pedestrian 0.42280566692352295
19 4.4742 -0.7988 car 0.6620925962924957
19 3.4089 0.2629 pedestrian 0.5828417390584946
19 4.6872 0.0551 pedestrian 0.4244088977575302
20 4.4742 -0.7988 car 0.6541590392589569
20 3.6219 0.2629 pedestrian 0.549895390868187
20 4.6872 0.0551 pedestrian 0.41597341001033783
21 4.4742 -0.7988 car 0.6549264490604401
21 3.6219 0.2629 pedestrian 0.5074318200349808
21 4.6872 0.0551 pedestrian 0.4196006506681442
22 4.4742 -0.7988 car 0.6602620780467987
22 3.6219 0.2629 pedestrian 0.43945451080799103
22 4.6872 0.0551 pedestrian 0.4167242646217346
23 4.4742 -0.7988 car 0.6563894748687744
24 4.2611 -0.7547 car 0.8284017741680145
24 4.9003 0.0867 car 0.6584982573986053
25 4.2611 -0.7333 car 0.8263674676418304
25 4.9003 0.1025 car 0.6597954630851746
26 4.2611 -0.7333 car 0.8162204027175903
26 4.9003 0.1025 car 0.6557009816169739
27 4.2611 -0.7123 car 0.8001032173633575
27 4.9003 0.1025 car 0.6519460082054138
28 4.2611 -0.6916 car 0.7858513593673706
28 4.9003 0.1025 car 0.6440417170524597
29 4.2611 -0.6714 car 0.7635414600372314
29 4.9003 0.1025 car 0.6388520300388336
30 4.4742 -0.6514 car 0.7411354184150696
30 4.9003 0.1025 car 0.623099148273468
31 4.6872 -0.6514 car 0.7134023606777191
31 4.9003 0.1025 car 0.608180820941925
32 5.1133 -0.5744 car 0.6650523543357849
32 4.4742 -0.3454 car 0.6602344512939453
32 5.3264 0.1343 car 0.6119609773159027
33 4.6872 -0.2304 car 0.6697821319103241
33 5.1133 -0.5373 car 0.638465017080307
33 5.3264 0.1343 car 0.603821337223053
34 4.6872 -0.2304 car 0.678887277841568
34 5.1133 0.0709 car 0.593965083360672
35 4.6872 -0.2304 car 0.6803111135959625
35 5.1133 0.0709 car 0.588845819234848
36 4.6872 -0.2304 car 0.6829478740692139
36 5.1133 0.0709 car 0.5896512567996979
37 4.9003 -0.1981 car 0.6820203065872192
38 5.1133 -0.1981 car 0.681961715221405
39 5.1133 -0.1343 car 0.6864415109157562
40 5.5394 -0.1025 car 0.8136076331138611
41 5.5394 -0.0709 car 0.8181582093238831
42 5.5394 -0.0394 car 0.8100851476192474
43 5.9655 -0.0394 car 0.8060047626495361
44 5.9655 -0.0079 car 0.812392383813858
45 5.9655 -0.0079 car 0.8205975592136383
46 6.1786 0.0236 car 0.8195582926273346
47 6.3916 0.0236 car 0.8231779634952545
48 6.6047 0.0236 car 0.8530640304088593
49 6.8178 0.0236 car 0.8505372107028961
50 6.8178 0.0551 car 0.8425562977790833
51 6.8178 0.0551 car 0.8217505812644958
52 7.0308 0.0551 car 0.8155050873756409
53 7.2439 0.0867 car 0.812630832195282
54 7.2439 0.1184 car 0.7987065613269806
55 7.6700 0.1184 car 0.7978341281414032
56 7.6700 0.2142 car 0.8432508111000061
57 7.8830 0.2142 car 0.837696373462677
58 8.0961 0.2142 car 0.833518385887146
59 8.0961 0.2142 car 0.8216080367565155
60 8.3091 0.2466 car 0.8296290934085846
61 8.5222 0.2466 car 0.8444804251194
62 8.7352 0.2466 car 0.8484795093536377
63 8.7352 0.2466 car 0.8484935760498047
64 8.9483 0.2792 car 0.9302321970462799
65 9.1614 0.2792 car 0.93144091963768
66 9.3744 0.2792 car 0.927666425704956
67 9.3744 0.3121 car 0.9183365106582642
68 9.5875 0.3121 car 0.9151414036750793
69 9.8005 0.3121 car 0.9179823994636536
70 9.8005 0.3121 car 0.9151051342487335
71 10.0136 0.3121 car 0.9068976044654846
72 10.4397 0.3121 car 0.9280167818069458
73 10.6527 0.3121 car 0.9291485249996185
74 10.6527 0.3121 car 0.913552850484848
75 11.0789 0.3121 car 0.8909266591072083
76 11.0789 0.3121 car 0.8763301968574524
77 11.2919 0.3121 car 0.8596465289592743
78 11.5050 0.3121 car 0.8452789485454559
79 11.7180 0.3121 car 0.825433224439621
80 12.1441 0.2792 car 0.8163657188415527
81 12.3572 0.2792 car 0.8185300529003143
82 12.7833 0.2792 car 0.8159636557102203
83 12.9963 0.2956 car 0.8179137408733368
84 13.2094 0.2792 car 0.8293682038784027
85 13.4225 0.2956 car 0.8459455072879791
86 13.6355 0.3121 car 0.8511637449264526
87 13.6355 0.3121 car 0.8512802124023438
88 14.0616 0.2956 car 0.8759762942790985
89 14.0616 0.3121 car 0.8791955709457397
90 14.4877 0.2792 car 0.875752866268158
91 14.4877 0.2792 car 0.8728674948215485
92 14.7008 0.2956 car 0.8652665615081787
93 14.9138 0.2792 car 0.8618534207344055
94 14.9138 0.2792 car 0.8534646928310394
95 15.1269 0.2792 car 0.8469866216182709
96 15.7661 0.2792 car 0.8896810114383698
97 15.7661 0.2792 car 0.8978300988674164
98 15.7661 0.2792 car 0.8849750459194183
99 16.1922 0.2792 car 0.8824712932109833
100 16.1922 0.2792 car 0.8827350437641144
101 16.4052 0.2792 car 0.8862919807434082
102 16.6183 0.2792 car 0.890472948551178
103 16.6183 0.2792 car 0.8801988065242767
104 17.2574 0.2466 car 0.887042373418808
105 17.4705 0.2466 car 0.8924877345561981
106 17.4705 0.2466 car 0.8838486969470978
107 17.6836 0.2466 car 0.8702924847602844
108 17.8966 0.2466 car 0.8660885095596313
109 18.1097 0.2466 car 0.8629255294799805
110 18.3227 0.2466 car 0.8596771061420441
111 18.5358 0.2466 car 0.8486168086528778
112 18.9619 0.2466 car 0.8893172740936279
113 19.1749 0.2466 car 0.8913606107234955
114 19.1749 0.2466 car 0.8761692643165588
115 19.3880 0.2466 car 0.854054868221283
116 19.6010 0.2466 car 0.8438601195812225
117 19.8141 0.2466 car 0.8309088051319122
118 20.0272 0.2466 car 0.8236846923828125
119 20.2402 0.2466 car 0.8125469982624054
120 20.6663 0.2466 car 0.8185145258903503
121 20.8794 0.2466 car 0.8279064893722534
122 21.0924 0.2466 car 0.8262078166007996
123 21.3055 0.2466 car 0.8292851746082306
124 21.5185 0.2466 car 0.8332005441188812
125 21.7316 0.2466 car 0.8357648551464081
126 21.9447 0.2466 car 0.8302587568759918
127 22.1577 0.2466 car 0.8249410092830658
128 22.5838 0.2466 car 0.858392745256424
129 22.7969 0.2466 car 0.8625737726688385
130 23.0099 0.2466 car 0.855630099773407
131 23.2230 0.2466 car 0.8409944176673889
132 23.4360 0.2466 car 0.8336535096168518
133 23.4360 0.2466 car 0.8267057836055756
134 23.8621 0.2466 car 0.8189366459846497
135 23.8621 0.2466 car 0.8071928322315216
136 24.2883 0.2466 car 0.7901411950588226
137 24.5013 0.2466 car 0.7456417083740234
138 24.7144 0.2466 car 0.6335445642471313
139 24.7144 0.2466 car 0.45996423065662384
152 24.0752 0.3961 car 0.6684038043022156
153 24.0752 0.3961 car 0.6952369213104248
154 24.0752 0.3961 car 0.7046990096569061
155 24.0752 0.3791 car 0.7054512202739716
156 24.0752 0.3791 car 0.7025261521339417
157 24.0752 0.3622 car 0.6959092617034912
158 24.0752 0.3622 car 0.6830556392669678
159 24.0752 0.3622 car 0.6631392538547516
160 24.0752 0.3622 car 0.6795169413089752
161 24.0752 0.3622 car 0.6975240409374237
162 24.0752 0.3622 car 0.7023554742336273
163 24.0752 0.3622 car 0.6951871514320374
164 24.0752 0.3622 car 0.6865891516208649
165 24.0752 0.3454 car 0.6776950359344482
166 24.0752 0.3454 car 0.6618810892105103
167 24.0752 0.3454 car 0.6411034464836121
168 24.2883 0.3622 car 0.7737947106361389
169 24.2883 0.3622 car 0.7810665369033813
170 24.2883 0.3622 car 0.7786318957805634
171 24.2883 0.3622 car 0.7641782760620117
172 24.2883 0.3622 car 0.748644232749939
173 24.2883 0.3622 car 0.7269256412982941
174 24.2883 0.3622 car 0.6971621513366699
175 24.2883 0.3622 car 0.669746607542038
176 24.2883 0.3622 car 0.7155752182006836
177 24.2883 0.3622 car 0.7172892093658447
178 24.2883 0.3622 car 0.707332968711853
179 24.2883 0.3622 car 0.6864712536334991
180 24.2883 0.3622 car 0.6698821187019348
181 24.2883 0.3622 car 0.643395870923996
182 24.2883 0.3622 car 0.5970893204212189
183 24.2883 0.3622 car 0.5415930449962616
184 24.2883 0.4132 pedestrian 0.4243358224630356
185 24.2883 0.4132 pedestrian 0.4911205619573593
186 24.2883 0.4132 pedestrian 0.5165033787488937
187 24.2883 0.3961 pedestrian 0.5242686718702316
188 24.2883 0.3961 pedestrian 0.5173459053039551
189 24.2883 0.3961 pedestrian 0.500179797410965
190 24.2883 0.3961 pedestrian 0.483062207698822
191 24.5013 0.3961 pedestrian 0.4585742726922035
192 24.5013 0.3961 pedestrian 0.401798490434885
586 24.5013 -0.0867 car 0.5333805680274963
587 24.2883 -0.0867 car 0.6440842747688293
588 24.2883 -0.0867 car 0.6720067262649536
589 24.0752 -0.0867 car 0.6938842535018921
590 23.8621 -0.1025 car 0.7022368311882019
591 23.6491 -0.1025 car 0.703125387430191
592 23.0099 -0.1025 car 0.7910461723804474
593 23.0099 -0.1025 car 0.8209725618362427
594 22.7969 -0.1025 car 0.8336659967899323
595 22.5838 -0.1025 car 0.8442636728286743
596 22.5838 -0.1025 car 0.8352971076965332
597 22.1577 -0.1025 car 0.8230789005756378
598 21.9447 -0.1025 car 0.8030697703361511
599 21.9447 -0.1025 car 0.7829234302043915
600 21.3055 -0.1025 car 0.7739781439304352
600 2.7697 -0.6317 pedestrian 0.46215978264808655
601 21.0924 -0.1025 car 0.7864357233047485
601 2.7697 -0.6317 pedestrian 0.5066855251789093
601 2.7697 -0.5010 pedestrian 0.49077846109867096
602 20.8794 -0.1025 car 0.7922177314758301
602 2.7697 -0.4831 pedestrian 0.5415249466896057
602 2.7697 -0.6317 pedestrian 0.5274280607700348
603 20.6663 -0.1025 car 0.7823127508163452
603 2.7697 -0.4831 pedestrian 0.5832433998584747
604 20.6663 -0.1025 car 0.7591230273246765
604 2.7697 -0.4831 pedestrian 0.6055834591388702
605 20.4533 -0.1025 car 0.7234382331371307
605 2.7697 -0.4831 pedestrian 0.6266898810863495
606 20.2402 -0.1025 car 0.6862303614616394
606 2.7697 -0.4831 pedestrian 0.6332554519176483
607 19.8141 -0.1025 car 0.6567904353141785
607 2.7697 -0.4654 pedestrian 0.6441740989685059
608 2.7697 -0.3454 pedestrian 0.5684000551700592
608 19.3880 -0.1184 car 0.4296100214123726
609 2.9828 -0.1821 pedestrian 0.5929750204086304
609 2.7697 -0.2956 pedestrian 0.5744241923093796
609 19.1749 -0.1184 car 0.4181681275367737
610 2.9828 -0.1821 pedestrian 0.6419802606105804
610 19.1749 -0.1343 cyclist 0.4128011707216501
610 19.1749 -0.1184 car 0.40056242421269417
611 2.9828 -0.1661 pedestrian 0.6830117404460907
611 19.1749 -0.1343 cyclist 0.4183386340737343
612 2.9828 -0.1502 pedestrian 0.698066383600235
612 19.1749 -0.1184 cyclist 0.41424908488988876
613 2.9828 -0.1502 pedestrian 0.6992553472518921
613 18.9619 -0.1343 cyclist 0.41811446100473404
614 2.9828 -0.1502 pedestrian 0.6735105216503143
614 18.9619 -0.1343 cyclist 0.40533361583948135
615 2.9828 -0.1343 pedestrian 0.6411598026752472
616 3.4089 0.2304 pedestrian 0.5350444614887238
616 3.1958 0.0709 pedestrian 0.5171759873628616
616 17.4705 -0.1661 car 0.4204298257827759
617 3.4089 0.2304 pedestrian 0.585760235786438
617 3.1958 0.0867 pedestrian 0.518738329410553
617 17.4705 -0.1661 car 0.5089508444070816
618 3.6219 0.2629 pedestrian 0.6439648568630219
618 17.2574 -0.1661 car 0.5725084841251373
619 3.6219 0.2629 pedestrian 0.6894766092300415
619 17.0444 -0.1661 car 0.6347418129444122
620 3.6219 0.2792 pedestrian 0.7013106644153595
620 17.0444 -0.1661 car 0.6592876017093658
621 3.6219 0.2792 pedestrian 0.6968403160572052
621 16.8313 -0.1821 car 0.6827308237552643
622 16.6183 -0.1661 car 0.7097773849964142
622 3.8350 0.2956 pedestrian 0.6733591258525848
623 16.4052 -0.1661 car 0.714649111032486
623 3.8350 0.2956 pedestrian 0.6597698926925659
624 4.4742 0.4479 cyclist 0.5125744491815567
624 16.1922 -0.1661 car 0.44954776391386986
624 15.9791 -0.1502 cyclist 0.41053155809640884
625 4.4742 0.4654 cyclist 0.5588287711143494
625 15.9791 -0.1661 car 0.44585200771689415
625 15.9791 -0.1661 cyclist 0.4230858953669667
626 4.6872 0.4831 cyclist 0.6070932298898697
626 15.7661 -0.1821 car 0.45450181886553764
626 15.7661 -0.1661 cyclist 0.42860026378184557
627 4.6872 0.4831 cyclist 0.6521823406219482
627 15.7661 -0.1821 car 0.4598851911723614
627 15.7661 -0.1661 cyclist 0.42587948124855757
628 4.6872 0.5010 cyclist 0.6876575350761414
628 15.5530 -0.1821 car 0.44763725250959396
628 15.5530 -0.1661 cyclist 0.4264956284314394
629 4.9003 0.5373 cyclist 0.707990437746048
629 15.3400 -0.1821 car 0.44515931606292725
629 15.5530 -0.1661 cyclist 0.4181336909532547
630 4.9003 0.5557 cyclist 0.6979863345623016
630 15.1269 -0.1981 car 0.4365406706929207
631 4.9003 0.5557 cyclist 0.6660117506980896
631 14.9138 -0.1981 car 0.4409530460834503
632 5.3264 0.5932 cyclist 0.6481096744537354
632 14.2747 -0.1981 car 0.6021119058132172
633 5.3264 0.6124 cyclist 0.6802430748939514
633 14.0616 -0.1981 car 0.6574139446020126
634 5.3264 0.6124 cyclist 0.7033548057079315
634 14.0616 -0.1981 car 0.6905949115753174
635 5.5394 0.6317 cyclist 0.7235564291477203
635 14.0616 -0.1981 car 0.7005599439144135
636 5.5394 0.6317 cyclist 0.7233415246009827
636 13.8486 -0.2142 car 0.6981633752584457
637 5.7525 0.6514 cyclist 0.7173435986042023
637 13.6355 -0.2142 car 0.7032065689563751
638 13.6355 -0.2142 car 0.6964325904846191
638 5.7525 0.6514 cyclist 0.6737100780010223
639 13.4225 -0.2142 car 0.6886797249317169
639 5.7525 0.6514 cyclist 0.5888250470161438
640 12.9963 -0.2304 car 0.8560674786567688
641 12.7833 -0.2304 car 0.8661285638809204
642 12.7833 -0.2304 car 0.8702408373355865
643 12.5702 -0.2304 car 0.8714555501937866
644 12.5702 -0.2304 car 0.8608454465866089
645 12.3572 -0.2466 car 0.846762090921402
646 12.3572 -0.2466 car 0.8302405178546906
647 12.1441 -0.2466 car 0.8149533867835999
648 11.5050 -0.2629 car 0.843911349773407
649 11.2919 -0.2629 car 0.8513733744621277
650 11.2919 -0.2956 car 0.8563095033168793
651 11.0789 -0.2956 car 0.8562462627887726
652 11.0789 -0.2956 car 0.8517973721027374
653 11.0789 -0.2956 car 0.8404269516468048
654 10.8658 -0.2956 car 0.8282925486564636
655 10.8658 -0.3121 car 0.8142039775848389
656 10.2266 -0.3622 car 0.8200574815273285
657 10.2266 -0.3622 car 0.8316919207572937
658 10.0136 -0.3622 car 0.8377287089824677
659 10.0136 -0.3791 car 0.8384416401386261
660 9.8005 -0.3791 car 0.8358016908168793
661 9.8005 -0.3791 car 0.8286900222301483
662 9.5875 -0.4132 car 0.8218717277050018
663 9.5875 -0.4132 car 0.8156879544258118
664 8.9483 -0.4654 car 0.8569947481155396
665 8.9483 -0.4654 car 0.8687016069889069
666 8.9483 -0.4654 car 0.8683943748474121
667 8.7352 -0.4831 car 0.8691142201423645
668 8.7352 -0.4831 car 0.8604017496109009
669 8.5222 -0.5010 car 0.848968505859375
670 8.5222 -0.5010 car 0.8381468057632446
671 8.5222 -0.5010 car 0.8235341012477875
672 8.0961 -0.5557 car 0.858133465051651
673 7.8830 -0.5744 car 0.8657741546630859
674 7.8830 -0.5744 car 0.8659575581550598
675 7.8830 -0.5932 car 0.8680172264575958
676 7.8830 -0.5932 car 0.8684908151626587
677 7.6700 -0.5932 car 0.8702898323535919
678 7.6700 -0.6124 car 0.8702003657817841
679 7.6700 -0.6124 car 0.8664141893386841
680 7.4569 -0.6714 car 0.8301754593849182
681 7.4569 -0.6714 car 0.8259775936603546
682 7.4569 -0.6714 car 0.8167345225811005
683 7.4569 -0.6714 car 0.8127318620681763
684 7.4569 -0.6916 car 0.8127199113368988
685 7.4569 -0.6916 car 0.8105522394180298
686 7.4569 -0.6916 car 0.806950718164444
687 7.4569 -0.7123 car 0.7996405065059662
688 7.2439 -0.7765 car 0.7751083970069885
689 7.2439 -0.8217 car 0.777465283870697
690 7.2439 -0.8217 car 0.7714870572090149
691 7.2439 -0.8217 car 0.7666192054748535
692 7.2439 -0.8217 car 0.763351172208786
693 7.2439 -0.8217 car 0.7646743059158325
694 7.2439 -0.8217 car 0.7613934278488159
695 7.2439 -0.8217 car 0.7577544152736664
696 7.4569 -0.8451 car 0.781215488910675
697 7.4569 -0.8451 car 0.7814122140407562
698 7.4569 -0.8451 car 0.7720980048179626
699 7.4569 -0.8451 car 0.7545148730278015
700 7.4569 -0.8451 car 0.738572746515274
701 7.4569 -0.8451 car 0.7073488831520081
702 7.4569 -0.8451 car 0.6586887836456299
703 7.4569 -0.8451 car 0.6101586222648621
808 2.5567 -0.4479 pedestrian 0.641324520111084
809 2.5567 -0.4479 pedestrian 0.691418319940567
810 2.5567 -0.4479 pedestrian 0.7143922746181488
811 2.5567 -0.4305 pedestrian 0.7255077362060547
812 2.5567 -0.4305 pedestrian 0.7060900032520294
812 2.7697 -0.1025 pedestrian 0.4431208074092865
813 2.5567 -0.4132 pedestrian 0.6558842658996582
813 2.7697 -0.1025 pedestrian 0.48736274242401123
814 2.5567 -0.3961 pedestrian 0.5866147428750992
814 2.9828 -0.0551 pedestrian 0.5049647390842438
815 2.9828 -0.0551 pedestrian 0.5258069336414337
815 2.5567 -0.3622 pedestrian 0.5184327363967896
824 5.1133 0.6514 car 0.4818360358476639
825 5.3264 0.6514 car 0.465843141078949
826 5.5394 0.6916 car 0.4340481758117676
