0 17.6836 -0.2792 pedestrian 0.8120768666267395
1 17.6836 -0.2792 pedestrian 0.8385356068611145
2 17.6836 -0.2792 pedestrian 0.8534529805183411
3 17.6836 -0.2792 pedestrian 0.8669743537902832
4 17.6836 -0.2792 pedestrian 0.8809884190559387
5 17.6836 -0.2792 pedestrian 0.8956142663955688
6 17.6836 -0.2792 pedestrian 0.9043352007865906
7 17.6836 -0.2792 pedestrian 0.9110132455825806
8 17.8966 -0.2956 pedestrian 0.8385244011878967
9 17.8966 -0.2956 pedestrian 0.8608912527561188
10 17.8966 -0.2956 pedestrian 0.8680296838283539
11 17.8966 -0.2956 pedestrian 0.8699639141559601
12 17.8966 -0.2956 pedestrian 0.8702853322029114
13 17.8966 -0.2956 pedestrian 0.8770393133163452
14 17.8966 -0.2956 pedestrian 0.8801144659519196
15 17.8966 -0.2956 pedestrian 0.8770523965358734
16 17.8966 -0.2956 pedestrian 0.8705524206161499
17 17.8966 -0.2956 pedestrian 0.8818750381469727
18 17.8966 -0.2956 pedestrian 0.8854383826255798
19 17.8966 -0.2956 pedestrian 0.8864915370941162
20 17.8966 -0.2792 pedestrian 0.8845861554145813
21 17.8966 -0.2792 pedestrian 0.8852148652076721
22 17.8966 -0.2792 pedestrian 0.8824677169322968
23 17.8966 -0.2792 pedestrian 0.8746332824230194
24 18.1097 -0.2792 pedestrian 0.8093278408050537
25 18.1097 -0.2792 pedestrian 0.8265984058380127
26 18.1097 -0.2956 pedestrian 0.8355429470539093
27 18.1097 -0.2956 pedestrian 0.8372262120246887
28 18.1097 -0.2792 pedestrian 0.832585483789444
29 18.1097 -0.2792 pedestrian 0.8310617804527283
30 18.1097 -0.2792 pedestrian 0.8261804580688477
31 18.1097 -0.2956 pedestrian 0.8174129724502563
32 18.3227 -0.2956 pedestrian 0.6986028254032135
33 18.3227 -0.2956 pedestrian 0.7416936457157135
34 18.3227 -0.2956 pedestrian 0.7704014480113983
35 18.3227 -0.2956 pedestrian 0.786234974861145
36 18.3227 -0.2956 pedestrian 0.7968432307243347
37 18.3227 -0.2956 pedestrian 0.794169545173645
38 18.3227 -0.2956 pedestrian 0.7708553969860077
39 18.3227 -0.2956 pedestrian 0.7407503426074982
40 18.3227 -0.3287 pedestrian 0.763763815164566
41 18.3227 -0.3287 pedestrian 0.8006488978862762
42 18.3227 -0.3287 pedestrian 0.8134347200393677
43 18.3227 -0.3287 pedestrian 0.8198916912078857
44 18.3227 -0.3287 pedestrian 0.8259960114955902
45 18.3227 -0.3287 pedestrian 0.8407902121543884
46 18.3227 -0.3287 pedestrian 0.8460962772369385
47 18.3227 -0.3287 pedestrian 0.8365109264850616
48 18.3227 -0.3121 pedestrian 0.8369422256946564
49 18.3227 -0.3121 pedestrian 0.8650531768798828
50 18.3227 -0.3121 pedestrian 0.879738062620163
51 18.3227 -0.3121 pedestrian 0.8861292898654938
52 18.3227 -0.3121 pedestrian 0.8877382576465607
53 18.3227 -0.3121 pedestrian 0.8921873271465302
54 18.3227 -0.3121 pedestrian 0.89080610871315
55 18.3227 -0.2956 pedestrian 0.8834110200405121
56 18.5358 -0.2792 pedestrian 0.8432942032814026
57 18.5358 -0.2792 pedestrian 0.8700518906116486
58 18.5358 -0.2792 pedestrian 0.8825145959854126
59 18.5358 -0.2792 pedestrian 0.8877788782119751
60 18.5358 -0.2792 pedestrian 0.8858899772167206
61 18.5358 -0.2792 pedestrian 0.8881692290306091
62 18.5358 -0.2792 pedestrian 0.8859618306159973
63 18.3227 -0.2792 pedestrian 0.8738817274570465
64 18.3227 -0.2956 pedestrian 0.8635580241680145
65 18.3227 -0.2956 pedestrian 0.8814688920974731
66 18.3227 -0.2956 pedestrian 0.8878928422927856
67 18.3227 -0.2956 pedestrian 0.8897382020950317
68 18.3227 -0.2956 pedestrian 0.8887252807617188
69 18.3227 -0.2956 pedestrian 0.8916653096675873
70 18.3227 -0.2956 pedestrian 0.8898650407791138
71 18.3227 -0.2956 pedestrian 0.8809942305088043
72 18.1097 -0.2792 pedestrian 0.7946500480175018
73 18.1097 -0.2792 pedestrian 0.8168806433677673
74 18.1097 -0.2792 pedestrian 0.8326903581619263
75 18.1097 -0.2792 pedestrian 0.8409087359905243
76 18.1097 -0.2792 pedestrian 0.844429224729538
77 18.1097 -0.2792 pedestrian 0.8486783802509308
78 18.1097 -0.2792 pedestrian 0.8436424136161804
79 18.1097 -0.2792 pedestrian 0.8344239294528961
80 17.8966 -0.2792 pedestrian 0.780013382434845
81 17.8966 -0.2792 pedestrian 0.8070286512374878
82 17.8966 -0.2792 pedestrian 0.8200397491455078
83 17.8966 -0.2792 pedestrian 0.8226615190505981
84 17.8966 -0.2792 pedestrian 0.8216805756092072
85 17.8966 -0.2792 pedestrian 0.8155487477779388
86 17.8966 -0.2629 pedestrian 0.8037522435188293
87 17.8966 -0.2629 pedestrian 0.7902732491493225
88 17.8966 -0.2629 pedestrian 0.6971729695796967
89 17.8966 -0.2629 pedestrian 0.7004818022251129
90 17.8966 -0.2629 pedestrian 0.6969088912010193
91 17.6836 -0.2629 pedestrian 0.6907638609409332
92 17.6836 -0.2629 pedestrian 0.6819548904895782
93 17.6836 -0.2629 pedestrian 0.6654409766197205
93 17.6836 -0.3454 cyclist 0.4076429754495621
94 17.6836 -0.2629 pedestrian 0.6374024748802185
94 17.4705 -0.3454 cyclist 0.42961864173412323
95 17.6836 -0.2629 pedestrian 0.6113587915897369
95 17.4705 -0.3454 cyclist 0.43537232279777527
96 17.4705 -0.2792 pedestrian 0.7391238808631897
97 17.4705 -0.2792 pedestrian 0.7664899528026581
98 17.4705 -0.2792 pedestrian 0.7765102982521057
99 17.4705 -0.2792 pedestrian 0.7746635377407074
100 17.4705 -0.2792 pedestrian 0.7640126645565033
101 17.4705 -0.2792 pedestrian 0.7365118563175201
102 17.4705 -0.2792 pedestrian 0.7051253318786621
103 17.4705 -0.2792 pedestrian 0.6879793107509613
104 17.2574 -0.2956 pedestrian 0.828246533870697
105 17.2574 -0.2956 pedestrian 0.8405276536941528
106 17.2574 -0.2956 pedestrian 0.8430333733558655
107 17.2574 -0.2956 pedestrian 0.840758204460144
108 17.2574 -0.2956 pedestrian 0.8361676037311554
109 17.2574 -0.2956 pedestrian 0.8357915878295898
110 17.0444 -0.2956 pedestrian 0.8321865797042847
111 17.0444 -0.2956 pedestrian 0.8335788249969482
112 17.0444 -0.2956 pedestrian 0.8195882737636566
113 16.8313 -0.2956 pedestrian 0.8381427824497223
114 16.8313 -0.2956 pedestrian 0.8470165133476257
115 16.8313 -0.2956 pedestrian 0.8530018329620361
116 16.8313 -0.2792 pedestrian 0.8569440543651581
117 16.8313 -0.2792 pedestrian 0.862197756767273
118 16.8313 -0.2792 pedestrian 0.864862471818924
119 16.8313 -0.2792 pedestrian 0.8637956082820892
120 16.8313 -0.2792 pedestrian 0.8144589364528656
121 16.8313 -0.2792 pedestrian 0.8299117088317871
122 16.8313 -0.2792 pedestrian 0.8279139995574951
123 16.8313 -0.2792 pedestrian 0.8160394430160522
124 16.6183 -0.2792 pedestrian 0.8086063265800476
125 16.6183 -0.2792 pedestrian 0.8109725117683411
126 16.6183 -0.2792 pedestrian 0.8059276342391968
127 16.6183 -0.2792 pedestrian 0.7830868065357208
128 16.6183 -0.3121 pedestrian 0.8134086430072784
129 16.6183 -0.3121 pedestrian 0.836261510848999
130 16.4052 -0.3121 pedestrian 0.8442204594612122
131 16.4052 -0.3121 pedestrian 0.8514721095561981
132 16.4052 -0.3121 pedestrian 0.8564322888851166
133 16.4052 -0.3121 pedestrian 0.8650315701961517
134 16.4052 -0.3287 pedestrian 0.8694563508033752
135 16.4052 -0.3287 pedestrian 0.8661713004112244
136 16.4052 -0.3287 pedestrian 0.8575440347194672
137 16.1922 -0.3287 pedestrian 0.8727817237377167
138 16.1922 -0.3287 pedestrian 0.8856408298015594
139 16.1922 -0.3287 pedestrian 0.8931149542331696
140 16.1922 -0.3287 pedestrian 0.8965630233287811
141 16.1922 -0.3287 pedestrian 0.9028860926628113
142 16.1922 -0.3287 pedestrian 0.906823068857193
143 16.1922 -0.3287 pedestrian 0.9064315259456635
144 15.9791 -0.3454 pedestrian 0.8997398912906647
145 15.9791 -0.3454 pedestrian 0.9126185476779938
146 15.9791 -0.3454 pedestrian 0.9221020638942719
147 15.9791 -0.3454 pedestrian 0.9291653037071228
148 15.9791 -0.3454 pedestrian 0.932847410440445
149 15.9791 -0.3454 pedestrian 0.9365072548389435
150 15.9791 -0.3454 pedestrian 0.9369702637195587
151 15.9791 -0.3454 pedestrian 0.9344719052314758
152 15.9791 -0.3287 pedestrian 0.8987829089164734
153 15.9791 -0.3287 pedestrian 0.9111282527446747
154 15.9791 -0.3287 pedestrian 0.9193023145198822
155 15.9791 -0.3287 pedestrian 0.9254644811153412
156 15.9791 -0.3287 pedestrian 0.9271648824214935
157 15.9791 -0.3287 pedestrian 0.9320558309555054
158 15.9791 -0.3287 pedestrian 0.9339255392551422
159 15.9791 -0.3287 pedestrian 0.9347720146179199
160 15.9791 -0.3287 pedestrian 0.885895848274231
161 15.9791 -0.3287 pedestrian 0.900361955165863
162 15.9791 -0.3287 pedestrian 0.9069312512874603
163 15.9791 -0.3287 pedestrian 0.9121671617031097
164 15.9791 -0.3287 pedestrian 0.9142583608627319
165 15.9791 -0.3287 pedestrian 0.9187301397323608
166 15.9791 -0.3287 pedestrian 0.919866293668747
167 15.9791 -0.3287 pedestrian 0.9166735112667084
168 15.7661 -0.3121 pedestrian 0.8483857810497284
169 15.7661 -0.3121 pedestrian 0.8601930737495422
170 15.7661 -0.3121 pedestrian 0.8599702715873718
171 15.9791 -0.3121 pedestrian 0.858570396900177
172 15.9791 -0.3121 pedestrian 0.8573234975337982
173 15.9791 -0.3121 pedestrian 0.8607183992862701
174 15.9791 -0.3121 pedestrian 0.8586880266666412
175 15.9791 -0.3121 pedestrian 0.8506646156311035
176 15.9791 -0.2956 pedestrian 0.8206728100776672
177 15.9791 -0.2792 pedestrian 0.8406889736652374
178 15.9791 -0.2792 pedestrian 0.8455830514431
179 15.9791 -0.2792 pedestrian 0.8430194556713104
180 15.9791 -0.2792 pedestrian 0.8384126424789429
181 15.9791 -0.2792 pedestrian 0.8383009135723114
182 15.9791 -0.2792 pedestrian 0.8362716138362885
183 16.1922 -0.2956 pedestrian 0.8314931988716125
184 16.1922 -0.2792 pedestrian 0.8307966589927673
185 16.1922 -0.2792 pedestrian 0.8508447408676147
186 16.1922 -0.2792 pedestrian 0.8578195571899414
187 16.1922 -0.2792 pedestrian 0.8589758276939392
188 16.4052 -0.2792 pedestrian 0.8561443090438843
189 16.4052 -0.2792 pedestrian 0.8643607497215271
190 16.4052 -0.2792 pedestrian 0.8684788346290588
191 16.4052 -0.2792 pedestrian 0.863165408372879
192 16.6183 -0.2629 pedestrian 0.8297060430049896
193 16.6183 -0.2629 pedestrian 0.8520912826061249
194 16.6183 -0.2629 pedestrian 0.8623624742031097
195 16.6183 -0.2629 pedestrian 0.8662301301956177
196 16.6183 -0.2629 pedestrian 0.8647629618644714
197 16.6183 -0.2629 pedestrian 0.8627476692199707
198 16.6183 -0.2629 pedestrian 0.8520040512084961
199 16.6183 -0.2629 pedestrian 0.8367776572704315
200 16.8313 -0.2792 pedestrian 0.8122623562812805
201 16.8313 -0.2792 pedestrian 0.8287126123905182
202 16.8313 -0.2792 pedestrian 0.8321074545383453
203 16.8313 -0.2792 pedestrian 0.827892392873764
204 17.0444 -0.2792 pedestrian 0.821003794670105
205 17.0444 -0.2792 pedestrian 0.8297584652900696
206 17.0444 -0.2792 pedestrian 0.8320354521274567
207 17.0444 -0.2792 pedestrian 0.8249619603157043
208 17.0444 -0.2792 pedestrian 0.7723190188407898
209 17.2574 -0.2629 pedestrian 0.7958837747573853
210 17.2574 -0.2629 pedestrian 0.8209925889968872
211 17.2574 -0.2629 pedestrian 0.8372609317302704
212 17.2574 -0.2629 pedestrian 0.8425773978233337
213 17.2574 -0.2629 pedestrian 0.8495583236217499
214 17.2574 -0.2629 pedestrian 0.8481082022190094
215 17.2574 -0.2629 pedestrian 0.8405845165252686
216 17.4705 -0.2466 pedestrian 0.8165855407714844
217 17.4705 -0.2466 pedestrian 0.8294932842254639
218 17.4705 -0.2466 pedestrian 0.8347577452659607
219 17.4705 -0.2466 pedestrian 0.831693172454834
220 17.4705 -0.2466 pedestrian 0.823858916759491
221 17.4705 -0.2466 pedestrian 0.8160764575004578
222 17.4705 -0.2466 pedestrian 0.7996987402439117
223 17.4705 -0.2466 pedestrian 0.7787115573883057
224 17.6836 -0.2466 pedestrian 0.700567215681076
225 17.6836 -0.2466 pedestrian 0.7103267312049866
226 17.8966 -0.2466 pedestrian 0.720231682062149
227 17.8966 -0.2466 pedestrian 0.7201521992683411
228 17.8966 -0.2466 pedestrian 0.7189135253429413
229 17.8966 -0.2466 pedestrian 0.6939725875854492
230 17.8966 -0.2466 pedestrian 0.6510843634605408
231 17.8966 -0.2466 pedestrian 0.615320473909378
232 18.1097 -0.2466 pedestrian 0.8313744962215424
233 18.1097 -0.2466 pedestrian 0.8559913039207458
234 18.1097 -0.2466 pedestrian 0.8704380989074707
235 18.1097 -0.2466 pedestrian 0.8793578743934631
236 18.1097 -0.2466 pedestrian 0.8838626742362976
237 18.1097 -0.2466 pedestrian 0.8850931823253632
238 18.1097 -0.2466 pedestrian 0.8813830316066742
239 18.1097 -0.2466 pedestrian 0.8739773333072662
240 18.3227 -0.2629 pedestrian 0.8435381948947906
241 18.3227 -0.2629 pedestrian 0.8602313101291656
242 18.3227 -0.2629 pedestrian 0.8703353703022003
243 18.5358 -0.2629 pedestrian 0.8771703839302063
244 18.5358 -0.2629 pedestrian 0.8817676901817322
245 18.5358 -0.2466 pedestrian 0.8865985572338104
246 18.5358 -0.2629 pedestrian 0.8841533958911896
247 18.5358 -0.2629 pedestrian 0.8774680197238922
248 18.7488 -0.2466 pedestrian 0.8590319752693176
249 18.7488 -0.2466 pedestrian 0.8757698833942413
250 18.7488 -0.2466 pedestrian 0.8840179741382599
251 18.7488 -0.2466 pedestrian 0.885462075471878
252 18.7488 -0.2466 pedestrian 0.8846036791801453
253 18.7488 -0.2466 pedestrian 0.8842175006866455
254 18.7488 -0.2466 pedestrian 0.8776566684246063
255 18.7488 -0.2466 pedestrian 0.866085559129715
256 18.9619 -0.2466 pedestrian 0.8720334470272064
257 18.9619 -0.2466 pedestrian 0.8886375725269318
258 18.9619 -0.2466 pedestrian 0.895197331905365
259 18.9619 -0.2466 pedestrian 0.8957265019416809
260 18.9619 -0.2466 pedestrian 0.8898697793483734
261 18.9619 -0.2304 pedestrian 0.884369820356369
262 19.1749 -0.2304 pedestrian 0.8778386116027832
263 19.1749 -0.2304 pedestrian 0.8630669116973877
264 19.3880 -0.2304 pedestrian 0.8330971002578735
265 19.3880 -0.2304 pedestrian 0.862863302230835
266 19.3880 -0.2304 pedestrian 0.878911554813385
267 19.3880 -0.2304 pedestrian 0.889909952878952
268 19.3880 -0.2142 pedestrian 0.895100325345993
269 19.3880 -0.2142 pedestrian 0.9034141004085541
270 19.3880 -0.2142 pedestrian 0.906033456325531
271 19.3880 -0.2142 pedestrian 0.9035727381706238
272 19.6010 -0.2304 pedestrian 0.8537961542606354
273 19.6010 -0.2304 pedestrian 0.8743894696235657
274 19.6010 -0.2304 pedestrian 0.8821066319942474
275 19.6010 -0.2304 pedestrian 0.881751537322998
276 19.6010 -0.2304 pedestrian 0.877497524023056
277 19.6010 -0.2304 pedestrian 0.8769972324371338
278 19.6010 -0.2304 pedestrian 0.8722591996192932
279 19.6010 -0.2304 pedestrian 0.860696405172348
280 19.8141 -0.2304 pedestrian 0.7983002364635468
281 19.8141 -0.2304 pedestrian 0.8163944780826569
282 20.0272 -0.2304 pedestrian 0.8314520120620728
283 20.0272 -0.2304 pedestrian 0.8358706533908844
284 20.0272 -0.2304 pedestrian 0.8359097540378571
285 20.0272 -0.2142 pedestrian 0.8385265469551086
286 20.0272 -0.2142 pedestrian 0.8352229297161102
287 20.0272 -0.2142 pedestrian 0.8274484872817993
288 20.2402 -0.2304 pedestrian 0.6314403563737869
289 20.2402 -0.2304 pedestrian 0.6748289912939072
290 20.2402 -0.2304 pedestrian 0.6952718496322632
291 20.2402 -0.2304 pedestrian 0.6947483718395233
292 20.2402 -0.2304 pedestrian 0.6912742853164673
293 20.2402 -0.2304 pedestrian 0.6912866532802582
294 20.2402 -0.2304 pedestrian 0.6605732142925262
295 20.2402 -0.2304 pedestrian 0.5884358882904053
296 24.2883 -0.1661 car 0.401621013879776
297 24.0752 -0.1661 car 0.450509637594223
298 24.0752 -0.1661 car 0.4846756160259247
299 23.8621 -0.1661 car 0.50006403028965
300 23.6491 -0.1661 car 0.4867299944162369
301 23.4360 -0.1661 car 0.4803806096315384
302 23.2230 -0.1661 car 0.4789828956127167
303 22.7969 -0.1661 car 0.4826335310935974
304 22.3708 -0.1025 car 0.6554895639419556
305 22.1577 -0.1025 car 0.706694483757019
306 21.9447 -0.1025 car 0.7337738275527954
307 21.7316 -0.1025 car 0.7560319304466248
308 21.5185 -0.1025 car 0.7334758639335632
309 21.3055 -0.1184 car 0.7123514413833618
310 21.3055 -0.1184 car 0.6826623678207397
311 21.0924 -0.1184 car 0.6454210728406906
312 20.6663 -0.1025 car 0.7983436584472656
313 20.4533 -0.1025 car 0.814522385597229
314 20.2402 -0.1025 car 0.8239538669586182
315 20.0272 -0.1025 car 0.8363024592399597
316 19.8141 -0.1184 car 0.8336054682731628
317 19.6010 -0.1184 car 0.8289766609668732
318 19.3880 -0.1343 car 0.8147499859333038
319 19.3880 -0.1343 car 0.7954850494861603
320 18.7488 -0.1184 car 0.738347589969635
321 18.3227 -0.1343 car 0.7616946399211884
322 18.3227 -0.1343 car 0.7844187617301941
323 18.1097 -0.1343 car 0.797634094953537
324 17.8966 -0.1343 car 0.7960852682590485
325 17.6836 -0.1502 car 0.7826536595821381
326 17.6836 -0.1502 car 0.7663557231426239
327 17.4705 -0.1502 car 0.7450375556945801
328 16.6183 -0.1661 car 0.7976210117340088
328 21.5185 -0.2142 pedestrian 0.7280801832675934
329 16.6183 -0.1661 car 0.8250635862350464
329 21.5185 -0.2142 pedestrian 0.7728185951709747
330 16.4052 -0.1661 car 0.8384570777416229
330 21.5185 -0.2142 pedestrian 0.7939471304416656
331 16.4052 -0.1661 car 0.8493962287902832
331 21.5185 -0.2142 pedestrian 0.802482396364212
332 16.1922 -0.1661 car 0.8454638123512268
332 21.5185 -0.2142 pedestrian 0.8049759268760681
333 16.1922 -0.1661 car 0.8349082469940186
333 21.5185 -0.2142 pedestrian 0.804145872592926
334 15.9791 -0.1821 car 0.8219999372959137
334 21.5185 -0.2142 pedestrian 0.7930620312690735
335 15.9791 -0.1821 car 0.8100605905056
335 21.5185 -0.2142 pedestrian 0.7715736627578735
336 15.3400 -0.1821 car 0.7733595967292786
336 21.5185 -0.2142 pedestrian 0.7043149769306183
337 15.3400 -0.1821 car 0.7953084111213684
337 21.5185 -0.2142 pedestrian 0.7432784140110016
338 14.9138 -0.1981 car 0.8195202350616455
338 21.5185 -0.2142 pedestrian 0.7549315392971039
339 14.9138 -0.1981 car 0.8336355984210968
339 21.5185 -0.2142 pedestrian 0.7536816895008087
340 14.7008 -0.1981 car 0.8347193896770477
340 21.5185 -0.2142 pedestrian 0.7503805756568909
341 14.4877 -0.1981 car 0.8258024752140045
341 21.5185 -0.2142 pedestrian 0.7485989630222321
342 14.4877 -0.1981 car 0.806604415178299
342 21.5185 -0.2142 pedestrian 0.7285689413547516
343 14.2747 -0.1981 car 0.7878074049949646
343 21.5185 -0.2142 pedestrian 0.6748910844326019
344 13.6355 -0.1981 car 0.7857688665390015
345 13.4225 -0.1981 car 0.7954923808574677
346 13.2094 -0.1981 car 0.8086991906166077
347 12.9963 -0.2142 car 0.8143094480037689
348 12.9963 -0.2142 car 0.8135550320148468
348 4.2611 -0.7123 car 0.41375137865543365
349 12.7833 -0.2142 car 0.8047643303871155
349 4.2611 -0.7123 car 0.44714485108852386
350 12.7833 -0.2142 car 0.7981766164302826
350 4.2611 -0.6714 car 0.46610160171985626
351 12.5702 -0.2142 car 0.7909174561500549
351 4.4742 -0.6514 car 0.48836077749729156
352 12.1441 -0.2304 car 0.7462353110313416
352 3.4089 0.3622 pedestrian 0.523080587387085
353 12.1441 -0.2304 car 0.7377803921699524
353 3.4089 0.3622 pedestrian 0.6315038502216339
354 3.4089 0.3622 pedestrian 0.7040260434150696
354 12.1441 -0.2304 car 0.7008174359798431
354 3.4089 -0.6317 pedestrian 0.4260148946195841
355 3.4089 0.3622 pedestrian 0.7480265200138092
355 11.9311 -0.2466 car 0.6422730684280396
355 3.4089 -0.6317 pedestrian 0.44306617230176926
356 3.4089 0.3622 pedestrian 0.7534895837306976
356 11.9311 -0.2466 car 0.5613858550786972
356 3.4089 -0.6317 pedestrian 0.43703667679801583
357 3.4089 0.3622 pedestrian 0.751340240240097
357 11.9311 -0.2466 car 0.4692685976624489
357 3.4089 -0.6317 pedestrian 0.4205484059639275
358 3.4089 0.3622 pedestrian 0.7374987304210663
358 11.9311 -0.2466 car 0.4022567458450794
359 3.4089 0.3622 pedestrian 0.7092904448509216
360 3.4089 0.3454 pedestrian 0.4261933043599129
361 3.4089 0.3287 pedestrian 0.4226130098104477
361 4.4742 0.0709 car 0.4225150868296623
361 4.2611 -0.6714 car 0.4026344306766987
362 4.4742 0.0867 car 0.4468918517231941
362 3.4089 0.3287 pedestrian 0.4247996583580971
362 4.2611 -0.6714 car 0.4074930027127266
363 4.4742 0.0867 car 0.46423135697841644
363 3.4089 0.3287 pedestrian 0.42241383343935013
364 4.4742 0.0867 car 0.4744721055030823
364 4.2611 -0.6714 car 0.4005747474730015
365 4.4742 0.0867 car 0.480870321393013
366 4.6872 0.0867 car 0.48840920627117157
367 4.6872 0.0867 car 0.5004544705152512
367 4.2611 -0.6714 car 0.4030168242752552
368 4.9003 0.2142 car 0.7395055592060089
368 4.2611 -0.5744 car 0.7064813673496246
368 10.8658 -0.0394 car 0.5957139432430267
369 5.1133 0.2142 car 0.7517816126346588
369 4.2611 -0.5373 car 0.6987879574298859
369 10.6527 -0.0394 car 0.6111697256565094
370 5.1133 0.2142 car 0.7564068138599396
370 4.2611 -0.5373 car 0.6641075611114502
370 10.6527 -0.0394 car 0.5924183130264282
371 5.1133 0.2142 car 0.7587155103683472
371 4.4742 -0.5010 car 0.6241931617259979
371 10.6527 -0.0394 car 0.5437115430831909
372 5.3264 0.2304 car 0.7587087452411652
372 4.4742 -0.5010 car 0.5877823531627655
372 10.6527 -0.0394 car 0.4898540675640106
373 5.3264 0.2304 car 0.7632265090942383
373 4.4742 -0.4654 car 0.5386482179164886
373 10.4397 -0.0867 car 0.43413886427879333
374 5.3264 0.2304 car 0.760765939950943
375 5.3264 0.2304 car 0.755822628736496
376 5.1133 0.0236 car 0.8184785842895508
376 8.0961 -0.5744 car 0.669949471950531
377 5.1133 0.0236 car 0.8232641220092773
377 8.0961 -0.5744 car 0.7054179906845093
378 5.1133 0.0236 car 0.8152876794338226
378 8.0961 -0.5744 car 0.7329038977622986
379 5.3264 0.0236 car 0.8057388365268707
379 8.0961 -0.5744 car 0.7474187612533569
380 5.3264 0.0551 car 0.7935777306556702
380 8.0961 -0.6124 car 0.7513117492198944
381 5.7525 0.2304 car 0.7982112467288971
381 7.8830 -0.5932 car 0.7598319351673126
382 5.7525 0.2304 car 0.7951028943061829
382 7.8830 -0.6124 car 0.7586759924888611
383 5.9655 0.2142 car 0.7831911146640778
383 7.8830 -0.6124 car 0.7545403242111206
384 6.3916 0.2142 car 0.8500136435031891
384 7.4569 -0.6714 car 0.5590931475162506
384 21.5185 -0.2629 cyclist 0.44245029985904694
385 6.6047 0.2466 car 0.8547156453132629
385 7.4569 -0.7123 car 0.5515777170658112
385 21.5185 -0.2792 cyclist 0.46686984598636627
385 21.7316 -0.2142 pedestrian 0.416193425655365
386 6.8178 0.2466 car 0.8563285171985626
386 7.4569 -0.7123 car 0.5417941510677338
386 21.5185 -0.2792 cyclist 0.4876300096511841
386 21.7316 -0.2142 pedestrian 0.45172031223773956
387 6.8178 0.2466 car 0.8623180389404297
387 7.4569 -0.7123 car 0.5245490968227386
387 21.7316 -0.2792 cyclist 0.5016356557607651
387 21.7316 -0.2142 pedestrian 0.46768875420093536
388 6.8178 0.2466 car 0.8657857775688171
388 21.7316 -0.2792 cyclist 0.5038289129734039
388 7.4569 -0.7123 car 0.5031472891569138
388 21.7316 -0.2142 pedestrian 0.4641757011413574
389 7.0308 0.2792 car 0.8704770505428314
389 21.7316 -0.2792 cyclist 0.48987095057964325
389 7.4569 -0.7123 car 0.48591990768909454
389 21.7316 -0.2142 pedestrian 0.45145735144615173
390 7.2439 0.2792 car 0.8738275766372681
390 7.4569 -0.7123 car 0.4616401717066765
390 21.7316 -0.2792 cyclist 0.4580813944339752
390 21.7316 -0.2142 pedestrian 0.4304535537958145
391 7.2439 0.2792 car 0.8647656738758087
391 7.4569 -0.7123 car 0.43941816687583923
391 21.7316 -0.2142 pedestrian 0.4265340268611908
391 21.7316 -0.2792 cyclist 0.4170248806476593
392 7.6700 0.3121 car 0.906677782535553
392 21.5185 -0.2304 pedestrian 0.6412662267684937
393 7.6700 0.3121 car 0.9019224345684052
393 21.5185 -0.2304 pedestrian 0.6688165962696075
394 7.8830 0.3121 car 0.8870665431022644
394 21.5185 -0.2304 pedestrian 0.6803193688392639
395 8.0961 0.3121 car 0.8734365105628967
395 21.5185 -0.2304 pedestrian 0.6798213422298431
396 8.3091 0.3287 car 0.8684080839157104
396 21.5185 -0.2304 pedestrian 0.6801559627056122
397 8.5222 0.3454 car 0.86881223320961
397 21.5185 -0.2304 pedestrian 0.6840417385101318
398 8.5222 0.3454 car 0.8654211461544037
398 21.3055 -0.2142 pedestrian 0.6782744228839874
399 8.7352 0.3454 car 0.8591576516628265
399 21.3055 -0.2304 pedestrian 0.6672866642475128
400 9.1614 0.3791 car 0.8928881287574768
400 21.3055 -0.2304 pedestrian 0.5119708329439163
400 7.0308 -0.7988 car 0.4200113117694855
401 9.3744 0.3791 car 0.9004063010215759
401 21.0924 -0.2304 pedestrian 0.5657024085521698
401 7.0308 -0.7988 car 0.4101344496011734
402 9.3744 0.3791 car 0.8917916715145111
402 21.0924 -0.2304 pedestrian 0.5971304327249527
403 9.5875 0.3791 car 0.8768509030342102
403 21.0924 -0.2304 pedestrian 0.6105434447526932
404 9.8005 0.3791 car 0.8682423532009125
404 21.0924 -0.2304 pedestrian 0.6235611736774445
405 10.0136 0.3791 car 0.8519838452339172
405 21.0924 -0.2304 pedestrian 0.655934751033783
406 10.2266 0.3791 car 0.84587562084198
406 21.0924 -0.2304 pedestrian 0.666326254606247
407 10.2266 0.3791 car 0.8359318673610687
407 21.0924 -0.2304 pedestrian 0.647705078125
408 10.8658 0.3791 car 0.8576572239398956
408 21.0924 -0.2792 pedestrian 0.5460253655910492
409 11.0789 0.3791 car 0.8529557287693024
409 21.0924 -0.2792 pedestrian 0.5883070826530457
410 11.2919 0.3791 car 0.8238847553730011
410 21.0924 -0.2792 pedestrian 0.6079571843147278
411 11.5050 0.3791 car 0.8025983273983002
411 21.0924 -0.2792 pedestrian 0.6074812114238739
412 11.7180 0.3791 car 0.8004985451698303
412 21.0924 -0.2792 pedestrian 0.6080847084522247
413 11.9311 0.3791 car 0.8113849759101868
413 20.8794 -0.2792 pedestrian 0.6140686869621277
414 12.1441 0.3791 car 0.8143409788608551
414 20.8794 -0.2792 pedestrian 0.5836138725280762
415 12.3572 0.3791 car 0.8177584409713745
415 20.8794 -0.2792 pedestrian 0.510081097483635
416 12.7833 0.3791 car 0.8711460530757904
417 12.7833 0.3791 car 0.8701757788658142
418 12.9963 0.3791 car 0.854393482208252
419 13.2094 0.3791 car 0.8453129529953003
420 13.4225 0.3791 car 0.8480780124664307
420 24.2883 -0.1184 car 0.41459639370441437
421 13.6355 0.3791 car 0.8578984439373016
421 24.2883 -0.1184 car 0.4930194169282913
422 13.8486 0.3791 car 0.8631904125213623
422 24.0752 -0.1661 car 0.5464507788419724
423 14.0616 0.3791 car 0.8625596463680267
423 23.8621 -0.1343 car 0.581365704536438
424 14.4877 0.3791 car 0.8985434472560883
424 23.4360 -0.1025 car 0.6895661950111389
425 14.4877 0.3791 car 0.8979257941246033
425 23.2230 -0.1025 car 0.715472549200058
426 14.9138 0.3791 car 0.8918363451957703
426 23.0099 -0.1184 car 0.7400392591953278
427 14.9138 0.3791 car 0.8810821771621704
427 22.7969 -0.1025 car 0.7510540187358856
428 15.1269 0.3791 car 0.8697214424610138
428 22.7969 -0.1184 car 0.7400200963020325
429 15.3400 0.3791 car 0.8678352236747742
429 22.3708 -0.1184 car 0.7248558700084686
430 15.5530 0.3791 car 0.8553521931171417
430 22.1577 -0.1184 car 0.7089732587337494
431 15.7661 0.3791 car 0.8478812575340271
431 21.9447 -0.1184 car 0.6925357282161713
432 15.9791 0.3791 car 0.8621040284633636
432 21.5185 -0.1025 car 0.7733213305473328
433 16.1922 0.3791 car 0.8551310300827026
433 21.3055 -0.1025 car 0.7712758183479309
434 16.4052 0.3791 car 0.8236419260501862
434 21.0924 -0.1184 car 0.7576080858707428
435 16.6183 0.3791 car 0.7929143607616425
435 20.8794 -0.1184 car 0.740118145942688
436 16.8313 0.3791 car 0.7729631662368774
436 20.6663 -0.1184 car 0.7142344117164612
437 17.0444 0.3791 car 0.758158951997757
437 20.2402 -0.1184 car 0.6834740936756134
438 17.2574 0.3791 car 0.7382815182209015
438 20.0272 -0.1025 car 0.6668039858341217
439 17.4705 0.3791 car 0.7278367280960083
439 19.8141 -0.1184 car 0.6649321615695953
440 17.8966 0.3791 car 0.7772472202777863
440 19.1749 -0.1184 car 0.6905235648155212
441 18.1097 0.3791 car 0.7901502847671509
441 19.1749 -0.1184 car 0.7224950790405273
442 18.3227 0.3791 car 0.7880398631095886
442 18.9619 -0.1184 car 0.7382259368896484
443 18.3227 0.3791 car 0.7854607105255127
443 18.7488 -0.1184 car 0.7411139607429504
444 18.5358 0.3622 car 0.782088041305542
444 18.7488 -0.1661 car 0.7316443920135498
445 18.5358 0.3622 car 0.7724035978317261
445 18.5358 -0.1661 car 0.7115510404109955
446 18.7488 0.3622 car 0.7475892603397369
446 18.5358 -0.1661 car 0.6811374723911285
447 18.7488 0.3622 car 0.7226225137710571
447 18.3227 -0.1661 car 0.6430894136428833
448 17.6836 -0.1661 car 0.724736213684082
448 19.3880 0.3454 car 0.6954262256622314
449 17.4705 -0.1184 car 0.7398869693279266
449 19.6010 0.3454 car 0.688216358423233
450 17.2574 -0.1184 car 0.7484014630317688
450 19.6010 0.3454 car 0.6729030609130859
451 17.0444 -0.1184 car 0.7416045963764191
451 20.0272 0.3454 car 0.672147125005722
452 17.0444 -0.1661 car 0.7205854654312134
452 20.0272 0.3454 car 0.6742215752601624
453 20.4533 0.3454 car 0.6984196603298187
453 16.8313 -0.1502 car 0.6905948221683502
454 20.4533 0.3454 car 0.7099166512489319
454 16.6183 -0.1661 car 0.6475663483142853
455 20.6663 0.3287 car 0.7144553661346436
455 16.4052 -0.1661 car 0.6024114787578583
456 21.3055 0.3121 car 0.8299852609634399
456 15.5530 -0.1661 car 0.7959681749343872
457 21.3055 0.3121 car 0.8221887946128845
457 15.3400 -0.1661 car 0.822046548128128
458 15.3400 -0.1661 car 0.8380443751811981
458 21.7316 0.3121 car 0.8040656745433807
459 15.1269 -0.1661 car 0.8491776585578918
459 21.9447 0.3121 car 0.7850503623485565
460 14.9138 -0.1661 car 0.842688262462616
460 22.1577 0.3121 car 0.780391275882721
461 14.9138 -0.1661 car 0.8331199288368225
461 22.3708 0.3287 car 0.783433198928833
462 14.7008 -0.1821 car 0.816984623670578
462 22.5838 0.3121 car 0.7793168127536774
463 14.7008 -0.1821 car 0.800808310508728
463 22.5838 0.3121 car 0.771379292011261
464 14.0616 -0.1981 car 0.8507527410984039
464 23.2230 0.3121 car 0.8285372257232666
465 13.8486 -0.1981 car 0.8624120950698853
465 23.4360 0.3121 car 0.8203570544719696
466 13.8486 -0.1981 car 0.8712903261184692
466 23.4360 0.3121 car 0.7951649129390717
467 13.6355 -0.1981 car 0.8760693371295929
467 23.6491 0.3121 car 0.7736041247844696
468 13.6355 -0.1981 car 0.8681236803531647
468 23.8621 0.3121 car 0.7684404253959656
469 13.4225 -0.2142 car 0.855850875377655
469 24.0752 0.3121 car 0.7762751281261444
470 13.4225 -0.2142 car 0.840093731880188
470 24.2883 0.3121 car 0.765458732843399
471 13.2094 -0.2142 car 0.8206214010715485
471 24.5013 0.3121 car 0.7353096008300781
472 12.7833 -0.2304 car 0.8623227775096893
472 24.5013 0.3121 car 0.5753266513347626
473 12.7833 -0.2304 car 0.8668111860752106
474 12.5702 -0.2304 car 0.865806519985199
475 12.3572 -0.2304 car 0.8568247556686401
476 12.3572 -0.2304 car 0.8451936542987823
477 12.1441 -0.2466 car 0.8246944844722748
478 12.1441 -0.2466 car 0.801756888628006
479 11.9311 -0.2466 car 0.7726466655731201
480 11.0789 -0.2792 car 0.813021183013916
481 10.8658 -0.2956 car 0.8214918971061707
482 10.8658 -0.2956 car 0.8262485265731812
483 10.6527 -0.2956 car 0.8268750011920929
484 10.6527 -0.2956 car 0.8152499794960022
485 10.4397 -0.2956 car 0.8016515076160431
486 10.4397 -0.3121 car 0.7813214957714081
487 10.2266 -0.3121 car 0.7633503377437592
488 9.5875 -0.3622 car 0.8267192840576172
489 9.5875 -0.3791 car 0.8345783650875092
490 9.3744 -0.3961 car 0.8411543965339661
491 9.3744 -0.3961 car 0.8454009890556335
492 9.3744 -0.3961 car 0.839643120765686
493 9.1614 -0.4132 car 0.8322594463825226
494 9.1614 -0.4132 car 0.8315674066543579
495 9.1614 -0.4132 car 0.825071394443512
496 8.7352 -0.4654 car 0.8604025840759277
497 8.7352 -0.4654 car 0.8630810976028442
498 8.5222 -0.4654 car 0.8607667982578278
499 8.5222 -0.5010 car 0.8571498095989227
500 8.5222 -0.5010 car 0.8515446782112122
501 8.5222 -0.5010 car 0.8390605747699738
502 8.3091 -0.5010 car 0.8351076245307922
503 8.3091 -0.5010 car 0.8274794518947601
504 7.8830 -0.5744 car 0.8117156326770782
505 7.6700 -0.5744 car 0.8168296217918396
506 7.6700 -0.6124 car 0.8223134875297546
507 7.6700 -0.6124 car 0.8276145756244659
508 7.6700 -0.6124 car 0.831026554107666
509 7.6700 -0.5932 car 0.8337887227535248
510 7.6700 -0.6124 car 0.8356806635856628
511 7.6700 -0.6124 car 0.8340802192687988
512 7.4569 -0.6514 car 0.7499448657035828
512 23.8621 -0.1025 car 0.5317436158657074
513 7.4569 -0.6514 car 0.7540892064571381
513 23.6491 -0.1025 car 0.572564423084259
514 7.4569 -0.6916 car 0.7510879933834076
514 23.4360 -0.1025 car 0.602418839931488
515 7.4569 -0.7123 car 0.7551666498184204
515 23.2230 -0.1184 car 0.6277702450752258
516 7.4569 -0.7123 car 0.7533093094825745
516 23.0099 -0.1502 car 0.6129496097564697
517 7.4569 -0.7123 car 0.7557177245616913
517 22.7969 -0.1661 car 0.6018911302089691
518 7.4569 -0.7123 car 0.7555873394012451
518 22.3708 -0.1661 car 0.5871972739696503
519 7.4569 -0.7123 car 0.7521263957023621
519 22.1577 -0.1661 car 0.5819698572158813
520 7.4569 -0.8217 car 0.7747189104557037
520 21.5185 -0.1502 car 0.6415224075317383
521 7.4569 -0.8217 car 0.7807125449180603
521 21.3055 -0.1502 car 0.6442502439022064
522 7.4569 -0.8217 car 0.7780070900917053
522 21.0924 -0.1502 car 0.632603257894516
523 7.4569 -0.8217 car 0.7719385623931885
523 20.8794 -0.1502 car 0.6098460257053375
524 7.4569 -0.8217 car 0.7624032199382782
524 20.4533 -0.1661 car 0.5683218240737915
525 7.4569 -0.8217 car 0.7487522959709167
525 20.2402 -0.1661 car 0.5295675098896027
525 7.2439 0.1981 pedestrian 0.4010522738099098
526 7.4569 -0.8217 car 0.7301415205001831
526 19.8141 -0.1661 car 0.5032109916210175
527 7.4569 -0.8217 car 0.7143728137016296
527 19.6010 -0.1661 car 0.4934813678264618
528 7.4569 -0.8217 car 0.7008191049098969
528 18.9619 -0.1661 car 0.6375166773796082
528 7.2439 0.1821 pedestrian 0.41029593348503113
529 18.7488 -0.1981 car 0.6856400668621063
529 7.2439 -0.8217 car 0.6747870743274689
529 7.2439 0.1661 pedestrian 0.4259115681052208
530 18.5358 -0.1981 car 0.7188290357589722
530 7.2439 -0.8451 car 0.6246602833271027
530 7.2439 0.1661 pedestrian 0.42586649954319
531 18.3227 -0.1981 car 0.7426182627677917
531 7.2439 -0.8451 car 0.5594732761383057
531 7.2439 0.1661 pedestrian 0.4079097732901573
532 18.3227 -0.1981 car 0.7271676659584045
532 7.2439 -0.8451 car 0.48129794001579285
533 18.1097 -0.1981 car 0.7132554650306702
534 17.8966 -0.1981 car 0.6904780268669128
535 17.6836 -0.2142 car 0.6626970767974854
536 16.8313 -0.1981 car 0.7853876948356628
537 16.6183 -0.1981 car 0.8044034242630005
538 16.4052 -0.1981 car 0.8173072934150696
539 16.1922 -0.2142 car 0.8278329372406006
540 16.1922 -0.2142 car 0.8196737170219421
541 15.9791 -0.2142 car 0.8062827289104462
542 15.7661 -0.2142 car 0.7884598672389984
543 15.5530 -0.2142 car 0.7735354900360107
544 14.7008 -0.2142 car 0.7969872057437897
545 14.4877 -0.2142 car 0.8189686834812164
546 14.4877 -0.2304 car 0.8371766209602356
547 14.2747 -0.2304 car 0.840877115726471
548 14.0616 -0.2304 car 0.829071432352066
549 14.0616 -0.2304 car 0.8124882578849792
550 13.8486 -0.2304 car 0.7884843647480011
551 13.6355 -0.2304 car 0.7665352523326874
552 12.9963 -0.2629 car 0.8426403999328613
552 17.6836 -0.2466 pedestrian 0.4232633598148823
553 12.7833 -0.2629 car 0.8545659780502319
553 17.6836 -0.2466 pedestrian 0.43772194162011147
554 12.5702 -0.2629 car 0.8557768166065216
554 17.6836 -0.2466 pedestrian 0.4387226551771164
555 12.3572 -0.2792 car 0.8486642837524414
555 17.6836 -0.2466 pedestrian 0.42774560675024986
556 12.3572 -0.2792 car 0.8338099420070648
556 17.6836 -0.2466 pedestrian 0.41063874028623104
557 12.1441 -0.2792 car 0.8055276572704315
558 11.9311 -0.2956 car 0.7741029560565948
559 11.7180 -0.2956 car 0.7437499761581421
560 10.8658 -0.3287 car 0.8181266486644745
561 10.8658 -0.3287 car 0.8281760811805725
562 10.6527 -0.3287 car 0.8343440592288971
563 10.4397 -0.3454 car 0.8359905779361725
564 10.4397 -0.3454 car 0.8272372782230377
565 10.2266 -0.3454 car 0.8136242628097534
566 10.0136 -0.3622 car 0.7957736849784851
567 10.0136 -0.3622 car 0.7812868058681488
568 9.3744 -0.4305 car 0.8155399858951569
569 9.3744 -0.4305 car 0.8275053799152374
570 9.1614 -0.4305 car 0.8359166085720062
571 9.1614 -0.4479 car 0.8350547254085541
572 8.9483 -0.4479 car 0.827362984418869
573 8.9483 -0.4479 car 0.8154141008853912
574 8.7352 -0.4654 car 0.7951286733150482
575 8.7352 -0.4654 car 0.7758997976779938
576 8.0961 -0.5557 car 0.8016425967216492
577 7.8830 -0.5744 car 0.8120705485343933
578 7.8830 -0.5744 car 0.8200168013572693
579 7.8830 -0.5744 car 0.8237392008304596
580 7.8830 -0.5744 car 0.8181270062923431
581 7.6700 -0.5932 car 0.8170022964477539
582 7.6700 -0.5932 car 0.8178582191467285
582 19.1749 -0.2466 pedestrian 0.40442282520234585
583 7.6700 -0.6124 car 0.8145972192287445
583 19.1749 -0.2466 pedestrian 0.42413206212222576
584 19.1749 -0.2304 pedestrian 0.8260224163532257
584 7.2439 -0.6514 car 0.8078327178955078
585 19.1749 -0.2304 pedestrian 0.8486456871032715
585 7.2439 -0.6916 car 0.8023086488246918
586 19.1749 -0.2304 pedestrian 0.8671934902667999
586 7.2439 -0.6916 car 0.7933437526226044
587 19.1749 -0.2304 pedestrian 0.8755603134632111
587 7.2439 -0.6916 car 0.785628080368042
588 19.1749 -0.2304 pedestrian 0.8744648098945618
588 7.0308 -0.7123 car 0.7780395746231079
589 19.1749 -0.2304 pedestrian 0.8668828308582306
589 7.0308 -0.7123 car 0.7689729332923889
590 19.1749 -0.2304 pedestrian 0.8487518131732941
590 7.0308 -0.7123 car 0.7581964433193207
591 19.3880 -0.2304 pedestrian 0.8306332230567932
591 7.0308 -0.7123 car 0.7506717443466187
592 19.3880 -0.1981 pedestrian 0.8482420742511749
592 6.8178 -0.7988 car 0.5888143479824066
593 19.3880 -0.2142 pedestrian 0.8595114946365356
593 6.8178 -0.7988 car 0.5813027620315552
594 19.3880 -0.2142 pedestrian 0.857357531785965
594 6.8178 -0.7988 car 0.5576263964176178
595 19.6010 -0.1981 pedestrian 0.8561066091060638
595 6.8178 -0.7988 car 0.528002917766571
596 19.6010 -0.1981 pedestrian 0.8531086444854736
596 6.8178 -0.7988 car 0.48028118908405304
597 19.6010 -0.1981 pedestrian 0.8538081645965576
597 6.8178 -0.7988 car 0.43332207947969437
598 19.6010 -0.1981 pedestrian 0.851442962884903
599 19.6010 -0.1981 pedestrian 0.8436859846115112
600 19.8141 -0.1821 pedestrian 0.7798124849796295
601 19.8141 -0.1821 pedestrian 0.7988723814487457
602 19.8141 -0.1821 pedestrian 0.8021144270896912
603 20.0272 -0.1821 pedestrian 0.8033601343631744
604 20.0272 -0.1821 pedestrian 0.7985280454158783
605 20.0272 -0.1821 pedestrian 0.7970188856124878
606 20.0272 -0.1821 pedestrian 0.7877177894115448
607 20.0272 -0.1821 pedestrian 0.772627055644989
608 20.2402 -0.1821 pedestrian 0.6121030300855637
609 20.2402 -0.1821 pedestrian 0.6551277041435242
610 20.2402 -0.1821 pedestrian 0.6679177582263947
611 20.4533 -0.1661 pedestrian 0.6761980652809143
612 20.4533 -0.1502 pedestrian 0.6845099329948425
613 20.4533 -0.1502 pedestrian 0.699986457824707
614 20.4533 -0.1502 pedestrian 0.6898747086524963
615 20.4533 -0.1502 pedestrian 0.6596842110157013
616 20.6663 -0.1661 pedestrian 0.8429531753063202
617 20.6663 -0.1661 pedestrian 0.8652244508266449
618 20.6663 -0.1661 pedestrian 0.8683792948722839
619 20.6663 -0.1661 pedestrian 0.8634020388126373
620 20.6663 -0.1661 pedestrian 0.8522772789001465
621 20.6663 -0.1502 pedestrian 0.8399865925312042
622 20.6663 -0.1502 pedestrian 0.8216021060943604
623 20.6663 -0.1502 pedestrian 0.7871823906898499
624 20.8794 -0.1343 pedestrian 0.6816659271717072
625 21.0924 -0.1502 pedestrian 0.7099815011024475
626 21.0924 -0.1502 pedestrian 0.7158401906490326
627 21.0924 -0.1502 pedestrian 0.7061692476272583
628 21.0924 -0.1502 pedestrian 0.6963241994380951
629 21.0924 -0.1502 pedestrian 0.7008331716060638
630 21.0924 -0.1502 pedestrian 0.6797438263893127
631 21.3055 -0.1502 pedestrian 0.6337462663650513
632 21.3055 -0.1661 pedestrian 0.7796385586261749
633 21.3055 -0.1661 pedestrian 0.8011567890644073
634 21.3055 -0.1661 pedestrian 0.8114014565944672
635 21.5185 -0.1661 pedestrian 0.8149074018001556
636 21.5185 -0.1821 pedestrian 0.8186756074428558
637 21.5185 -0.1821 pedestrian 0.8319080770015717
638 21.5185 -0.1821 pedestrian 0.837914913892746
639 21.5185 -0.1661 pedestrian 0.8388349413871765
640 21.5185 -0.1821 pedestrian 0.7999019920825958
641 21.5185 -0.1821 pedestrian 0.8062892854213715
642 21.7316 -0.1821 pedestrian 0.8148045837879181
643 21.7316 -0.1821 pedestrian 0.8165898621082306
644 21.7316 -0.1821 pedestrian 0.8115254640579224
645 21.7316 -0.1821 pedestrian 0.8113721013069153
646 21.7316 -0.1821 pedestrian 0.8014000356197357
647 21.7316 -0.1821 pedestrian 0.7816500961780548
648 21.9447 -0.1821 pedestrian 0.7282052040100098
649 21.9447 -0.1821 pedestrian 0.7502911984920502
650 21.9447 -0.1821 pedestrian 0.7572225630283356
651 22.1577 -0.1821 pedestrian 0.7620847523212433
652 22.1577 -0.1821 pedestrian 0.7696011662483215
653 22.1577 -0.1821 pedestrian 0.7846619486808777
654 22.1577 -0.1821 pedestrian 0.7894884645938873
655 22.1577 -0.1821 pedestrian 0.7843200266361237
656 22.3708 -0.1821 pedestrian 0.7669559121131897
657 22.3708 -0.1821 pedestrian 0.7971912026405334
658 22.3708 -0.1821 pedestrian 0.8197320997714996
659 22.3708 -0.1821 pedestrian 0.8277501463890076
660 22.3708 -0.1821 pedestrian 0.8300045132637024
661 22.3708 -0.1821 pedestrian 0.8361460566520691
662 22.3708 -0.1821 pedestrian 0.831798791885376
663 22.3708 -0.1661 pedestrian 0.8262819647789001
664 22.5838 -0.1661 pedestrian 0.8332917392253876
665 22.5838 -0.1502 pedestrian 0.8531430065631866
666 22.5838 -0.1502 pedestrian 0.8664474785327911
667 22.5838 -0.1502 pedestrian 0.8681742548942566
668 22.7969 -0.1502 pedestrian 0.8655773997306824
669 22.7969 -0.1502 pedestrian 0.8750811219215393
670 22.7969 -0.1502 pedestrian 0.8776474595069885
671 22.7969 -0.1502 pedestrian 0.8755086958408356
672 22.7969 -0.1502 pedestrian 0.866560161113739
673 23.0099 -0.1502 pedestrian 0.8806788325309753
674 23.0099 -0.1502 pedestrian 0.8905573785305023
675 23.0099 -0.1502 pedestrian 0.892142117023468
676 23.0099 -0.1502 pedestrian 0.8889893591403961
677 23.0099 -0.1502 pedestrian 0.8896769881248474
678 23.0099 -0.1502 pedestrian 0.885762482881546
679 23.0099 -0.1502 pedestrian 0.8792909383773804
680 23.2230 -0.1661 pedestrian 0.8183316588401794
681 23.2230 -0.1661 pedestrian 0.8293480277061462
682 23.2230 -0.1661 pedestrian 0.8360839188098907
683 23.2230 -0.1661 pedestrian 0.8315302133560181
684 23.2230 -0.1661 pedestrian 0.8189231157302856
685 23.4360 -0.1661 pedestrian 0.8213566243648529
686 23.4360 -0.1661 pedestrian 0.8189095556735992
687 23.4360 -0.1661 pedestrian 0.8079724609851837
688 23.6491 -0.1661 pedestrian 0.722533792257309
689 23.6491 -0.1661 pedestrian 0.7479731440544128
690 23.6491 -0.1661 pedestrian 0.7625901699066162
691 23.6491 -0.1661 pedestrian 0.7574377954006195
692 23.6491 -0.1502 pedestrian 0.7429033517837524
693 23.6491 -0.1502 pedestrian 0.7101923823356628
694 23.6491 -0.1502 pedestrian 0.6647572219371796
695 23.8621 -0.1502 pedestrian 0.6389815807342529
696 23.8621 -0.1343 pedestrian 0.801027774810791
697 23.8621 -0.1343 pedestrian 0.8109161555767059
698 23.8621 -0.1184 pedestrian 0.8104477226734161
699 23.8621 -0.1184 pedestrian 0.8044441342353821
700 23.8621 -0.1184 pedestrian 0.7996543049812317
701 24.0752 -0.1184 pedestrian 0.7956803441047668
702 24.0752 -0.1184 pedestrian 0.7881635129451752
703 24.0752 -0.1184 pedestrian 0.7707534432411194
704 24.2883 -0.1343 pedestrian 0.755270391702652
705 24.2883 -0.1343 pedestrian 0.77989861369133
706 24.2883 -0.1343 pedestrian 0.7892982661724091
707 24.2883 -0.1184 pedestrian 0.7890083193778992
708 24.2883 -0.1184 pedestrian 0.7870252728462219
709 24.2883 -0.1184 pedestrian 0.7843011915683746
710 24.2883 -0.1184 pedestrian 0.7712877690792084
711 24.5013 -0.1343 pedestrian 0.7590520083904266
712 24.5013 -0.1502 pedestrian 0.73712357878685
713 24.5013 -0.1502 pedestrian 0.7546612322330475
714 24.5013 -0.1502 pedestrian 0.7583827376365662
715 24.5013 -0.1502 pedestrian 0.7522162199020386
716 24.5013 -0.1502 pedestrian 0.7352141439914703
717 24.7144 -0.1502 pedestrian 0.7332085967063904
718 24.7144 -0.1502 pedestrian 0.7220906615257263
719 24.7144 -0.1502 pedestrian 0.6930898427963257
720 24.9274 -0.1343 pedestrian 0.7337102293968201
721 24.9274 -0.1343 pedestrian 0.7583247423171997
722 24.9274 -0.1184 pedestrian 0.7628195285797119
723 24.9274 -0.1184 pedestrian 0.7583927512168884
724 24.9274 -0.1184 pedestrian 0.7492014765739441
725 24.9274 -0.1184 pedestrian 0.7366713285446167
726 24.9274 -0.1184 pedestrian 0.7096867263317108
727 24.9274 -0.1184 pedestrian 0.6653967201709747
817 24.9274 -0.1661 pedestrian 0.4362167716026306
818 24.9274 -0.1661 pedestrian 0.4739767909049988
819 24.9274 -0.1661 pedestrian 0.49608954787254333
820 24.9274 -0.1661 pedestrian 0.4956693649291992
821 24.9274 -0.1821 pedestrian 0.506864920258522
822 24.9274 -0.1821 pedestrian 0.5120539963245392
823 24.9274 -0.1661 pedestrian 0.5024700164794922
824 24.9274 -0.1821 pedestrian 0.6826377213001251
825 24.9274 -0.1821 pedestrian 0.7169520556926727
826 24.9274 -0.1821 pedestrian 0.7339183986186981
827 24.7144 -0.1821 pedestrian 0.7432900071144104
828 24.7144 -0.1821 pedestrian 0.7461912631988525
829 24.7144 -0.1821 pedestrian 0.7591490745544434
830 24.7144 -0.1821 pedestrian 0.7544859647750854
831 24.7144 -0.1821 pedestrian 0.7289400696754456
832 24.5013 -0.1821 pedestrian 0.7691558599472046
833 24.5013 -0.1821 pedestrian 0.7968553602695465
834 24.5013 -0.1821 pedestrian 0.8070392608642578
835 24.5013 -0.1821 pedestrian 0.8120299279689789
836 24.5013 -0.1821 pedestrian 0.8118784427642822
837 24.5013 -0.1821 pedestrian 0.8118368983268738
838 24.5013 -0.1821 pedestrian 0.805604100227356
839 24.5013 -0.1821 pedestrian 0.7926204800605774
840 24.2883 -0.1821 pedestrian 0.7288536131381989
841 24.2883 -0.1821 pedestrian 0.7625958025455475
842 24.2883 -0.1821 pedestrian 0.7750730216503143
843 24.2883 -0.1981 pedestrian 0.7817690074443817
844 24.2883 -0.1821 pedestrian 0.7812703549861908
845 24.2883 -0.1821 pedestrian 0.7871027290821075
846 24.2883 -0.1981 pedestrian 0.7853043079376221
847 24.2883 -0.1981 pedestrian 0.7685832679271698
848 24.0752 -0.1981 pedestrian 0.6400827765464783
849 24.0752 -0.1981 pedestrian 0.67563197016716
850 24.0752 -0.2142 pedestrian 0.6908785998821259
851 24.0752 -0.2142 pedestrian 0.6911468803882599
852 23.8621 -0.2142 pedestrian 0.7134049832820892
853 23.8621 -0.2142 pedestrian 0.7380659282207489
854 23.8621 -0.2142 pedestrian 0.7409654855728149
855 23.8621 -0.2142 pedestrian 0.728359043598175
856 23.6491 -0.2142 pedestrian 0.5525126457214355
857 23.6491 -0.2142 pedestrian 0.5920000374317169
858 23.6491 -0.2142 pedestrian 0.6009978353977203
859 23.6491 -0.2142 pedestrian 0.589915856719017
860 23.6491 -0.2142 pedestrian 0.5785001367330551
861 23.6491 -0.2142 pedestrian 0.5758894681930542
862 23.6491 -0.2142 pedestrian 0.557916134595871
863 23.6491 -0.2142 pedestrian 0.5160075426101685
867 24.2883 -0.1025 car 0.42287036776542664
868 24.0752 -0.1025 car 0.43126077950000763
869 23.8621 -0.1025 car 0.44298192858695984
870 23.8621 -0.1184 car 0.4490247964859009
871 23.4360 -0.1025 car 0.4662991017103195
872 23.0099 -0.1025 car 0.6942509412765503
873 23.0099 -0.1025 car 0.7428217232227325
874 22.7969 -0.1025 car 0.7596293091773987
875 22.5838 -0.1025 car 0.7584271430969238
876 22.5838 -0.1025 car 0.7277139127254486
877 22.1577 -0.1025 car 0.683297872543335
878 22.1577 -0.1025 car 0.6512562036514282
879 21.7316 -0.1025 car 0.6214157938957214
880 21.0924 -0.1184 car 0.8017811179161072
881 21.0924 -0.1184 car 0.8100003004074097
882 20.8794 -0.1184 car 0.813647985458374
883 20.6663 -0.1184 car 0.8082916438579559
884 20.6663 -0.1184 car 0.78812175989151
885 20.4533 -0.1184 car 0.7646880447864532
886 20.2402 -0.1184 car 0.7409844994544983
887 19.8141 -0.1184 car 0.7226950824260712
888 19.3880 -0.1184 car 0.7928557991981506
889 19.1749 -0.1184 car 0.800317645072937
890 18.9619 -0.1184 car 0.8187704682350159
891 18.9619 -0.1184 car 0.8217442035675049
892 18.7488 -0.1343 car 0.7921826839447021
893 18.7488 -0.1343 car 0.7687016129493713
894 18.5358 -0.1502 car 0.7361576557159424
895 18.5358 -0.1502 car 0.7007170915603638
