0 5.7525 -0.5010 car 0.8274204730987549
0 6.1786 0.0551 car 0.8246989250183105
0 16.6183 0.6124 pedestrian 0.5497220158576965
1 5.7525 -0.5010 car 0.8347715735435486
1 6.3916 0.0551 car 0.82949298620224
1 16.6183 0.6124 pedestrian 0.6396912932395935
1 13.8486 0.5010 pedestrian 0.46008262038230896
2 5.9655 -0.5010 car 0.8370619416236877
2 6.3916 0.0236 car 0.8244968056678772
2 16.6183 0.6124 pedestrian 0.6964884400367737
2 13.8486 0.5010 pedestrian 0.5270165205001831
3 5.9655 -0.5010 car 0.8421099185943604
3 6.1786 0.0394 car 0.8241876363754272
3 16.6183 0.6124 pedestrian 0.7362334132194519
3 13.8486 0.5010 pedestrian 0.5490015149116516
4 5.9655 -0.5010 car 0.8528921604156494
4 6.1786 0.0394 car 0.8315278887748718
4 16.6183 0.6124 pedestrian 0.7501328587532043
4 13.6355 0.5010 pedestrian 0.5661799907684326
5 5.9655 -0.5010 car 0.8513572812080383
5 6.1786 0.0394 car 0.8237726092338562
5 16.6183 0.6124 pedestrian 0.7636491656303406
5 13.6355 0.5010 pedestrian 0.6000247597694397
6 5.7525 -0.5191 car 0.854586124420166
6 6.1786 0.0394 car 0.8196988105773926
6 16.4052 0.6124 pedestrian 0.7771778702735901
6 13.6355 0.5010 pedestrian 0.6092928051948547
7 5.7525 -0.5191 car 0.861458420753479
7 6.1786 0.0394 car 0.8183630704879761
7 16.4052 0.6124 pedestrian 0.7884190678596497
7 13.6355 0.5010 pedestrian 0.6206421256065369
8 5.7525 -0.5191 car 0.8366259038448334
8 6.1786 0.0394 car 0.7997526228427887
8 16.4052 0.6124 pedestrian 0.6089294701814651
8 13.6355 0.5010 pedestrian 0.4591166824102402
9 5.7525 -0.5191 car 0.8415006399154663
9 5.9655 0.0394 car 0.8049589991569519
9 16.4052 0.6124 pedestrian 0.6605295538902283
9 13.6355 0.5010 pedestrian 0.5042393058538437
10 5.7525 -0.5191 car 0.8420639336109161
10 5.9655 0.0236 car 0.8055692613124847
10 16.4052 0.6124 pedestrian 0.694318562746048
10 13.6355 0.5010 pedestrian 0.5357255935668945
11 5.5394 -0.5373 car 0.8439529538154602
11 5.9655 0.0394 car 0.8077435493469238
11 16.1922 0.6124 pedestrian 0.7129818499088287
11 13.6355 0.5010 pedestrian 0.5473286062479019
12 5.5394 -0.5373 car 0.8413487076759338
12 5.7525 0.0394 car 0.8052918910980225
12 16.1922 0.6124 pedestrian 0.7172039747238159
12 13.4225 0.5010 pedestrian 0.5427607744932175
13 5.5394 -0.5373 car 0.8338714241981506
13 5.7525 0.0394 car 0.8047066628932953
13 16.1922 0.6124 pedestrian 0.7182950675487518
13 13.4225 0.5010 pedestrian 0.5154860764741898
14 5.5394 -0.5373 car 0.8258997201919556
14 5.7525 0.0394 car 0.8007993400096893
14 16.1922 0.6124 pedestrian 0.7004840075969696
14 13.4225 0.5010 pedestrian 0.45453067123889923
15 5.5394 -0.5373 car 0.816461443901062
15 5.7525 0.0394 car 0.7950322031974792
15 16.1922 0.6124 pedestrian 0.6747360825538635
16 5.7525 0.0236 car 0.8529872894287109
16 5.3264 -0.5744 car 0.8278154134750366
16 16.1922 0.6317 pedestrian 0.6583471596240997
17 5.5394 0.0236 car 0.8617530167102814
17 5.3264 -0.5744 car 0.8268125951290131
17 16.1922 0.6317 pedestrian 0.7115953862667084
18 5.5394 0.0236 car 0.8674036860466003
18 5.3264 -0.5744 car 0.8203282356262207
18 16.1922 0.6317 pedestrian 0.7403081059455872
19 5.5394 0.0236 car 0.8727814853191376
19 5.3264 -0.5744 car 0.8158365786075592
19 16.1922 0.6317 pedestrian 0.7543332278728485
20 5.5394 0.0236 car 0.8731228411197662
20 5.3264 -0.5744 car 0.8078599572181702
20 16.1922 0.6317 pedestrian 0.7452605366706848
21 5.5394 0.0236 car 0.8726795315742493
21 5.3264 -0.5744 car 0.798000156879425
21 15.9791 0.6124 pedestrian 0.7295179069042206
22 5.5394 0.0236 car 0.8707152903079987
22 5.3264 -0.5744 car 0.7863096594810486
22 15.9791 0.6124 pedestrian 0.691046416759491
23 5.5394 0.0236 car 0.8659831285476685
23 5.3264 -0.5744 car 0.775411993265152
23 15.9791 0.6124 pedestrian 0.6432907283306122
24 5.3264 0.0394 car 0.8973856270313263
24 5.1133 -0.5744 car 0.7457135915756226
24 15.9791 0.6124 pedestrian 0.5455534607172012
25 5.3264 0.0394 car 0.9028762578964233
25 5.1133 -0.5744 car 0.7483649253845215
25 15.9791 0.6124 pedestrian 0.5859882682561874
26 5.3264 0.0394 car 0.902462899684906
26 5.1133 -0.5744 car 0.7461882531642914
26 15.9791 0.6124 pedestrian 0.6085929572582245
27 5.3264 0.0394 car 0.9039297997951508
27 5.1133 -0.5744 car 0.7423163950443268
27 15.7661 0.6124 pedestrian 0.6157596111297607
28 5.3264 0.0394 car 0.9020725190639496
28 5.1133 -0.5744 car 0.7317081987857819
28 15.7661 0.6124 pedestrian 0.6088770627975464
29 5.3264 0.0394 car 0.899897038936615
29 5.1133 -0.5744 car 0.7206472158432007
29 15.7661 0.6124 pedestrian 0.5884986221790314
30 5.3264 0.0394 car 0.8958127796649933
30 5.1133 -0.5744 car 0.7069886922836304
30 15.7661 0.6124 pedestrian 0.5347203314304352
31 5.3264 0.0394 car 0.8896914422512054
31 5.3264 -0.5744 car 0.69838747382164
31 15.7661 0.6124 pedestrian 0.46615345776081085
32 5.1133 0.0236 car 0.9055325090885162
32 5.3264 -0.4831 car 0.6887054443359375
32 15.5530 0.6124 pedestrian 0.4037930369377136
33 5.1133 0.0236 car 0.9100076854228973
33 5.3264 -0.4831 car 0.6951188445091248
33 15.5530 0.6124 pedestrian 0.4578009396791458
34 5.1133 0.0236 car 0.9083116948604584
34 5.3264 -0.4831 car 0.695813000202179
34 15.5530 0.6124 pedestrian 0.49856477975845337
34 12.7833 0.5373 pedestrian 0.4083174914121628
35 5.1133 0.0236 car 0.9058765769004822
35 5.3264 -0.4831 car 0.6926870048046112
35 15.5530 0.6124 pedestrian 0.5164627879858017
35 12.7833 0.5373 pedestrian 0.41351819038391113
36 5.1133 0.0236 car 0.9028095006942749
36 5.3264 -0.4831 car 0.6845357418060303
36 15.5530 0.6124 pedestrian 0.5005234479904175
37 5.1133 0.0079 car 0.8972959816455841
37 5.3264 -0.4831 car 0.6768549978733063
37 15.5530 0.6124 pedestrian 0.4651971757411957
38 5.1133 0.0079 car 0.8901052176952362
38 5.3264 -0.4831 car 0.6652374565601349
38 15.5530 0.5932 pedestrian 0.4082881212234497
39 4.9003 0.0079 car 0.883200079202652
39 5.3264 -0.4831 car 0.6567775905132294
40 4.9003 0.0079 car 0.8516760766506195
40 4.9003 -0.5744 car 0.7567242085933685
40 19.8141 0.1343 car 0.4823649376630783
41 4.9003 0.0079 car 0.8624317348003387
41 4.9003 -0.5744 car 0.7674192488193512
41 19.6010 0.1343 car 0.4979677051305771
41 15.3400 0.6124 pedestrian 0.40746258199214935
42 4.9003 0.0079 car 0.8667635321617126
42 4.9003 -0.5932 car 0.7732429802417755
42 19.6010 0.1502 car 0.492080882191658
42 15.3400 0.6124 pedestrian 0.4440966248512268
43 4.9003 0.0079 car 0.871199369430542
43 4.9003 -0.5932 car 0.7748364508152008
43 19.6010 0.1184 car 0.46946342289447784
43 15.3400 0.6317 pedestrian 0.46240614354610443
44 4.9003 0.0079 car 0.869785487651825
44 4.9003 -0.6124 car 0.7704550623893738
44 15.3400 0.6124 pedestrian 0.4513717442750931
44 19.6010 0.1502 car 0.44109269976615906
45 4.9003 0.0079 car 0.866501659154892
45 4.9003 -0.5932 car 0.7638481557369232
45 15.3400 0.6124 pedestrian 0.42313675582408905
45 19.6010 0.1343 car 0.42009758949279785
46 4.9003 0.0079 car 0.8602201640605927
46 4.9003 -0.6124 car 0.7561481893062592
47 4.9003 0.0079 car 0.8530794680118561
47 4.9003 -0.5932 car 0.7487893104553223
48 4.6872 0.0079 car 0.9009371101856232
48 4.9003 -0.5744 car 0.7751986980438232
48 10.8658 -0.1821 pedestrian 0.5283979624509811
49 4.6872 -0.0079 car 0.906887948513031
49 4.9003 -0.5744 car 0.780578076839447
49 10.8658 -0.2142 pedestrian 0.5883337557315826
49 15.1269 0.6124 pedestrian 0.4111889600753784
50 4.6872 -0.0079 car 0.9074909389019012
50 4.9003 -0.5744 car 0.7814075350761414
50 10.8658 -0.2142 pedestrian 0.6266635656356812
50 15.1269 0.6124 pedestrian 0.4355257749557495
51 4.6872 -0.0079 car 0.9056173861026764
51 4.9003 -0.5744 car 0.781341016292572
51 10.8658 -0.2142 pedestrian 0.6485366523265839
51 15.1269 0.6124 pedestrian 0.4464915990829468
52 4.6872 -0.0079 car 0.9003038108348846
52 4.9003 -0.5744 car 0.7750710546970367
52 10.8658 -0.2142 pedestrian 0.6490814983844757
52 15.1269 0.6124 pedestrian 0.43410709500312805
53 4.4742 0.0079 car 0.8931484520435333
53 4.9003 -0.5744 car 0.7668118476867676
53 10.8658 -0.1981 pedestrian 0.64182910323143
53 15.1269 0.5932 pedestrian 0.40240591764450073
54 4.4742 0.0079 car 0.8864491283893585
54 4.9003 -0.5744 car 0.758919358253479
54 10.8658 -0.1981 pedestrian 0.6164749562740326
55 4.4742 0.0079 car 0.8792616724967957
55 4.9003 -0.5744 car 0.7512100636959076
55 10.8658 -0.1981 pedestrian 0.5822146534919739
56 4.4742 0.0079 car 0.9092248678207397
56 4.9003 -0.5010 car 0.7963053286075592
56 10.8658 -0.1981 pedestrian 0.6023720055818558
57 4.4742 0.0079 car 0.9156255424022675
57 4.9003 -0.5010 car 0.8068974614143372
57 10.8658 -0.1981 pedestrian 0.6443768739700317
57 12.3572 0.5744 pedestrian 0.4098753482103348
58 4.4742 0.0079 car 0.9151299893856049
58 4.9003 -0.5010 car 0.8133708536624908
58 10.8658 -0.1981 pedestrian 0.6695939898490906
58 12.3572 0.5557 pedestrian 0.4480220526456833
59 4.4742 0.0079 car 0.913092702627182
59 4.9003 -0.5010 car 0.8178284466266632
59 10.8658 -0.1981 pedestrian 0.6825219094753265
59 12.3572 0.5557 pedestrian 0.4577378183603287
60 4.4742 0.0079 car 0.908576101064682
60 4.9003 -0.5010 car 0.8162356913089752
60 10.8658 -0.1981 pedestrian 0.6790390014648438
60 12.3572 0.5557 pedestrian 0.4485451728105545
61 4.4742 0.0079 car 0.900783360004425
61 4.9003 -0.5010 car 0.8120594620704651
61 10.8658 -0.1981 pedestrian 0.6675161123275757
61 12.3572 0.5744 pedestrian 0.43338458240032196
62 4.4742 0.0079 car 0.8907816708087921
62 4.9003 -0.5010 car 0.8050645291805267
62 10.8658 -0.1981 pedestrian 0.6330644488334656
62 12.3572 0.5744 pedestrian 0.40095801651477814
63 4.4742 0.0079 car 0.8808921277523041
63 4.9003 -0.5010 car 0.7960834801197052
63 10.8658 -0.2142 pedestrian 0.588839665055275
64 4.4742 0.0236 car 0.8766078054904938
64 4.9003 -0.5010 car 0.7885232865810394
64 10.8658 -0.2142 pedestrian 0.6449439823627472
64 12.3572 0.5744 pedestrian 0.42276807129383087
65 4.4742 0.0236 car 0.8812713325023651
65 4.9003 -0.4831 car 0.789026528596878
65 10.8658 -0.2142 pedestrian 0.6936859488487244
65 12.3572 0.5744 pedestrian 0.48270276188850403
66 4.4742 0.0236 car 0.8780573010444641
66 4.9003 -0.4831 car 0.7858936190605164
66 10.8658 -0.2142 pedestrian 0.7159869372844696
66 12.3572 0.5744 pedestrian 0.5163744390010834
67 4.4742 0.0236 car 0.8726893961429596
67 4.9003 -0.4654 car 0.7818902432918549
67 10.8658 -0.2142 pedestrian 0.7248771488666534
67 12.1441 0.5744 pedestrian 0.5295156240463257
68 4.4742 0.0236 car 0.8660124242305756
68 4.9003 -0.4831 car 0.774366706609726
68 10.8658 -0.2142 pedestrian 0.7232277393341064
68 12.1441 0.5744 pedestrian 0.5211324393749237
69 4.4742 0.0236 car 0.8536201417446136
69 4.9003 -0.4831 car 0.7613143026828766
69 10.8658 -0.2142 pedestrian 0.7123019397258759
69 12.1441 0.5744 pedestrian 0.5069908797740936
70 4.4742 0.0236 car 0.8379651606082916
70 4.9003 -0.4831 car 0.742571622133255
70 10.8658 -0.2142 pedestrian 0.6851623952388763
70 12.1441 0.5744 pedestrian 0.4732470363378525
71 4.4742 0.0236 car 0.8226967751979828
71 4.9003 -0.4831 car 0.7238840460777283
71 10.8658 -0.2142 pedestrian 0.6421882808208466
71 12.1441 0.5744 pedestrian 0.4372338205575943
72 4.4742 0.0236 car 0.8512978553771973
72 4.9003 -0.5744 car 0.7076512575149536
72 10.8658 -0.1981 pedestrian 0.6103001087903976
72 12.1441 0.5744 pedestrian 0.5035548508167267
72 18.9619 0.1025 car 0.4970255345106125
73 4.4742 0.0236 car 0.8565447926521301
73 4.9003 -0.5744 car 0.7140983939170837
73 10.8658 -0.1981 pedestrian 0.6577445864677429
73 12.1441 0.5744 pedestrian 0.5440099984407425
73 18.9619 0.1025 car 0.5362178981304169
74 4.4742 0.0236 car 0.8541780114173889
74 4.9003 -0.5744 car 0.7079944908618927
74 10.8658 -0.1981 pedestrian 0.6855229735374451
74 12.1441 0.5557 pedestrian 0.5697273015975952
74 18.9619 0.1025 car 0.5491341948509216
75 4.4742 0.0236 car 0.8470540940761566
75 10.8658 -0.1981 pedestrian 0.7015068829059601
75 4.9003 -0.5744 car 0.6945523321628571
75 12.1441 0.5373 pedestrian 0.5889556109905243
75 19.1749 0.1184 car 0.5405192077159882
76 4.4742 0.0236 car 0.8364727199077606
76 10.8658 -0.1981 pedestrian 0.7125793099403381
76 4.9003 -0.5744 car 0.6764865517616272
76 12.1441 0.5373 pedestrian 0.579206258058548
76 19.1749 0.1184 car 0.5255322009325027
77 4.4742 0.0236 car 0.8226204514503479
77 10.8658 -0.1981 pedestrian 0.7197630107402802
77 4.9003 -0.5744 car 0.6562044024467468
77 4.9003 -0.5010 car 0.6521229147911072
77 12.1441 0.5373 pedestrian 0.5532656610012054
77 19.1749 0.1184 car 0.5141805857419968
78 4.4742 0.0236 car 0.8062027990818024
78 10.8658 -0.1981 pedestrian 0.6987786889076233
78 4.9003 -0.4132 car 0.6395730674266815
78 4.9003 -0.5744 car 0.6286930441856384
78 12.1441 0.5373 pedestrian 0.5056913793087006
78 19.1749 0.1184 car 0.4985179454088211
79 4.4742 0.0236 car 0.7930238544940948
79 10.8658 -0.2142 pedestrian 0.6590000092983246
79 4.9003 -0.4132 car 0.625777930021286
79 4.9003 -0.5744 car 0.6063460409641266
79 19.1749 0.1184 car 0.4793071299791336
79 12.1441 0.5557 pedestrian 0.46002455055713654
80 4.4742 0.0236 car 0.8299373984336853
80 19.3880 0.1343 car 0.5910382568836212
80 10.8658 -0.1821 pedestrian 0.5516227185726166
80 12.3572 0.5744 pedestrian 0.40923042595386505
81 4.4742 0.0236 car 0.831971287727356
81 19.3880 0.1343 car 0.6045964658260345
81 10.8658 -0.1821 pedestrian 0.6045743077993393
81 12.3572 0.5744 pedestrian 0.44599099457263947
82 4.4742 0.0394 car 0.8285131454467773
82 10.8658 -0.1821 pedestrian 0.63999143242836
82 19.3880 0.1343 car 0.6020659506320953
82 12.3572 0.5744 pedestrian 0.47495144605636597
83 4.4742 0.0236 car 0.8207202255725861
83 10.8658 -0.1821 pedestrian 0.6605905592441559
83 5.3264 -0.2629 car 0.6467867195606232
83 19.3880 0.1343 car 0.5856921970844269
83 12.3572 0.5744 pedestrian 0.4820345491170883
84 4.4742 0.0236 car 0.8106698393821716
84 10.8658 -0.1821 pedestrian 0.6688465774059296
84 5.3264 -0.2792 car 0.6428399682044983
84 19.6010 0.1502 car 0.5659829080104828
84 12.3572 0.5744 pedestrian 0.4689866900444031
85 4.4742 0.0236 car 0.796634316444397
85 10.8658 -0.1821 pedestrian 0.6707161068916321
85 19.6010 0.1502 car 0.5430074334144592
85 12.3572 0.5744 pedestrian 0.4499204754829407
86 4.4742 0.0236 car 0.7821319103240967
86 10.8658 -0.1821 pedestrian 0.6464428901672363
86 19.6010 0.1502 car 0.5127852261066437
86 12.3572 0.5744 pedestrian 0.405629962682724
87 4.4742 0.0236 car 0.7715345025062561
87 10.8658 -0.1821 pedestrian 0.6111630797386169
87 19.3880 0.1502 car 0.4788638651371002
88 4.2611 0.0394 car 0.740716814994812
88 5.1133 -0.2629 car 0.5973500609397888
88 19.3880 0.1502 car 0.5505889356136322
89 4.2611 0.0394 car 0.7398059368133545
89 5.1133 -0.2629 car 0.6015205681324005
89 19.3880 0.1343 car 0.564132958650589
90 4.2611 0.0394 car 0.7217763662338257
90 5.1133 -0.2629 car 0.5954917967319489
90 19.3880 0.1184 car 0.5488229244947433
90 10.8658 -0.2142 pedestrian 0.40097126737236977
91 4.2611 0.0394 car 0.6942045390605927
91 5.1133 -0.2629 car 0.5886395275592804
91 4.9003 -0.1821 car 0.5695267915725708
91 19.3880 0.1184 car 0.5195105969905853
92 4.2611 0.0236 car 0.659593939781189
92 5.1133 -0.2956 car 0.5872357487678528
92 19.3880 0.1343 car 0.4813167601823807
93 4.0480 0.0236 car 0.6296608150005341
93 5.1133 -0.2956 car 0.5858274400234222
93 19.3880 0.1184 car 0.44560639560222626
94 4.0480 0.0236 car 0.5959256887435913
94 4.9003 -0.2956 car 0.579197496175766
94 19.3880 0.1343 car 0.41412612050771713
95 4.9003 -0.2956 car 0.5721615999937057
95 4.0480 0.0236 car 0.5669493228197098
96 5.1133 -0.2956 car 0.6146598160266876
96 19.3880 0.1502 car 0.4589044600725174
97 5.1133 -0.2956 car 0.6383119523525238
97 19.3880 0.1502 car 0.4890429526567459
98 5.1133 -0.2956 car 0.6501655876636505
98 19.3880 0.1184 car 0.48405422270298004
99 5.1133 -0.2956 car 0.6628347933292389
99 19.3880 0.1184 car 0.46117714047431946
100 5.1133 -0.2956 car 0.6652601659297943
100 19.3880 0.1502 car 0.4162292182445526
101 5.1133 -0.2956 car 0.6709524989128113
102 5.1133 -0.2956 car 0.6732656955718994
103 4.9003 -0.2956 car 0.6745213568210602
104 5.3264 -0.2956 car 0.6238195300102234
105 5.3264 -0.2956 car 0.6403191387653351
106 5.3264 -0.2956 car 0.6467858850955963
107 5.1133 -0.2956 car 0.6535923779010773
108 5.1133 -0.2956 car 0.6541299521923065
109 5.1133 -0.2956 car 0.6600171625614166
110 5.1133 -0.2956 car 0.6632258892059326
111 5.1133 -0.2956 car 0.6640253663063049
112 5.3264 -0.2956 car 0.6018097400665283
112 19.3880 0.1502 car 0.559647411108017
113 5.3264 -0.2956 car 0.6206913590431213
113 19.3880 0.1502 car 0.6040147244930267
114 5.3264 -0.2956 car 0.6264938116073608
114 19.3880 0.1343 car 0.6132417321205139
115 5.1133 -0.2956 car 0.6339394152164459
115 19.3880 0.1502 car 0.601436048746109
116 5.1133 -0.2956 car 0.6327942311763763
116 19.3880 0.1343 car 0.5768523514270782
117 5.1133 -0.2956 car 0.6387604475021362
117 19.3880 0.1343 car 0.5489723235368729
118 5.1133 -0.2956 car 0.6419824659824371
118 19.3880 0.1502 car 0.5156695395708084
119 5.1133 -0.2956 car 0.6427561044692993
119 19.3880 0.1502 car 0.48240581154823303
120 5.3264 -0.2956 car 0.5456794202327728
120 19.3880 0.1502 car 0.48352178931236267
121 5.3264 -0.2956 car 0.5708726346492767
121 19.3880 0.1502 car 0.4991453140974045
122 5.1133 -0.2956 car 0.584046334028244
122 19.3880 0.1502 car 0.4862786829471588
123 5.1133 -0.2956 car 0.5948511064052582
123 19.3880 0.1502 car 0.45439738035202026
124 5.1133 -0.2956 car 0.5943253636360168
124 19.3880 0.1502 car 0.41107316315174103
125 5.1133 -0.2956 car 0.6017834842205048
126 5.1133 -0.2956 car 0.6078936457633972
127 5.1133 -0.2956 car 0.6058966815471649
128 5.3264 -0.2956 car 0.6023192405700684
129 5.3264 -0.2956 car 0.6216890215873718
130 5.1133 -0.2956 car 0.6297287344932556
131 5.1133 -0.2956 car 0.6383797824382782
132 5.1133 -0.2956 car 0.6366436183452606
133 5.1133 -0.2956 car 0.6431393623352051
134 5.1133 -0.2956 car 0.6473791599273682
135 5.1133 -0.2956 car 0.6488280594348907
136 19.6010 0.1502 car 0.6055135726928711
136 5.3264 -0.2956 car 0.5666046738624573
137 19.3880 0.1502 car 0.6305826604366302
137 5.3264 -0.2956 car 0.5914658606052399
138 19.3880 0.1502 car 0.6287617385387421
138 5.3264 -0.2956 car 0.6017466187477112
139 5.1133 -0.2956 car 0.6102277934551239
139 19.3880 0.1502 car 0.6071634888648987
140 5.1133 -0.2956 car 0.6101410388946533
140 19.3880 0.1502 car 0.576831728219986
141 5.1133 -0.2956 car 0.6173822283744812
141 19.3880 0.1502 car 0.5464689880609512
142 5.1133 -0.2956 car 0.6232442259788513
142 19.3880 0.1502 car 0.5082154870033264
143 5.1133 -0.2956 car 0.6246777474880219
143 19.3880 0.1502 car 0.46752941608428955
144 5.3264 -0.2956 car 0.5614762008190155
144 19.3880 0.1502 car 0.4924476891756058
145 5.3264 -0.2956 car 0.5845251083374023
145 19.3880 0.1502 car 0.5108957290649414
146 5.3264 -0.2956 car 0.5920501947402954
146 19.3880 0.1502 car 0.5018948316574097
147 5.3264 -0.2956 car 0.5940472781658173
147 19.3880 0.1502 car 0.4710360914468765
148 5.1133 -0.2956 car 0.5898562371730804
148 19.3880 0.1502 car 0.4301344007253647
149 5.1133 -0.2956 car 0.5962597131729126
150 5.1133 -0.2956 car 0.6031611859798431
151 5.1133 -0.2956 car 0.6027461290359497
152 5.3264 -0.2956 car 0.5840795934200287
152 19.3880 0.1502 car 0.4004649221897125
153 5.3264 -0.2956 car 0.6097044944763184
153 19.3880 0.1502 car 0.44439607858657837
154 5.3264 -0.2956 car 0.6218998730182648
154 19.3880 0.1502 car 0.4561062902212143
155 5.1133 -0.2956 car 0.6307152807712555
155 19.3880 0.1502 car 0.4517297148704529
156 5.1133 -0.2956 car 0.6308082640171051
156 19.3880 0.1502 car 0.42633602023124695
157 5.1133 -0.2956 car 0.6379303634166718
157 19.3880 0.1502 car 0.40723197162151337
158 5.1133 -0.2956 car 0.6428630948066711
159 5.1133 -0.2956 car 0.6425448060035706
160 5.3264 -0.2956 car 0.623043417930603
161 5.3264 -0.2956 car 0.6389049589633942
162 5.1133 -0.2956 car 0.6449957191944122
163 5.1133 -0.2956 car 0.6530400514602661
164 5.1133 -0.2956 car 0.6512456834316254
165 5.1133 -0.2956 car 0.6558556258678436
166 5.1133 -0.2956 car 0.6576812863349915
167 5.1133 -0.2956 car 0.656073272228241
168 5.1133 -0.2956 car 0.6040100455284119
169 5.1133 -0.2956 car 0.6335791349411011
170 5.1133 -0.2956 car 0.6441150009632111
171 5.1133 -0.2956 car 0.6512798368930817
172 5.1133 -0.2956 car 0.6493031978607178
173 5.1133 -0.2956 car 0.6477709710597992
174 4.9003 -0.2956 car 0.6464019417762756
175 4.9003 -0.2956 car 0.6459936499595642
176 4.2611 0.0236 car 0.7613480091094971
176 4.9003 -0.3622 car 0.5840047299861908
177 4.4742 0.0236 car 0.7915457189083099
177 4.9003 -0.3961 car 0.6051903367042542
178 4.4742 0.0236 car 0.815096527338028
178 4.9003 -0.4132 car 0.6190498471260071
179 4.4742 0.0236 car 0.82769775390625
179 4.9003 -0.4132 car 0.6323513090610504
180 4.4742 0.0236 car 0.8289439082145691
180 4.9003 -0.4132 car 0.6323156356811523
181 4.4742 0.0236 car 0.8390737473964691
181 4.9003 -0.4132 car 0.6396780610084534
181 4.9003 -0.5744 car 0.6284070909023285
181 4.4742 -1.0319 car 0.40600191056728363
182 4.4742 0.0236 car 0.8460868299007416
182 4.9003 -0.5010 car 0.6522325575351715
182 4.9003 -0.5744 car 0.6437047719955444
183 4.4742 0.0236 car 0.8518643379211426
183 4.9003 -0.5010 car 0.6675111949443817
184 4.4742 0.0394 car 0.920971155166626
184 4.9003 -0.5744 car 0.8080913126468658
184 19.3880 0.1502 car 0.6357627511024475
185 4.4742 0.0394 car 0.9245634078979492
185 4.9003 -0.5744 car 0.8188657462596893
185 19.3880 0.1502 car 0.6520262658596039
186 4.4742 0.0394 car 0.9228684902191162
186 4.9003 -0.5744 car 0.8221656680107117
186 19.3880 0.1502 car 0.6500825881958008
187 4.4742 0.0394 car 0.9214319586753845
187 4.9003 -0.5744 car 0.8240708410739899
187 19.3880 0.1502 car 0.6293200254440308
188 4.4742 0.0394 car 0.9193360507488251
188 4.9003 -0.5744 car 0.8210938274860382
188 19.3880 0.1502 car 0.59597048163414
189 4.4742 0.0394 car 0.9139066338539124
189 4.9003 -0.5744 car 0.8177667856216431
189 19.3880 0.1502 car 0.5568070411682129
190 4.4742 0.0394 car 0.9068788886070251
190 4.9003 -0.5744 car 0.8112687170505524
190 19.3880 0.1502 car 0.5081926584243774
191 4.4742 0.0551 car 0.8982456028461456
191 4.9003 -0.5744 car 0.8026644289493561
191 19.3880 0.1502 car 0.4524664431810379
192 4.4742 0.0551 car 0.9105493426322937
192 4.9003 -0.5744 car 0.7935614585876465
192 19.3880 0.1502 car 0.4505598545074463
193 4.4742 0.0551 car 0.9128207266330719
193 4.9003 -0.5744 car 0.7935763895511627
193 19.3880 0.1502 car 0.4471418410539627
194 4.6872 0.0551 car 0.9131099581718445
194 4.9003 -0.5744 car 0.7883830070495605
194 19.3880 0.1502 car 0.4249061197042465
195 4.6872 0.0551 car 0.9121437966823578
195 4.9003 -0.5744 car 0.7835681736469269
196 4.6872 0.0551 car 0.9096637666225433
196 4.9003 -0.5744 car 0.7752430140972137
197 4.6872 0.0551 car 0.9049845635890961
197 4.9003 -0.5744 car 0.7615843713283539
198 4.6872 0.0551 car 0.89835125207901
198 4.9003 -0.5744 car 0.7457892298698425
199 4.6872 0.0394 car 0.8899270594120026
199 4.9003 -0.5744 car 0.7289673089981079
200 4.6872 0.0394 car 0.9303059279918671
200 4.9003 -0.5744 car 0.7713656723499298
200 19.3880 0.1025 car 0.5201589912176132
201 4.6872 0.0394 car 0.9350396692752838
201 4.6872 -0.5932 car 0.7763038277626038
201 19.3880 0.1025 car 0.5336316078901291
202 4.6872 0.0394 car 0.9349762201309204
202 4.9003 -0.5932 car 0.7752324640750885
202 19.3880 0.1025 car 0.5226123183965683
203 4.6872 0.0394 car 0.9328801035881042
203 4.9003 -0.5932 car 0.7725018858909607
203 19.3880 0.1025 car 0.5002419501543045
204 4.6872 0.0394 car 0.9294140338897705
204 4.9003 -0.5932 car 0.7658525109291077
204 19.3880 0.1025 car 0.4774274230003357
205 4.9003 0.0394 car 0.9231139421463013
205 4.9003 -0.5932 car 0.7614598870277405
205 19.3880 0.1025 car 0.4603867530822754
206 4.9003 0.0394 car 0.9153757691383362
206 4.9003 -0.5932 car 0.7547184824943542
206 19.3880 0.1025 car 0.43602442741394043
207 4.9003 0.0394 car 0.9066768288612366
207 4.9003 -0.5932 car 0.7488342523574829
207 19.3880 0.1025 car 0.4123619794845581
208 4.9003 0.0551 car 0.9156941175460815
208 4.9003 -0.5932 car 0.8005220592021942
209 4.9003 0.0551 car 0.9138487279415131
209 4.9003 -0.5932 car 0.803596168756485
210 4.9003 0.0709 car 0.9064384996891022
210 4.9003 -0.5932 car 0.8011600077152252
211 4.9003 0.0709 car 0.8972789645195007
211 5.1133 -0.5744 car 0.8002279102802277
212 4.9003 0.0709 car 0.8914501667022705
212 5.1133 -0.5744 car 0.7970102727413177
213 4.9003 0.0709 car 0.8810874819755554
213 5.1133 -0.5744 car 0.7885004580020905
214 5.1133 0.0551 car 0.8656366765499115
214 5.1133 -0.5744 car 0.7774772942066193
215 5.1133 0.0709 car 0.8477613031864166
215 5.3264 -0.5744 car 0.7661511898040771
216 5.3264 0.0709 car 0.8965159952640533
216 5.3264 -0.5373 car 0.788019597530365
216 19.3880 0.1502 car 0.4953863322734833
217 5.3264 0.0709 car 0.8971855342388153
217 5.3264 -0.5191 car 0.7837523519992828
217 19.3880 0.1502 car 0.5236753523349762
218 5.3264 0.0709 car 0.8919298052787781
218 5.7525 -0.5010 car 0.7827209234237671
218 19.3880 0.1502 car 0.5273821651935577
219 5.3264 0.0709 car 0.8870585560798645
219 5.7525 -0.5010 car 0.7808738946914673
219 19.3880 0.1502 car 0.5142420530319214
219 14.9138 0.6124 pedestrian 0.4073017090559006
220 5.3264 0.0709 car 0.8831593990325928
220 5.7525 -0.5010 car 0.7747193574905396
220 19.3880 0.1343 car 0.4929392784833908
221 5.3264 0.0709 car 0.8760498762130737
221 6.1786 -0.5010 car 0.7746966779232025
221 19.3880 0.1502 car 0.47230732440948486
222 5.3264 0.0709 car 0.8663789331912994
222 6.1786 -0.5010 car 0.7743650674819946
222 19.3880 0.1502 car 0.4428868293762207
223 5.5394 0.0709 car 0.8545324206352234
223 6.1786 -0.5010 car 0.7732903361320496
223 19.3880 0.1502 car 0.4151053726673126
224 5.7525 0.0867 car 0.8717660009860992
224 5.9655 -0.5010 car 0.8027706146240234
224 19.3880 0.1502 car 0.5044627040624619
225 5.7525 0.0867 car 0.8738463819026947
225 6.1786 -0.5010 car 0.802589625120163
225 19.3880 0.1502 car 0.5203567445278168
225 12.1441 0.5744 pedestrian 0.4243156313896179
226 5.7525 0.0867 car 0.8702143430709839
226 6.1786 -0.5010 car 0.7997441291809082
226 19.3880 0.1502 car 0.5147221684455872
226 12.1441 0.5744 pedestrian 0.4616035372018814
226 14.9138 0.6317 pedestrian 0.43449866771698
227 5.7525 0.0867 car 0.865690678358078
227 6.1786 -0.5010 car 0.79605832695961
227 19.3880 0.1502 car 0.49769312143325806
227 12.1441 0.5744 pedestrian 0.4820064753293991
227 14.9138 0.6317 pedestrian 0.4498961865901947
228 5.7525 0.0709 car 0.8638467192649841
228 6.3916 -0.5010 car 0.7913747429847717
228 19.3880 0.1343 car 0.4759856164455414
228 12.1441 0.5744 pedestrian 0.4756229519844055
228 14.9138 0.6514 pedestrian 0.4375114291906357
229 5.7525 0.0709 car 0.8568967878818512
229 6.3916 -0.4831 car 0.7887177467346191
229 19.3880 0.1502 car 0.456980898976326
229 12.1441 0.5744 pedestrian 0.4540778696537018
229 14.9138 0.6317 pedestrian 0.41746285557746887
230 5.9655 0.0867 car 0.8455143868923187
230 6.3916 -0.4831 car 0.7848166823387146
230 19.3880 0.1502 car 0.4310309588909149
230 12.1441 0.5744 pedestrian 0.41463014483451843
231 5.9655 0.0867 car 0.8340483009815216
231 6.3916 -0.4831 car 0.7791758477687836
231 19.3880 0.1502 car 0.4051310792565346
232 5.9655 0.0709 car 0.8599023818969727
232 6.3916 -0.4654 car 0.8266587853431702
232 12.1441 0.5744 pedestrian 0.5291523188352585
232 19.3880 0.1502 car 0.5228282362222672
233 5.9655 0.0709 car 0.8589809834957123
233 6.6047 -0.4654 car 0.8253052830696106
233 12.1441 0.5557 pedestrian 0.5649445652961731
233 19.3880 0.1343 car 0.5516980141401291
233 14.9138 0.6317 pedestrian 0.4321187287569046
234 5.9655 0.0709 car 0.8512298166751862
234 6.6047 -0.4654 car 0.8210881650447845
234 12.1441 0.5373 pedestrian 0.5805690884590149
234 19.3880 0.1025 car 0.5597628653049469
234 14.9138 0.6514 pedestrian 0.4674971103668213
235 5.9655 0.0709 car 0.8427127301692963
235 6.6047 -0.4654 car 0.8157230019569397
235 11.9311 0.5373 pedestrian 0.587997704744339
235 19.3880 0.1025 car 0.5517235398292542
235 14.9138 0.6514 pedestrian 0.4845913052558899
236 6.1786 0.0709 car 0.8355796635150909
236 6.6047 -0.4479 car 0.8095134496688843
236 11.9311 0.5373 pedestrian 0.5792836248874664
236 19.3880 0.1025 car 0.522350013256073
236 14.9138 0.6514 pedestrian 0.4687117636203766
237 6.1786 0.0709 car 0.8233587145805359
237 6.6047 -0.4479 car 0.7982969880104065
237 11.9311 0.5373 pedestrian 0.5419546961784363
237 19.3880 0.1025 car 0.48373614251613617
237 14.9138 0.6317 pedestrian 0.43641218543052673
238 6.1786 0.0709 car 0.8064894378185272
238 6.8178 -0.4479 car 0.7852884232997894
238 11.9311 0.5373 pedestrian 0.48447172343730927
238 19.3880 0.1184 car 0.4268704056739807
239 6.1786 0.0867 car 0.7884309589862823
239 6.8178 -0.4305 car 0.7732729017734528
239 11.9311 0.5373 pedestrian 0.4252990037202835
240 6.3916 0.1184 car 0.8298973143100739
240 7.0308 -0.3961 car 0.7920547425746918
240 11.9311 0.5557 pedestrian 0.4511590301990509
241 6.3916 0.1184 car 0.8295280635356903
241 7.2439 -0.3961 car 0.7914292216300964
241 11.9311 0.5557 pedestrian 0.496328666806221
242 6.6047 0.1343 car 0.8241419494152069
242 7.4569 -0.3961 car 0.79359170794487
242 11.9311 0.5557 pedestrian 0.5234306752681732
243 6.8178 0.1184 car 0.8197852969169617
243 7.4569 -0.3961 car 0.7987794280052185
243 11.9311 0.5373 pedestrian 0.5259863436222076
244 6.8178 0.1184 car 0.816862553358078
244 7.4569 -0.3961 car 0.7974790334701538
244 11.9311 0.5373 pedestrian 0.5162325650453568
245 6.8178 0.1184 car 0.812349945306778
245 7.4569 -0.3961 car 0.7927602827548981
245 11.9311 0.5373 pedestrian 0.48193736374378204
246 6.8178 0.1184 car 0.8070344626903534
246 7.4569 -0.3961 car 0.7882036864757538
246 11.9311 0.5557 pedestrian 0.4233659952878952
247 6.8178 0.1184 car 0.7998660504817963
247 7.4569 -0.3961 car 0.78239706158638
248 7.0308 0.1184 car 0.8083496391773224
248 7.4569 -0.3622 car 0.8047953844070435
248 18.7488 0.0867 car 0.6055956482887268
249 7.6700 -0.3622 car 0.804578423500061
249 7.0308 0.1184 car 0.8038361668586731
249 18.7488 0.0867 car 0.631985068321228
250 7.6700 -0.3622 car 0.8093408942222595
250 7.2439 0.1184 car 0.796358048915863
250 18.7488 0.0867 car 0.6392781436443329
251 7.6700 -0.3622 car 0.8131271302700043
251 7.2439 0.1184 car 0.7852676808834076
251 18.7488 0.0867 car 0.6250915229320526
251 11.7180 0.5744 pedestrian 0.40658293664455414
252 7.8830 -0.3622 car 0.8120640218257904
252 7.2439 0.1184 car 0.7730616629123688
252 18.7488 0.0867 car 0.6059087514877319
253 7.8830 -0.3622 car 0.8158194124698639
253 7.4569 0.1343 car 0.7548600733280182
253 18.7488 0.0867 car 0.5785476267337799
254 7.8830 -0.3622 car 0.8186918199062347
254 7.4569 0.1343 car 0.740148276090622
254 18.7488 0.0867 car 0.539951741695404
255 7.8830 -0.3622 car 0.8175583779811859
255 7.4569 0.1343 car 0.7264659702777863
255 18.7488 0.0867 car 0.49691997468471527
256 7.8830 -0.3622 car 0.8600934743881226
256 7.4569 0.1343 car 0.7483732104301453
256 18.9619 0.1025 car 0.5972591638565063
257 7.8830 -0.3622 car 0.861262708902359
257 7.4569 0.1343 car 0.7393122613430023
257 18.7488 0.1025 car 0.6108179986476898
257 11.5050 0.5744 pedestrian 0.45061732828617096
258 8.0961 -0.3622 car 0.8653057217597961
258 7.4569 0.1343 car 0.7228201329708099
258 18.7488 0.0867 car 0.6156933009624481
258 11.2919 0.5744 pedestrian 0.49989359080791473
259 8.0961 -0.3622 car 0.867205947637558
259 7.6700 0.1502 car 0.7048686444759369
259 18.7488 0.0867 car 0.6082157790660858
259 11.2919 0.5744 pedestrian 0.5207964926958084
260 8.0961 -0.3622 car 0.8680204749107361
260 7.6700 0.1502 car 0.6927946209907532
260 18.7488 0.0867 car 0.5925651788711548
260 11.2919 0.5744 pedestrian 0.5136902779340744
261 8.0961 -0.3622 car 0.8684674501419067
261 7.6700 0.1502 car 0.6785965859889984
261 18.5358 0.1025 car 0.5753041803836823
261 11.2919 0.5744 pedestrian 0.4917691946029663
262 8.3091 -0.3622 car 0.8711706101894379
262 7.6700 0.1502 car 0.6618174910545349
262 18.5358 0.1025 car 0.5447776168584824
262 11.2919 0.5744 pedestrian 0.4571971893310547
263 8.3091 -0.3622 car 0.8736240267753601
263 7.8830 0.1502 car 0.6543073952198029
263 18.5358 0.1025 car 0.5078516453504562
263 11.2919 0.5744 pedestrian 0.4173900708556175
264 8.3091 -0.3287 car 0.8745852410793304
264 7.6700 0.1502 car 0.7338908016681671
264 18.5358 0.1025 car 0.5026125758886337
265 8.3091 -0.3287 car 0.8750399053096771
265 7.6700 0.1343 car 0.7378501296043396
265 18.3227 0.1025 car 0.5206236839294434
266 8.5222 -0.3287 car 0.8702856302261353
266 7.6700 0.1343 car 0.731185257434845
266 18.3227 0.1025 car 0.5159831047058105
267 8.5222 -0.3287 car 0.8680264353752136
267 7.6700 0.1343 car 0.713890016078949
267 18.3227 0.1025 car 0.49219873547554016
268 8.5222 -0.3287 car 0.865573525428772
268 7.6700 0.1343 car 0.696673721075058
268 18.3227 0.1025 car 0.45476101338863373
269 8.5222 -0.3287 car 0.8590099215507507
269 7.8830 0.1343 car 0.675108402967453
269 18.1097 0.1025 car 0.4224264919757843
270 8.5222 -0.3287 car 0.8514825105667114
270 7.8830 0.1343 car 0.6433638334274292
271 8.7352 -0.3287 car 0.8440848290920258
271 7.8830 0.1343 car 0.6162113547325134
272 8.7352 -0.3287 car 0.8587362170219421
272 7.8830 0.1661 car 0.5534221231937408
273 8.7352 -0.3287 car 0.8574078679084778
273 7.8830 0.1661 car 0.5458343327045441
273 10.8658 0.5744 pedestrian 0.432295098900795
274 8.9483 -0.3287 car 0.8502014875411987
274 7.8830 0.1661 car 0.5277846157550812
274 10.8658 0.5744 pedestrian 0.4705483466386795
275 8.9483 -0.3287 car 0.8433036506175995
275 8.0961 0.1981 car 0.500858336687088
275 10.8658 0.5744 pedestrian 0.48710817098617554
276 8.9483 -0.3287 car 0.8337742388248444
276 8.0961 0.1981 car 0.48120421171188354
276 10.8658 0.5744 pedestrian 0.47771602869033813
277 8.9483 -0.3121 car 0.825979083776474
277 8.3091 0.2304 car 0.49296990036964417
277 10.8658 0.5744 pedestrian 0.45591646432876587
278 8.9483 -0.3121 car 0.8121252954006195
278 8.7352 0.2304 car 0.5118131190538406
278 10.8658 0.5744 pedestrian 0.41357848048210144
279 9.1614 -0.3121 car 0.8006396293640137
279 8.7352 0.2304 car 0.5362991541624069
280 9.1614 -0.3287 car 0.8224174976348877
280 8.7352 0.2466 car 0.7757427394390106
281 9.1614 -0.3287 car 0.8199499547481537
281 8.7352 0.2629 car 0.7968835532665253
282 9.1614 -0.3121 car 0.811939001083374
282 8.7352 0.2629 car 0.8073181807994843
283 8.7352 0.2629 car 0.8133469820022583
283 9.1614 -0.3121 car 0.8058339655399323
284 8.7352 0.2629 car 0.8124749660491943
284 9.1614 -0.3121 car 0.8036664426326752
285 8.7352 0.2629 car 0.8112248480319977
285 9.1614 -0.3121 car 0.8028005063533783
286 8.7352 0.2629 car 0.8055155277252197
286 9.1614 -0.3287 car 0.7953105568885803
287 8.7352 0.2629 car 0.8015638291835785
287 9.3744 -0.3287 car 0.7912804484367371
288 9.3744 -0.3287 car 0.8642961084842682
288 8.9483 0.2792 car 0.8247168660163879
289 9.3744 -0.3287 car 0.8703201413154602
289 8.9483 0.2792 car 0.8329160809516907
290 9.3744 -0.3287 car 0.867034375667572
290 8.9483 0.2792 car 0.8340955972671509
291 9.3744 -0.3287 car 0.8609709143638611
291 8.9483 0.2792 car 0.8321490287780762
292 9.3744 -0.3454 car 0.8515974879264832
292 8.9483 0.2792 car 0.82588329911232
293 9.5875 -0.3454 car 0.8457704484462738
293 8.9483 0.2792 car 0.8113317787647247
294 9.5875 -0.3454 car 0.8306919932365417
294 9.1614 0.2792 car 0.7909539937973022
295 9.5875 -0.3454 car 0.8112938106060028
295 9.1614 0.2956 car 0.7751835584640503
296 9.5875 -0.3454 car 0.8777611553668976
296 9.1614 0.3121 car 0.786215603351593
297 9.8005 -0.3454 car 0.8738209009170532
297 9.3744 0.3121 car 0.7931292355060577
298 9.8005 -0.3454 car 0.8618989288806915
298 9.3744 0.3121 car 0.7910912334918976
299 9.8005 -0.3454 car 0.8490611910820007
299 9.3744 0.3287 car 0.7785282135009766
300 10.0136 -0.3454 car 0.8405446112155914
300 9.3744 0.3287 car 0.7600510120391846
301 10.0136 -0.3454 car 0.8376598060131073
301 9.3744 0.3287 car 0.7320916056632996
302 10.0136 -0.3454 car 0.8318158984184265
302 9.3744 0.3287 car 0.6920940577983856
303 10.2266 -0.3454 car 0.8272846341133118
303 9.5875 0.3287 car 0.6592177450656891
304 10.2266 -0.3454 car 0.8567349910736084
304 9.5875 0.3622 car 0.6790039241313934
305 10.2266 -0.3622 car 0.8566758036613464
305 9.5875 0.3622 car 0.6965271234512329
306 10.2266 -0.3622 car 0.8442593812942505
306 9.5875 0.3622 car 0.694493293762207
307 10.2266 -0.3622 car 0.8306155800819397
307 9.5875 0.3622 car 0.6822514235973358
308 10.4397 -0.3622 car 0.8238526880741119
308 9.8005 0.3622 car 0.6700640618801117
309 10.4397 -0.3622 car 0.8195224702358246
309 9.8005 0.3622 car 0.6490383148193359
310 10.4397 -0.3622 car 0.8115378618240356
310 9.8005 0.3622 car 0.6166674494743347
311 10.6527 -0.3622 car 0.801003098487854
311 9.8005 0.3622 car 0.5802736580371857
312 10.6527 -0.3791 car 0.815652996301651
312 9.8005 0.4132 car 0.6664584577083588
313 10.6527 -0.3961 car 0.8175679743289948
313 10.0136 0.4305 car 0.687681645154953
314 10.6527 -0.3961 car 0.8085590898990631
314 10.0136 0.4305 car 0.6942776143550873
315 10.6527 -0.3961 car 0.7986996471881866
315 10.0136 0.4305 car 0.6857757270336151
316 10.8658 -0.3961 car 0.792983740568161
316 10.0136 0.4305 car 0.670825332403183
317 10.8658 -0.3961 car 0.7891343832015991
317 10.0136 0.4479 car 0.6505882441997528
318 11.0789 -0.3961 car 0.7822600901126862
318 10.0136 0.4479 car 0.6271674335002899
319 11.0789 -0.3961 car 0.777379959821701
319 10.2266 0.4479 car 0.6041809916496277
320 11.2919 -0.4305 car 0.8380025327205658
320 10.2266 0.5191 car 0.7506320178508759
321 11.2919 -0.4305 car 0.8371430039405823
321 10.2266 0.5373 car 0.7549171447753906
322 11.5050 -0.4305 car 0.8242592215538025
322 10.4397 0.5373 car 0.7541117370128632
323 11.5050 -0.4305 car 0.8132558166980743
323 10.4397 0.5373 car 0.7392711043357849
324 11.5050 -0.4305 car 0.799469381570816
324 10.4397 0.5373 car 0.7223836779594421
325 11.7180 -0.4479 car 0.797776460647583
325 10.4397 0.5373 car 0.6943244636058807
326 11.9311 -0.4305 car 0.7910037636756897
326 10.6527 0.5373 car 0.6531081795692444
327 11.9311 -0.4654 car 0.7916356921195984
327 10.6527 0.5557 car 0.6122748404741287
328 12.1441 -0.5010 car 0.8293658494949341
328 10.6527 0.5744 car 0.46119239926338196
329 12.1441 -0.5010 car 0.82855024933815
329 10.6527 0.5744 car 0.44524791091680527
330 12.1441 -0.5010 car 0.8103945851325989
330 10.8658 0.5744 car 0.4102071300148964
331 12.3572 -0.5010 car 0.7940419912338257
332 12.3572 -0.5010 car 0.7790848910808563
333 12.3572 -0.5010 car 0.7635573446750641
334 12.5702 -0.5191 car 0.756597101688385
335 12.5702 -0.5191 car 0.7484923005104065
336 12.7833 -0.5744 car 0.799952507019043
336 5.1133 0.0394 car 0.6795146763324738
336 5.7525 -0.1025 car 0.6258126795291901
336 24.2883 -0.2304 car 0.5783292651176453
337 12.7833 -0.5744 car 0.7912061810493469
337 5.1133 0.0394 car 0.7043688893318176
337 5.7525 -0.1025 car 0.6487031877040863
337 24.2883 -0.2304 car 0.585168182849884
338 12.9963 -0.5744 car 0.7706770300865173
338 5.1133 0.0236 car 0.7158271968364716
338 24.0752 -0.2304 car 0.576937735080719
339 12.9963 -0.5744 car 0.7497120797634125
339 5.1133 0.0236 car 0.7127732932567596
339 24.0752 -0.2304 car 0.5510210394859314
340 13.2094 -0.5744 car 0.7430760562419891
340 5.1133 0.0236 car 0.6971553862094879
340 5.3264 -0.1025 car 0.6503067910671234
340 24.0752 -0.2304 car 0.5094792246818542
341 13.2094 -0.5744 car 0.7406491935253143
341 4.9003 0.0394 car 0.6810767948627472
341 23.8621 -0.2304 car 0.4603677988052368
342 13.4225 -0.5744 car 0.7317973375320435
342 4.9003 0.0236 car 0.651663601398468
342 23.8621 -0.2304 car 0.40735772252082825
343 13.4225 -0.5744 car 0.7315662503242493
343 4.9003 0.0236 car 0.6253031194210052
344 13.6355 -0.6124 car 0.7674432396888733
344 4.9003 -0.0394 car 0.6760648190975189
344 4.9003 0.0236 car 0.6692920923233032
344 23.0099 -0.2956 car 0.5418229401111603
345 13.6355 -0.6124 car 0.7617848515510559
345 4.9003 -0.0394 car 0.6757812798023224
345 4.9003 0.0236 car 0.6654286980628967
345 23.0099 -0.2956 car 0.5722478032112122
346 13.8486 -0.6124 car 0.745983213186264
346 4.9003 -0.0394 car 0.6638661324977875
346 4.9003 0.0236 car 0.6527153551578522
346 22.7969 -0.2956 car 0.5872890651226044
347 14.0616 -0.6124 car 0.7262696623802185
347 4.9003 -0.0394 car 0.6439256370067596
347 4.9003 0.0236 car 0.6313070058822632
347 22.7969 -0.2956 car 0.5839561223983765
348 14.0616 -0.6124 car 0.7105703055858612
348 4.6872 -0.0394 car 0.6252891719341278
348 4.9003 -0.1661 car 0.5862857401371002
348 22.7969 -0.2956 car 0.5570797920227051
349 14.2747 -0.6124 car 0.6906189024448395
349 4.4742 -0.0394 car 0.5999297797679901
349 4.9003 -0.1661 car 0.5593352913856506
349 22.5838 -0.2956 car 0.53141850233078
350 14.2747 -0.6124 car 0.674318790435791
350 4.4742 -0.0394 car 0.5597093403339386
350 22.3708 -0.2956 car 0.49846920371055603
351 14.4877 -0.6124 car 0.657787561416626
351 4.4742 -0.0394 car 0.523926168680191
351 4.9003 -0.1661 car 0.48318128287792206
351 22.3708 -0.2956 car 0.4679923802614212
352 21.9447 -0.3454 car 0.557984858751297
352 5.1133 -0.1661 car 0.5351108461618423
352 14.7008 -0.5744 car 0.5249316990375519
353 21.7316 -0.3622 car 0.5971791446208954
353 5.1133 -0.1661 car 0.5486078560352325
353 4.9003 -0.0394 car 0.5202293992042542
353 14.7008 -0.5744 car 0.5007728189229965
354 21.5185 -0.3622 car 0.6226219832897186
354 5.1133 -0.1661 car 0.550597220659256
354 4.9003 -0.0394 car 0.5215626209974289
354 14.9138 -0.5744 car 0.4493520110845566
355 21.5185 -0.3622 car 0.6371985077857971
355 5.1133 -0.1661 car 0.5478157997131348
355 4.9003 -0.0394 car 0.5204639732837677
356 21.3055 -0.3622 car 0.6219361126422882
356 5.1133 -0.1661 car 0.541172057390213
356 4.9003 -0.0394 car 0.5144610404968262
357 21.3055 -0.3622 car 0.5963002443313599
357 4.9003 -0.1025 car 0.541241243481636
357 4.9003 -0.0394 car 0.517285019159317
358 20.8794 -0.3961 car 0.5768888592720032
358 4.9003 -0.1025 car 0.5285465717315674
359 20.8794 -0.4132 car 0.5640126168727875
359 4.9003 -0.1025 car 0.5144561976194382
359 4.9003 -0.0394 car 0.4953787922859192
360 4.4742 -0.1025 car 0.735706239938736
360 20.4533 -0.4305 car 0.5269610434770584
360 24.5013 0.1025 car 0.40709255635738373
361 4.9003 -0.1025 car 0.7418442070484161
361 20.4533 -0.4305 car 0.5467996597290039
361 24.2883 0.1025 car 0.4277089983224869
362 4.9003 -0.1025 car 0.7388858497142792
362 20.2402 -0.4305 car 0.5528805106878281
362 24.2883 0.1025 car 0.4386955499649048
363 4.9003 -0.1025 car 0.7322120666503906
363 20.0272 -0.4305 car 0.5483378171920776
363 24.0752 0.1025 car 0.4371316730976105
364 4.9003 -0.1025 car 0.7263914346694946
364 20.0272 -0.4305 car 0.5294186472892761
364 24.0752 0.1025 car 0.42085884511470795
365 4.9003 -0.1025 car 0.7152693569660187
365 20.0272 -0.4305 car 0.5045967847108841
366 4.9003 -0.1025 car 0.697282999753952
366 19.8141 -0.4305 car 0.48093655705451965
367 4.9003 -0.1025 car 0.6837857365608215
367 19.6010 -0.4654 car 0.46307700872421265
368 21.3055 0.2956 car 0.4116101562976837
369 21.3055 0.2956 car 0.46768932044506073
370 21.0924 0.2956 car 0.5217200219631195
371 20.8794 0.2792 car 0.5604433417320251
372 20.6663 0.2792 car 0.5726130604743958
373 20.6663 0.2792 car 0.5851304531097412
374 20.6663 0.2792 car 0.5849678814411163
375 20.4533 0.2792 car 0.5835852473974228
376 20.2402 0.2792 car 0.662182629108429
377 20.0272 0.2629 car 0.6807428002357483
378 19.8141 0.2629 car 0.6949889659881592
378 24.5013 -0.1502 car 0.41569001972675323
379 19.8141 0.2304 car 0.7040121853351593
379 24.5013 -0.1502 car 0.4573080241680145
380 19.8141 0.2304 car 0.7012399137020111
380 24.5013 -0.1502 car 0.4746001958847046
381 19.8141 0.2304 car 0.6959425806999207
381 24.5013 -0.1502 car 0.5018258392810822
382 19.6010 0.2304 car 0.6904371082782745
382 24.5013 -0.1502 car 0.5219051837921143
383 19.6010 0.2304 car 0.6830577254295349
383 24.5013 -0.1661 car 0.5389966815710068
384 24.5013 -0.2142 car 0.6708745360374451
384 19.1749 0.1502 car 0.6404624581336975
385 24.5013 -0.2304 car 0.685838371515274
385 19.1749 0.1502 car 0.6602694392204285
386 24.5013 -0.2304 car 0.691506564617157
386 19.1749 0.1502 car 0.6707207560539246
387 24.2883 -0.2304 car 0.6937674582004547
387 19.1749 0.1502 car 0.6743764579296112
388 24.2883 -0.2304 car 0.6934245824813843
388 19.1749 0.1502 car 0.6741856634616852
389 24.2883 -0.2304 car 0.6862273514270782
389 19.1749 0.1502 car 0.6755480766296387
390 18.9619 0.1502 car 0.6763736307621002
390 24.2883 -0.2304 car 0.6682178378105164
391 18.9619 0.1502 car 0.6723838448524475
391 24.2883 -0.2304 car 0.6506102085113525
392 24.0752 -0.2792 car 0.6715143620967865
392 18.7488 0.1343 car 0.6169788241386414
393 24.0752 -0.2792 car 0.6653874516487122
393 18.7488 0.1343 car 0.6430723369121552
394 18.5358 0.1025 car 0.666173905134201
394 24.0752 -0.2792 car 0.6537823677062988
395 18.5358 0.1025 car 0.6782385408878326
395 24.0752 -0.2629 car 0.6321807205677032
396 18.3227 0.0867 car 0.6777624487876892
396 24.0752 -0.2792 car 0.614105761051178
397 18.1097 0.0867 car 0.6766202747821808
397 24.0752 -0.2792 car 0.589064747095108
398 18.1097 0.0867 car 0.6739566326141357
398 23.8621 -0.2792 car 0.564287543296814
399 18.1097 0.0867 car 0.6649526357650757
399 23.8621 -0.2792 car 0.5361986011266708
400 23.2230 -0.3622 car 0.7259421050548553
400 17.6836 0.0236 car 0.664391815662384
401 23.2230 -0.3622 car 0.7387617826461792
401 17.4705 -0.0079 car 0.6913249492645264
402 23.0099 -0.3622 car 0.745187520980835
402 17.4705 -0.0079 car 0.7244550883769989
403 23.0099 -0.3622 car 0.7464686632156372
403 17.2574 -0.0236 car 0.7446769773960114
404 17.2574 -0.0236 car 0.7495073080062866
404 23.0099 -0.3622 car 0.7430623173713684
405 17.0444 -0.0236 car 0.7508738338947296
405 23.0099 -0.3622 car 0.740390807390213
406 17.0444 -0.0394 car 0.7532560527324677
406 23.0099 -0.3622 car 0.7320002317428589
407 16.8313 -0.0394 car 0.7521804571151733
407 23.0099 -0.3622 car 0.7208153009414673
408 22.5838 -0.4305 car 0.7305091023445129
408 16.6183 -0.1025 car 0.7243203818798065
408 22.5838 0.2956 car 0.5721419602632523
409 22.5838 -0.4305 car 0.7369538843631744
409 16.6183 -0.1025 car 0.7310405075550079
409 22.3708 0.2956 car 0.6219488978385925
410 22.5838 -0.4305 car 0.7349110245704651
410 16.4052 -0.1025 car 0.7312933206558228
410 22.3708 0.2792 car 0.6485608518123627
411 22.5838 -0.4305 car 0.7296355962753296
411 16.4052 -0.1025 car 0.7243524193763733
411 22.1577 0.2792 car 0.6405605971813202
412 22.5838 -0.4305 car 0.7231549322605133
412 16.1922 -0.1025 car 0.7146285474300385
412 22.1577 0.2629 car 0.6134019196033478
413 22.5838 -0.4132 car 0.7107018828392029
413 16.1922 -0.1025 car 0.6993599534034729
413 21.9447 0.2629 car 0.574918732047081
414 22.5838 -0.4305 car 0.6897028088569641
414 15.9791 -0.1343 car 0.6848061680793762
414 21.7316 0.2629 car 0.5367692112922668
415 15.9791 -0.1502 car 0.6768101155757904
415 22.5838 -0.4132 car 0.6654791235923767
415 21.5185 0.2304 car 0.5047599673271179
416 15.7661 -0.2304 car 0.6926077008247375
416 21.9447 -0.5010 car 0.6617884635925293
416 20.8794 0.2142 car 0.4693450480699539
417 15.7661 -0.2304 car 0.697109192609787
417 21.9447 -0.5010 car 0.6620865762233734
417 20.6663 0.1502 car 0.49681082367897034
418 15.5530 -0.2304 car 0.6962140798568726
418 21.7316 -0.5010 car 0.6509717106819153
418 20.4533 0.1502 car 0.5213004052639008
419 15.3400 -0.2304 car 0.688761442899704
419 21.7316 -0.5373 car 0.6374820172786713
419 20.4533 0.1502 car 0.534054309129715
420 15.3400 -0.2304 car 0.6727848649024963
420 21.7316 -0.5373 car 0.6214499175548553
420 20.2402 0.1343 car 0.5315308272838593
421 15.1269 -0.2792 car 0.6592888832092285
421 21.5185 -0.5557 car 0.6086640655994415
421 20.2402 0.1343 car 0.5336848795413971
422 14.9138 -0.2629 car 0.648701399564743
422 21.5185 -0.5557 car 0.5850503146648407
422 20.0272 0.1343 car 0.5413538217544556
423 14.9138 -0.2792 car 0.6422090232372284
423 21.3055 -0.5744 car 0.5675706118345261
423 19.8141 0.0867 car 0.5569635778665543
424 19.8141 0.0236 car 0.7087766826152802
424 14.4877 -0.3791 car 0.7012074291706085
424 21.0924 -0.6317 car 0.6963025331497192
425 19.6010 0.0236 car 0.7378820180892944
425 14.2747 -0.3961 car 0.7147769629955292
425 20.8794 -0.6514 car 0.6915866136550903
426 19.6010 0.0236 car 0.7513896822929382
426 14.2747 -0.4132 car 0.7211521565914154
426 20.8794 -0.6514 car 0.6767828464508057
427 19.3880 0.0236 car 0.7473849058151245
427 14.0616 -0.4132 car 0.7251445949077606
427 20.8794 -0.6514 car 0.6489613056182861
428 19.3880 0.0236 car 0.7382031977176666
428 14.0616 -0.4132 car 0.7189412415027618
428 20.8794 -0.6514 car 0.6107827126979828
429 19.3880 0.0079 car 0.7173587083816528
429 14.0616 -0.4305 car 0.7142429351806641
429 20.6663 -0.6317 car 0.5571499764919281
430 13.8486 -0.4132 car 0.70506152510643
430 19.1749 0.0079 car 0.6841362118721008
430 20.6663 -0.6317 car 0.48572297394275665
431 13.8486 -0.4132 car 0.6964477896690369
431 18.9619 -0.0236 car 0.6574442684650421
431 20.6663 -0.6317 car 0.41304975748062134
432 18.5358 -0.1025 car 0.7181185483932495
432 13.6355 -0.5010 car 0.6653483808040619
433 18.3227 -0.1025 car 0.7394933998584747
433 13.6355 -0.5010 car 0.6663055419921875
434 18.3227 -0.1184 car 0.7535369098186493
434 13.4225 -0.5191 car 0.6618686318397522
435 18.1097 -0.1343 car 0.7589081525802612
435 13.4225 -0.5191 car 0.6581074893474579
436 18.1097 -0.1502 car 0.7555239796638489
436 13.4225 -0.5191 car 0.6507621705532074
437 18.1097 -0.1502 car 0.7492591440677643
437 13.2094 -0.5373 car 0.6448525190353394
438 17.8966 -0.1502 car 0.7434490025043488
438 13.2094 -0.5373 car 0.6392557322978973
439 17.8966 -0.1661 car 0.7347455322742462
439 12.9963 -0.5557 car 0.63384810090065
440 17.4705 -0.2304 car 0.7563057541847229
440 12.9963 -0.6124 car 0.6860089898109436
441 17.4705 -0.2304 car 0.7659851610660553
441 12.7833 -0.6514 car 0.6902620494365692
442 17.2574 -0.2629 car 0.7662217617034912
442 12.7833 -0.6514 car 0.6788494884967804
443 17.2574 -0.2629 car 0.7585897445678711
443 12.7833 -0.6514 car 0.6603966951370239
444 17.2574 -0.2629 car 0.7330885231494904
444 12.7833 -0.6514 car 0.6378748416900635
445 17.0444 -0.2792 car 0.7101918458938599
445 12.7833 -0.6317 car 0.6052007079124451
446 16.8313 -0.2792 car 0.6798581182956696
446 12.7833 -0.6317 car 0.5572455078363419
447 16.8313 -0.2792 car 0.6544402837753296
447 12.7833 -0.6317 car 0.5108457505702972
448 16.1922 -0.3791 car 0.6939968168735504
448 22.3708 0.3961 car 0.4696122407913208
448 23.8621 -0.0394 car 0.46953170001506805
449 16.1922 -0.3961 car 0.7035369873046875
449 23.6491 -0.0394 car 0.5376530736684799
449 22.5838 0.3961 car 0.5218841582536697
450 15.9791 -0.4132 car 0.7057938873767853
450 23.4360 -0.0394 car 0.6030409038066864
450 22.7969 0.3961 car 0.5625198185443878
451 15.9791 -0.4305 car 0.7050170004367828
451 23.2230 -0.0394 car 0.6456092894077301
451 22.7969 0.3961 car 0.5933641195297241
452 15.9791 -0.4305 car 0.6970486044883728
452 23.0099 -0.0709 car 0.6416623592376709
452 22.7969 0.3622 car 0.5999374687671661
453 15.7661 -0.4305 car 0.6888843774795532
453 22.7969 -0.0709 car 0.6304638087749481
453 22.7969 0.3622 car 0.6161300241947174
454 15.7661 -0.4305 car 0.6819401681423187
454 22.7969 0.3622 car 0.6227608025074005
454 22.7969 -0.0709 car 0.6075510084629059
455 15.7661 -0.4305 car 0.670358419418335
455 23.0099 0.3622 car 0.6199601888656616
455 22.3708 -0.0867 car 0.581679493188858
456 23.0099 0.3287 car 0.6697771549224854
456 21.7316 -0.1025 car 0.5472332537174225
456 15.5530 -0.4831 car 0.542499303817749
457 23.0099 0.3287 car 0.6779637634754181
457 21.5185 -0.1184 car 0.5721319317817688
457 15.3400 -0.5010 car 0.5295416414737701
458 23.2230 0.3287 car 0.6853336691856384
458 21.0924 -0.1661 car 0.6048073768615723
458 15.3400 -0.5010 car 0.5057184100151062
459 23.2230 0.3287 car 0.6871187388896942
459 20.8794 -0.1661 car 0.6341995000839233
459 15.3400 -0.5010 car 0.4706975817680359
460 23.4360 0.3121 car 0.6968770623207092
460 20.6663 -0.1661 car 0.6402051150798798
460 15.3400 -0.5010 car 0.4419579654932022
461 23.4360 0.2956 car 0.7129117548465729
461 20.4533 -0.1661 car 0.6392936110496521
461 15.3400 -0.5010 car 0.4119982570409775
462 23.4360 0.2956 car 0.7228438556194305
462 20.2402 -0.1661 car 0.627064973115921
463 23.6491 0.2956 car 0.7267120182514191
463 20.0272 -0.1981 car 0.6129690706729889
464 23.6491 0.2629 car 0.8268820941448212
464 19.6010 -0.2304 car 0.6540068089962006
465 23.8621 0.2629 car 0.8347921669483185
465 19.3880 -0.2304 car 0.6347728967666626
466 23.8621 0.2629 car 0.8392067849636078
466 18.9619 -0.2466 car 0.6139393448829651
467 23.8621 0.2629 car 0.8432562351226807
467 18.7488 -0.2792 car 0.5995587706565857
468 23.8621 0.2629 car 0.846632570028305
468 18.3227 -0.2956 car 0.5866279006004333
469 23.8621 0.2629 car 0.8484849631786346
469 18.1097 -0.2956 car 0.5748200118541718
470 24.0752 0.2466 car 0.8542997241020203
470 17.6836 -0.3287 car 0.567634254693985
471 24.0752 0.2466 car 0.8540473282337189
471 17.4705 -0.3622 car 0.5745494067668915
472 24.0752 0.1981 car 0.8419601917266846
472 16.8313 -0.3961 car 0.5749012529850006
473 24.2883 0.1821 car 0.83657306432724
473 16.6183 -0.4305 car 0.6029635071754456
474 24.2883 0.1821 car 0.8267362415790558
474 16.4052 -0.4305 car 0.6353560984134674
475 24.2883 0.1821 car 0.8147389888763428
475 16.1922 -0.4479 car 0.6518773138523102
476 24.2883 0.1821 car 0.8062440156936646
476 15.9791 -0.4831 car 0.6514319479465485
477 24.2883 0.1821 car 0.7947048246860504
477 15.7661 -0.4831 car 0.6551006734371185
478 24.2883 0.1821 car 0.7775085866451263
478 15.5530 -0.5010 car 0.6537383496761322
479 24.2883 0.1821 car 0.7582600116729736
479 15.5530 -0.5010 car 0.6463510096073151
480 14.9138 -0.5373 car 0.7304075956344604
480 24.2883 0.1502 car 0.6967760622501373
481 14.9138 -0.5373 car 0.7318262159824371
481 24.2883 0.1502 car 0.6734051704406738
482 14.7008 -0.5557 car 0.7207052409648895
482 24.2883 0.1343 car 0.6398950517177582
483 14.4877 -0.5744 car 0.7014847993850708
483 24.0752 0.1502 car 0.6032329201698303
484 14.2747 -0.5744 car 0.6705314517021179
484 24.0752 0.1502 car 0.5777202546596527
485 14.2747 -0.5744 car 0.627970278263092
485 24.0752 0.1502 car 0.5481749475002289
486 14.0616 -0.5744 car 0.5835820138454437
486 24.0752 0.1502 car 0.5130993872880936
487 13.8486 -0.5744 car 0.5466307699680328
487 23.6491 0.1981 car 0.4925304353237152
488 24.5013 0.0551 car 0.5535707175731659
489 24.2883 0.0551 car 0.5447121262550354
490 24.5013 0.0394 car 0.5266813933849335
490 15.3400 0.4132 car 0.4224613606929779
491 24.5013 0.0394 car 0.5064443647861481
491 15.1269 0.4305 car 0.4462190866470337
492 24.5013 0.0394 car 0.49052008986473083
492 15.1269 0.4305 car 0.4500274658203125
493 24.5013 0.0551 car 0.4839358627796173
493 15.1269 0.4305 car 0.45466428995132446
494 24.5013 0.0394 car 0.4654592275619507
494 15.1269 0.4305 car 0.44355323910713196
495 24.5013 0.0394 car 0.45545315742492676
495 15.1269 0.4305 car 0.4358273148536682
496 14.7008 0.4305 car 0.5178868919610977
496 24.7144 0.0236 car 0.4925871342420578
497 14.7008 0.4305 car 0.5335827320814133
497 24.7144 0.0236 car 0.48980434238910675
498 14.4877 0.4305 car 0.5434983670711517
498 24.7144 0.0079 car 0.4790007919073105
499 14.2747 0.4305 car 0.5510485917329788
499 24.7144 0.0079 car 0.46526505053043365
500 14.2747 0.4305 car 0.5405164211988449
500 24.7144 0.0079 car 0.44854937493801117
501 14.2747 0.4305 car 0.5208496004343033
501 24.7144 0.0079 car 0.44407519698143005
502 14.0616 0.4132 car 0.49213746190071106
502 24.7144 0.0079 car 0.42434054613113403
503 13.8486 0.4132 car 0.4698302149772644
503 19.8141 0.2466 car 0.4176451414823532
503 24.7144 0.0079 car 0.41327255964279175
504 20.0272 0.2792 car 0.5709181725978851
504 24.7144 -0.0079 car 0.4742136746644974
505 19.8141 0.2792 car 0.5952993631362915
505 24.7144 -0.0236 car 0.47337476909160614
506 19.8141 0.2792 car 0.6138192713260651
506 24.7144 -0.0236 car 0.4650831073522568
507 19.6010 0.2629 car 0.6301419734954834
507 24.7144 -0.0236 car 0.4490768164396286
508 19.6010 0.2629 car 0.6340171694755554
508 24.7144 -0.0236 car 0.42724835872650146
509 19.3880 0.2629 car 0.6438503563404083
509 24.7144 -0.0236 car 0.4093150496482849
510 19.3880 0.2629 car 0.6468839645385742
511 19.3880 0.2629 car 0.6438176333904266
512 18.9619 0.2792 car 0.6693026125431061
513 18.9619 0.2792 car 0.6669882535934448
514 18.9619 0.2792 car 0.6553374230861664
515 18.7488 0.2792 car 0.6434464752674103
516 18.5358 0.2792 car 0.6309311985969543
517 18.3227 0.2956 car 0.6171382665634155
518 18.1097 0.2956 car 0.6055486500263214
519 18.1097 0.2956 car 0.5955818593502045
520 17.6836 0.2956 car 0.5918297469615936
520 24.7144 -0.0236 car 0.4155584126710892
521 17.2574 0.3287 car 0.6069106161594391
521 24.7144 -0.0236 car 0.43470609188079834
522 17.2574 0.3287 car 0.6190012395381927
522 24.7144 -0.0236 car 0.44488777220249176
523 17.2574 0.3287 car 0.6250277757644653
523 24.7144 -0.0236 car 0.44421616196632385
524 17.2574 0.3287 car 0.6211782693862915
524 24.7144 -0.0394 car 0.43567274510860443
525 17.0444 0.3287 car 0.6183205842971802
525 24.5013 -0.0394 car 0.42865319550037384
526 16.8313 0.3287 car 0.6106420755386353
526 24.5013 -0.0394 car 0.4139794111251831
527 16.8313 0.3287 car 0.6039412617683411
527 24.5013 -0.0394 car 0.4100695922970772
528 16.4052 0.3454 car 0.7009906470775604
528 24.5013 -0.0236 car 0.6240449249744415
529 16.1922 0.3454 car 0.7123405039310455
529 24.5013 -0.0236 car 0.6344651281833649
530 15.9791 0.3622 car 0.721493124961853
530 24.5013 -0.0236 car 0.6376265287399292
531 15.9791 0.3622 car 0.7300768494606018
531 24.5013 -0.0236 car 0.6344722807407379
532 15.9791 0.3622 car 0.7319266498088837
532 24.5013 -0.0236 car 0.6258170902729034
533 15.9791 0.3622 car 0.7297359704971313
533 24.5013 -0.0236 car 0.619585782289505
534 15.7661 0.3622 car 0.7192404866218567
534 24.5013 -0.0236 car 0.6024646759033203
535 15.7661 0.3622 car 0.7121519148349762
535 24.5013 -0.0236 car 0.5951764136552811
536 24.5013 -0.0079 car 0.7103800177574158
536 15.5530 0.3961 car 0.6798625588417053
537 24.5013 0.0079 car 0.7242461740970612
537 15.3400 0.3961 car 0.6791599690914154
538 24.5013 0.0079 car 0.7372740507125854
538 15.3400 0.3961 car 0.6782393753528595
539 24.5013 0.0079 car 0.7477280497550964
539 15.1269 0.4132 car 0.6723083257675171
540 24.2883 0.0236 car 0.7495956420898438
540 15.1269 0.4132 car 0.6598151624202728
541 24.2883 0.0236 car 0.7553037106990814
541 14.9138 0.4305 car 0.64030721783638
542 24.2883 0.0236 car 0.750118613243103
542 14.7008 0.4305 car 0.6233304738998413
543 24.2883 0.0236 car 0.7386266887187958
543 14.7008 0.4305 car 0.6074427366256714
544 24.0752 0.0236 car 0.7650942206382751
545 24.0752 0.0079 car 0.7601763010025024
546 24.0752 0.0079 car 0.7468721866607666
547 24.0752 -0.0079 car 0.7318235039710999
548 24.0752 -0.0079 car 0.7195858061313629
549 24.0752 -0.0079 car 0.7054658830165863
550 23.8621 -0.0079 car 0.6845118701457977
551 23.8621 0.0079 car 0.6698407530784607
552 23.8621 -0.0236 car 0.7808685600757599
552 16.6183 0.2956 car 0.4976300895214081
553 23.8621 -0.0236 car 0.787784993648529
553 16.4052 0.2956 car 0.5292641818523407
554 23.8621 -0.0394 car 0.7896124124526978
554 16.4052 0.2956 car 0.5463027954101562
555 23.8621 -0.0394 car 0.7874877750873566
555 16.4052 0.3121 car 0.5448058992624283
556 23.8621 -0.0394 car 0.7818001210689545
556 16.4052 0.2956 car 0.5235389024019241
557 23.8621 -0.0236 car 0.7689264714717865
557 16.1922 0.2956 car 0.5083805322647095
558 23.8621 -0.0236 car 0.7455521523952484
558 16.1922 0.2956 car 0.47340813279151917
559 23.8621 -0.0236 car 0.7233208417892456
559 16.1922 0.2956 car 0.43288764357566833
560 23.6491 -0.0236 car 0.7787766456604004
561 23.6491 -0.0236 car 0.7777011692523956
562 23.4360 -0.0236 car 0.7715473473072052
563 23.4360 -0.0236 car 0.7633222043514252
564 23.4360 -0.0236 car 0.751541256904602
565 23.4360 -0.0236 car 0.732671707868576
566 23.4360 -0.0236 car 0.7020368278026581
567 23.4360 -0.0236 car 0.6699631810188293
568 23.0099 -0.0079 car 0.691995769739151
569 23.0099 -0.0079 car 0.697733074426651
570 23.0099 -0.0079 car 0.6940880715847015
570 19.1749 0.1502 car 0.44990377128124237
571 23.0099 -0.0079 car 0.6823318004608154
572 22.7969 -0.0079 car 0.6713627874851227
573 22.7969 -0.0079 car 0.6581312716007233
574 22.7969 -0.0079 car 0.6385772824287415
575 22.7969 -0.0079 car 0.6171468496322632
576 22.5838 -0.0079 car 0.7137701213359833
577 22.5838 -0.0079 car 0.7247050702571869
578 22.5838 -0.0079 car 0.7284803986549377
579 22.3708 -0.0079 car 0.7248644232749939
580 22.3708 -0.0079 car 0.7200725078582764
581 22.3708 -0.0079 car 0.7063838541507721
581 17.2574 0.1661 car 0.5959157049655914
582 22.1577 0.0079 car 0.6837752163410187
583 22.1577 0.0236 car 0.6617935001850128
584 21.7316 0.0236 car 0.7401548326015472
585 21.7316 0.0236 car 0.7529222965240479
586 21.7316 0.0236 car 0.7523946464061737
586 16.1922 0.1502 car 0.5762540400028229
587 21.5185 0.0236 car 0.7527002394199371
587 16.1922 0.1502 car 0.5843241810798645
588 21.3055 0.0236 car 0.7425118982791901
588 16.1922 0.2142 car 0.5581138134002686
589 21.3055 0.0236 car 0.7345600128173828
589 15.9791 0.1502 car 0.5624869465827942
590 21.3055 0.0079 car 0.7151377201080322
590 15.9791 0.1502 car 0.5448241233825684
591 21.0924 0.0079 car 0.6997032463550568
591 15.7661 0.2142 car 0.5355025976896286
592 20.8794 0.0079 car 0.8071448504924774
592 15.3400 0.2142 car 0.553989440202713
593 20.8794 0.0236 car 0.8137378990650177
593 15.1269 0.1981 car 0.5810954570770264
594 20.8794 0.0236 car 0.809994250535965
594 15.1269 0.1981 car 0.6037983894348145
594 12.9963 0.4831 pedestrian 0.4313710629940033
595 20.6663 0.0079 car 0.8054008781909943
595 14.9138 0.2142 car 0.6131226122379303
595 12.7833 0.4831 pedestrian 0.45813921093940735
596 20.6663 0.0079 car 0.8003548979759216
596 14.9138 0.2142 car 0.6009677052497864
596 12.7833 0.4831 pedestrian 0.44952140748500824
597 20.6663 0.0079 car 0.7862227857112885
597 14.9138 0.2142 car 0.5826491117477417
597 12.7833 0.4831 pedestrian 0.409983366727829
598 20.4533 0.0079 car 0.7665277123451233
598 14.7008 0.1981 car 0.5543661117553711
599 20.4533 0.0079 car 0.7492053210735321
599 14.4877 0.2142 car 0.5283492803573608
600 20.0272 0.0236 car 0.7736415565013885
600 14.0616 0.2304 car 0.5083093643188477
601 20.0272 0.0236 car 0.7906031608581543
601 14.0616 0.2304 car 0.5257727354764938
602 19.8141 0.0079 car 0.8077386319637299
602 13.8486 0.2304 car 0.5411787927150726
603 19.8141 0.0079 car 0.8197338283061981
603 13.6355 0.2304 car 0.5476909279823303
604 19.6010 -0.0079 car 0.8229656219482422
604 13.6355 0.2304 car 0.5366031527519226
605 19.6010 0.0079 car 0.8243245780467987
605 13.6355 0.2304 car 0.5228212773799896
606 19.6010 0.0079 car 0.8193905353546143
606 13.4225 0.2304 car 0.4993661195039749
607 19.3880 0.0079 car 0.815132200717926
607 13.4225 0.2304 car 0.4843210279941559
608 19.1749 0.0236 car 0.802933394908905
608 12.9963 0.2304 car 0.6141403913497925
609 19.1749 0.0236 car 0.8109411001205444
609 12.9963 0.2304 car 0.6333560049533844
610 18.9619 0.0236 car 0.8143847286701202
610 12.7833 0.2304 car 0.6431533992290497
611 18.9619 0.0079 car 0.8182662129402161
611 12.7833 0.2304 car 0.6419133543968201
612 18.9619 0.0079 car 0.8127800524234772
612 12.7833 0.2304 car 0.6228060722351074
613 18.7488 0.0079 car 0.8008206188678741
613 12.5702 0.2304 car 0.5932630300521851
614 18.7488 0.0079 car 0.7884214222431183
614 12.5702 0.2304 car 0.5542096793651581
615 18.5358 0.0079 car 0.7711968123912811
615 12.3572 0.2304 car 0.5150143504142761
616 18.1097 0.0236 car 0.7824823260307312
616 11.9311 0.2304 car 0.4402568191289902
617 18.1097 0.0236 car 0.7890707850456238
617 11.7180 0.2304 car 0.45243266224861145
618 17.8966 0.0236 car 0.7961114346981049
618 11.5050 0.2304 car 0.4619816690683365
619 17.8966 -0.0079 car 0.7992885708808899
619 11.5050 0.2304 car 0.4637068212032318
620 17.8966 0.0079 car 0.7930537462234497
620 11.2919 0.2304 car 0.4562700241804123
621 17.6836 0.0079 car 0.789376825094223
621 11.2919 0.2304 car 0.4497523009777069
622 17.6836 0.0079 car 0.779670000076294
622 11.0789 0.2304 car 0.43653149902820587
623 17.6836 0.0079 car 0.7655487358570099
623 10.8658 0.2304 car 0.42430834472179413
624 17.2574 -0.0079 car 0.7812018394470215
624 10.2266 0.2792 car 0.5366156101226807
625 17.0444 -0.0079 car 0.7869198024272919
625 10.2266 0.2792 car 0.5723957717418671
626 17.0444 -0.0079 car 0.7900220453739166
626 10.2266 0.2792 car 0.5939207673072815
627 17.0444 -0.0079 car 0.7856778800487518
627 10.0136 0.2792 car 0.6014650166034698
628 16.8313 -0.0079 car 0.7767186164855957
628 10.0136 0.2792 car 0.5985680520534515
629 16.8313 -0.0079 car 0.7657032012939453
629 10.0136 0.2792 car 0.5894675552845001
630 16.6183 -0.0079 car 0.7483090758323669
630 9.8005 0.2792 car 0.5714958608150482
631 16.6183 -0.0079 car 0.7379236817359924
631 9.8005 0.2792 car 0.5506237596273422
632 16.1922 -0.0079 car 0.7784904539585114
632 9.3744 0.2792 car 0.5500685572624207
633 16.1922 -0.0079 car 0.791668027639389
633 9.3744 0.2792 car 0.5700951963663101
634 15.9791 -0.0079 car 0.7995784878730774
634 9.3744 0.2792 car 0.5819664299488068
635 15.9791 -0.0079 car 0.8060760498046875
635 9.1614 0.2956 car 0.5853572189807892
636 15.9791 -0.0079 car 0.8039562702178955
636 9.1614 0.2956 car 0.5725470781326294
637 15.7661 -0.0079 car 0.7938632071018219
637 8.9483 0.2956 car 0.5523692071437836
638 15.7661 -0.0079 car 0.7810486853122711
638 8.9483 0.2956 car 0.5358385145664215
639 15.5530 0.0079 car 0.7663701474666595
639 8.7352 0.3287 car 0.5193570852279663
640 15.3400 0.0079 car 0.7564113140106201
641 15.1269 -0.0079 car 0.7609212100505829
642 14.9138 -0.0079 car 0.763250470161438
643 14.9138 -0.0079 car 0.760770320892334
643 8.0961 0.3622 car 0.40496113896369934
644 14.7008 -0.0079 car 0.7557345628738403
645 14.7008 -0.0236 car 0.7458839118480682
645 7.8830 0.3622 car 0.4008842185139656
646 14.4877 -0.0236 car 0.7312561273574829
647 14.4877 -0.0236 car 0.7225404381752014
648 14.0616 -0.0236 car 0.7692510783672333
649 14.0616 -0.0079 car 0.781080961227417
650 14.0616 -0.0079 car 0.7845349013805389
651 13.8486 -0.0236 car 0.7857114374637604
652 13.8486 -0.0236 car 0.7829391360282898
652 7.0308 0.5744 cyclist 0.40986403822898865
653 13.8486 -0.0236 car 0.7695472240447998
653 7.0308 0.5744 cyclist 0.4419454485177994
654 13.8486 -0.0236 car 0.745370090007782
654 6.8178 0.5744 cyclist 0.4363013356924057
655 13.6355 -0.0236 car 0.7253323197364807
655 6.8178 0.5744 cyclist 0.4222008138895035
656 12.9963 -0.0079 car 0.7601201832294464
656 6.6047 0.5557 cyclist 0.6277654767036438
657 12.9963 -0.0079 car 0.7763040065765381
657 6.3916 0.5557 cyclist 0.6604604423046112
658 12.7833 -0.0079 car 0.7908723056316376
658 6.3916 0.5373 cyclist 0.6780433058738708
659 12.7833 -0.0079 car 0.8001454174518585
659 6.1786 0.5557 cyclist 0.6873761117458344
660 12.7833 -0.0079 car 0.7974303662776947
660 6.1786 0.5557 cyclist 0.6807214915752411
661 12.5702 -0.0236 car 0.7905864417552948
661 6.1786 0.5557 cyclist 0.6710921823978424
662 12.5702 -0.0236 car 0.7806593179702759
662 6.1786 0.5557 cyclist 0.6366040706634521
663 12.5702 -0.0236 car 0.7659777402877808
663 6.1786 0.5557 cyclist 0.5932825356721878
664 12.1441 -0.0236 car 0.7868994474411011
664 5.7525 0.5744 cyclist 0.40963849052786827
665 12.1441 -0.0079 car 0.7937166094779968
666 12.1441 -0.0079 car 0.794078528881073
667 11.9311 -0.0079 car 0.793000191450119
668 11.9311 -0.0079 car 0.7852224707603455
669 11.7180 -0.0236 car 0.767619252204895
670 11.7180 -0.0236 car 0.7536514401435852
671 11.7180 -0.0236 car 0.7352433502674103
672 11.2919 -0.0236 car 0.7771351635456085
673 11.2919 -0.0236 car 0.7796412706375122
674 11.0789 -0.0236 car 0.7800229489803314
675 11.0789 -0.0236 car 0.7777216136455536
676 10.8658 -0.0236 car 0.7695082724094391
677 10.8658 -0.0236 car 0.7615881860256195
678 10.8658 -0.0236 car 0.7443957328796387
679 10.6527 -0.0236 car 0.7292249798774719
680 10.2266 -0.0236 car 0.7516987919807434
681 10.2266 -0.0236 car 0.7570495903491974
681 15.7661 0.2304 car 0.4206742197275162
681 24.5013 0.2304 car 0.4116385281085968
682 10.0136 -0.0236 car 0.7512675225734711
682 15.7661 0.2304 car 0.492116779088974
682 24.5013 0.2304 car 0.4169592261314392
683 10.0136 -0.0236 car 0.7462298274040222
683 15.7661 0.2304 car 0.5320236533880234
683 24.2883 0.2304 car 0.4137629270553589
684 9.8005 -0.0079 car 0.7396568357944489
684 15.5530 0.2304 car 0.5478526949882507
684 24.2883 0.2304 car 0.4006932005286217
685 9.8005 -0.0236 car 0.7388481497764587
685 15.5530 0.2304 car 0.5772557556629181
686 9.8005 -0.0236 car 0.7325194180011749
686 15.5530 0.2304 car 0.5855534821748734
687 9.8005 -0.0236 car 0.7229277193546295
687 15.3400 0.2304 car 0.5836031287908554
688 9.5875 -0.0079 car 0.7737938165664673
688 15.1269 0.2466 car 0.7216792404651642
688 24.0752 0.2304 car 0.4908192455768585
689 9.5875 -0.0079 car 0.7764417827129364
689 15.1269 0.2466 car 0.7360464632511139
689 23.8621 0.2304 car 0.5002357810735703
690 9.3744 -0.0079 car 0.7782627642154694
690 15.1269 0.2466 car 0.7435496747493744
690 23.8621 0.2304 car 0.5080348700284958
691 9.3744 -0.0079 car 0.7802962362766266
691 14.9138 0.2466 car 0.7452711462974548
691 23.6491 0.2304 car 0.5090328305959702
692 9.3744 -0.0079 car 0.7768822014331818
692 14.9138 0.2466 car 0.7439574599266052
692 23.6491 0.2304 car 0.4932628273963928
693 9.1614 -0.0079 car 0.7718584537506104
693 14.9138 0.2629 car 0.7380273640155792
693 23.6491 0.2304 car 0.47054220736026764
694 9.1614 -0.0079 car 0.7703533470630646
694 14.7008 0.2466 car 0.7301546037197113
694 23.6491 0.2304 car 0.4385496526956558
695 9.1614 -0.0079 car 0.7630136609077454
695 14.7008 0.2466 car 0.7235048115253448
695 23.6491 0.2304 car 0.4177500158548355
696 8.9483 -0.0079 car 0.7935952842235565
696 14.4877 0.2466 car 0.7454033493995667
696 23.2230 0.2466 car 0.6149716675281525
697 8.7352 -0.0079 car 0.795208603143692
697 14.2747 0.2466 car 0.7588590085506439
697 23.2230 0.2466 car 0.6113685071468353
698 8.7352 -0.0079 car 0.7943967580795288
698 14.2747 0.2466 car 0.7647062540054321
698 23.2230 0.2466 car 0.6042969524860382
699 8.5222 0.0079 car 0.7929741442203522
699 14.2747 0.2629 car 0.7652069628238678
699 23.2230 0.2466 car 0.5861163139343262
700 8.5222 0.0079 car 0.7932640016078949
700 14.2747 0.2629 car 0.7625443935394287
700 23.2230 0.2466 car 0.5669553577899933
701 8.5222 0.0079 car 0.7932184338569641
701 14.0616 0.2466 car 0.7575872838497162
701 23.2230 0.2466 car 0.5352695882320404
702 8.5222 -0.0079 car 0.7887828946113586
702 14.0616 0.2466 car 0.7472646534442902
702 23.2230 0.2466 car 0.489016130566597
703 8.3091 0.0079 car 0.7881112992763519
703 13.8486 0.2466 car 0.7317018210887909
703 23.2230 0.2466 car 0.4393187612295151
704 8.0961 0.0079 car 0.8114573061466217
704 13.4225 0.2629 car 0.7512835562229156
704 22.7969 0.2466 car 0.43053171038627625
705 7.8830 0.0079 car 0.8196797966957092
705 13.4225 0.2629 car 0.7741421163082123
705 22.7969 0.2466 car 0.40475162863731384
706 7.8830 0.0079 car 0.8229535520076752
706 13.4225 0.2629 car 0.7878757417201996
707 7.8830 0.0079 car 0.8240754902362823
707 13.4225 0.2629 car 0.7911412715911865
708 7.8830 0.0079 car 0.8223731219768524
708 13.2094 0.2629 car 0.7879624962806702
709 7.6700 -0.0079 car 0.8259090185165405
709 13.2094 0.2629 car 0.7834836542606354
710 7.6700 -0.0079 car 0.8266595602035522
710 13.2094 0.2629 car 0.7713428139686584
711 7.6700 -0.0079 car 0.8240801095962524
711 13.2094 0.2629 car 0.7547377645969391
712 7.2439 -0.0079 car 0.8628513813018799
712 12.9963 0.2792 car 0.7088638246059418
713 7.2439 -0.0079 car 0.8702825903892517
713 12.9963 0.2792 car 0.7263478338718414
714 7.2439 -0.0079 car 0.8694246411323547
714 12.9963 0.2792 car 0.7365282773971558
715 7.2439 -0.0079 car 0.8682119250297546
715 12.9963 0.2792 car 0.7410414218902588
716 7.2439 -0.0079 car 0.8665733337402344
716 12.9963 0.2792 car 0.7378454804420471
717 7.2439 -0.0079 car 0.8625653982162476
717 12.7833 0.2792 car 0.7354896366596222
718 7.2439 -0.0079 car 0.85578453540802
718 12.7833 0.2792 car 0.7205810248851776
719 7.2439 -0.0079 car 0.847375214099884
719 12.7833 0.2792 car 0.7009541094303131
720 7.0308 -0.0079 car 0.8777796030044556
720 12.3572 0.2792 car 0.6389800906181335
721 6.8178 -0.0079 car 0.8824743330478668
721 12.3572 0.2792 car 0.6632574796676636
722 6.8178 -0.0079 car 0.8840905725955963
722 12.3572 0.2792 car 0.673202246427536
723 6.8178 -0.0079 car 0.8846797347068787
723 12.3572 0.2792 car 0.6713092625141144
724 6.8178 -0.0079 car 0.8837786316871643
724 12.3572 0.2792 car 0.6621502339839935
725 6.8178 -0.0079 car 0.8788925409317017
725 12.3572 0.2792 car 0.650696873664856
726 6.8178 -0.0079 car 0.8721235394477844
726 12.3572 0.2629 car 0.626001238822937
727 6.8178 -0.0079 car 0.8634687662124634
727 12.1441 0.2629 car 0.5966743230819702
728 6.6047 -0.0079 car 0.8866665959358215
728 12.1441 0.2792 car 0.724919468164444
728 17.8966 0.5010 pedestrian 0.5050010532140732
729 6.6047 -0.0079 car 0.8938157856464386
729 12.1441 0.2792 car 0.7359944581985474
729 17.8966 0.5010 pedestrian 0.5421908646821976
730 6.6047 -0.0079 car 0.8945530652999878
730 12.1441 0.2792 car 0.738389790058136
730 17.8966 0.5010 pedestrian 0.5662531852722168
731 6.6047 -0.0079 car 0.8971304893493652
731 12.1441 0.2792 car 0.7366540431976318
731 17.8966 0.5010 pedestrian 0.5780944228172302
732 6.6047 -0.0079 car 0.8986480534076691
732 11.9311 0.2792 car 0.7312630414962769
732 17.8966 0.5010 pedestrian 0.5669220089912415
733 6.6047 -0.0236 car 0.8984205722808838
733 11.9311 0.2792 car 0.727136492729187
733 17.8966 0.5010 pedestrian 0.5602011978626251
734 6.6047 -0.0236 car 0.8970786333084106
734 11.9311 0.2792 car 0.7139434814453125
734 17.8966 0.5010 pedestrian 0.544852077960968
735 6.6047 -0.0394 car 0.8929877877235413
735 11.9311 0.2629 car 0.6976493000984192
735 17.8966 0.5010 pedestrian 0.5309076905250549
736 6.3916 -0.0394 car 0.9016968905925751
736 11.7180 0.2792 car 0.726110190153122
736 17.6836 0.5191 pedestrian 0.6840812861919403
736 23.0099 0.3622 pedestrian 0.4807221591472626
737 6.3916 -0.0394 car 0.9083869457244873
737 11.7180 0.2792 car 0.7427830696105957
737 17.6836 0.5191 pedestrian 0.7039103209972382
737 23.0099 0.3622 pedestrian 0.5306911170482635
738 6.3916 -0.0394 car 0.9085464179515839
738 11.7180 0.2792 car 0.749913364648819
738 17.6836 0.5191 pedestrian 0.7142751812934875
738 22.7969 0.3622 pedestrian 0.5477022379636765
739 6.3916 -0.0394 car 0.9097557067871094
739 11.7180 0.2792 car 0.7482163608074188
739 17.6836 0.5010 pedestrian 0.7242626547813416
739 22.7969 0.3622 pedestrian 0.5450552552938461
740 6.3916 -0.0394 car 0.9107226133346558
740 11.7180 0.2792 car 0.7386199831962585
740 17.6836 0.5010 pedestrian 0.7213217318058014
740 22.7969 0.3622 pedestrian 0.5391182005405426
741 6.3916 -0.0394 car 0.9096251130104065
741 11.7180 0.2792 car 0.7258294224739075
741 17.6836 0.5010 pedestrian 0.719731479883194
741 22.7969 0.3622 pedestrian 0.5148028135299683
742 6.1786 -0.0236 car 0.9090963304042816
742 17.6836 0.5010 pedestrian 0.7087742984294891
742 11.7180 0.2792 car 0.701390266418457
742 22.7969 0.3622 pedestrian 0.4922332465648651
743 6.1786 -0.0394 car 0.9074187576770782
743 17.6836 0.4831 pedestrian 0.6946287751197815
743 11.7180 0.2792 car 0.6718079745769501
743 22.7969 0.3622 pedestrian 0.45125719904899597
744 6.1786 -0.0079 car 0.9103052616119385
744 17.4705 0.5010 pedestrian 0.718754231929779
744 22.7969 0.3622 pedestrian 0.6626545488834381
744 11.7180 0.2792 car 0.5068520158529282
745 6.1786 -0.0079 car 0.912444680929184
745 17.4705 0.5010 pedestrian 0.7409621477127075
745 22.7969 0.3622 pedestrian 0.6960309445858002
745 11.5050 0.2956 car 0.501135379076004
746 6.1786 0.0079 car 0.9083101749420166
746 17.4705 0.5010 pedestrian 0.7520271241664886
746 22.7969 0.3622 pedestrian 0.7121104896068573
746 11.5050 0.2792 car 0.4916043281555176
746 11.7180 0.3791 pedestrian 0.40272125601768494
747 6.1786 0.0079 car 0.906938225030899
747 17.4705 0.5010 pedestrian 0.7573483884334564
747 22.7969 0.3622 pedestrian 0.712291419506073
747 11.5050 0.2792 car 0.473629355430603
747 11.7180 0.3791 pedestrian 0.410979300737381
748 6.1786 0.0079 car 0.9057589471340179
748 17.4705 0.5010 pedestrian 0.7463290393352509
748 22.7969 0.3622 pedestrian 0.7066570818424225
748 11.5050 0.2792 car 0.4517190530896187
748 11.7180 0.3791 pedestrian 0.4045870453119278
749 6.1786 0.0079 car 0.902986466884613
749 17.4705 0.5010 pedestrian 0.7321866154670715
749 22.7969 0.3622 pedestrian 0.7019423246383667
749 11.5050 0.2792 car 0.43673767149448395
749 11.7180 0.3622 pedestrian 0.4065360575914383
750 6.1786 0.0079 car 0.8981967270374298
750 17.4705 0.5010 pedestrian 0.7033690214157104
750 22.7969 0.3622 pedestrian 0.6830587983131409
750 11.5050 0.2629 car 0.4099394530057907
750 11.7180 0.3622 pedestrian 0.4043978154659271
751 6.1786 0.0079 car 0.8915160298347473
751 17.4705 0.5010 pedestrian 0.6663506925106049
751 22.5838 0.3622 pedestrian 0.6261622309684753
751 11.7180 0.3622 pedestrian 0.41138599812984467
752 5.9655 0.0079 car 0.8838440477848053
752 17.4705 0.5373 pedestrian 0.7611425518989563
752 11.5050 0.3622 pedestrian 0.6086123883724213
752 22.7969 0.3622 pedestrian 0.5059039294719696
753 5.9655 0.0236 car 0.8907772600650787
753 17.4705 0.5373 pedestrian 0.7862275838851929
753 11.5050 0.3622 pedestrian 0.675703763961792
753 22.5838 0.3622 pedestrian 0.5275814235210419
754 5.9655 0.0236 car 0.8910240232944489
754 17.4705 0.5373 pedestrian 0.7995052635669708
754 11.5050 0.3622 pedestrian 0.7073390781879425
754 22.5838 0.3622 pedestrian 0.5270912945270538
755 5.9655 0.0236 car 0.8893494606018066
755 17.4705 0.5373 pedestrian 0.8082966506481171
755 11.5050 0.3454 pedestrian 0.7267139256000519
755 22.5838 0.3622 pedestrian 0.512344628572464
756 5.9655 0.0079 car 0.8868566751480103
756 17.4705 0.5373 pedestrian 0.8021275997161865
756 11.5050 0.3622 pedestrian 0.7212039232254028
756 22.5838 0.3622 pedestrian 0.5144122838973999
757 5.9655 0.0079 car 0.882270485162735
757 17.4705 0.5373 pedestrian 0.7973386347293854
757 11.5050 0.3622 pedestrian 0.7099879384040833
757 22.5838 0.3622 pedestrian 0.5099707394838333
758 5.9655 0.0079 car 0.8760036528110504
758 17.4705 0.5373 pedestrian 0.7842085063457489
758 11.5050 0.3622 pedestrian 0.683684766292572
758 22.5838 0.3622 pedestrian 0.47949619591236115
759 6.1786 -0.0079 car 0.8686647117137909
759 17.4705 0.5373 pedestrian 0.7661032974720001
759 11.5050 0.3454 pedestrian 0.6569136083126068
759 22.5838 0.3622 pedestrian 0.40980249643325806
760 5.9655 0.0079 car 0.8739649653434753
760 17.4705 0.5373 pedestrian 0.7252455353736877
760 11.5050 0.3454 pedestrian 0.6791320145130157
760 22.5838 0.3454 pedestrian 0.43388107419013977
761 5.9655 -0.0079 car 0.8749955594539642
761 17.4705 0.5373 pedestrian 0.7496562898159027
761 11.5050 0.3287 pedestrian 0.7359697222709656
761 22.5838 0.3454 pedestrian 0.4687343090772629
762 5.9655 0.0236 car 0.8715327978134155
762 11.5050 0.3287 pedestrian 0.76629438996315
762 17.4705 0.5373 pedestrian 0.7574992179870605
762 22.5838 0.3454 pedestrian 0.4741944223642349
763 5.9655 0.0236 car 0.8690387308597565
763 11.5050 0.3287 pedestrian 0.7855912744998932
763 17.4705 0.5373 pedestrian 0.7588692605495453
763 22.5838 0.3454 pedestrian 0.4550323039293289
764 5.9655 0.0079 car 0.8708412945270538
764 11.5050 0.3287 pedestrian 0.7829526364803314
764 17.4705 0.5373 pedestrian 0.7428446412086487
764 22.5838 0.3454 pedestrian 0.4437652677297592
765 5.9655 0.0079 car 0.8724353313446045
765 11.5050 0.3287 pedestrian 0.7761391699314117
765 17.4705 0.5373 pedestrian 0.7254221141338348
765 22.5838 0.3454 pedestrian 0.43150196969509125
766 6.1786 0.0079 car 0.870489627122879
766 11.5050 0.3287 pedestrian 0.7533317804336548
766 17.4705 0.5373 pedestrian 0.6984723508358002
766 22.5838 0.3454 pedestrian 0.40628746151924133
767 6.1786 0.0079 car 0.8664704263210297
767 11.5050 0.3454 pedestrian 0.7258455157279968
767 17.4705 0.5373 pedestrian 0.6683395504951477
768 5.9655 0.0079 car 0.8927765190601349
768 11.5050 0.3454 pedestrian 0.547649621963501
768 17.2574 0.5191 pedestrian 0.4305282235145569
769 5.9655 0.0236 car 0.8955616652965546
769 11.5050 0.3454 pedestrian 0.5897656381130219
769 17.4705 0.5191 pedestrian 0.44617944955825806
770 5.9655 0.0236 car 0.8926561176776886
770 11.5050 0.3454 pedestrian 0.619142934679985
770 17.4705 0.5191 pedestrian 0.46557123959064484
771 5.9655 0.0236 car 0.8909184336662292
771 11.5050 0.3287 pedestrian 0.6391320675611496
771 17.4705 0.5191 pedestrian 0.4699682891368866
772 6.1786 0.0079 car 0.8914267420768738
772 11.5050 0.3287 pedestrian 0.6293002665042877
772 17.4705 0.5191 pedestrian 0.44934867322444916
773 6.1786 0.0079 car 0.8933000862598419
773 11.5050 0.3287 pedestrian 0.6177355200052261
773 17.4705 0.5010 pedestrian 0.44465358555316925
774 6.1786 0.0079 car 0.8927099406719208
774 11.5050 0.3287 pedestrian 0.5815044641494751
774 17.4705 0.5010 pedestrian 0.42180754244327545
775 6.1786 0.0079 car 0.8883036971092224
775 11.5050 0.3287 pedestrian 0.5436787754297256
775 17.4705 0.4831 pedestrian 0.4029744416475296
776 5.9655 0.0079 car 0.9060123562812805
776 17.4705 0.4831 pedestrian 0.42341843247413635
777 5.9655 0.0079 car 0.9077335298061371
777 17.4705 0.5010 pedestrian 0.4490654766559601
778 5.9655 0.0236 car 0.9048699736595154
778 17.4705 0.5010 pedestrian 0.4703155606985092
779 5.9655 -0.0079 car 0.9040879905223846
779 17.4705 0.5010 pedestrian 0.4764109402894974
780 6.1786 0.0079 car 0.9060357809066772
780 17.4705 0.5010 pedestrian 0.45955927670001984
781 6.1786 0.0079 car 0.9076099395751953
781 17.4705 0.5010 pedestrian 0.4427431970834732
782 6.1786 0.0079 car 0.9078009128570557
782 17.4705 0.4831 pedestrian 0.4104575514793396
783 6.1786 -0.0079 car 0.9060691595077515
784 5.9655 -0.0079 car 0.8906704783439636
785 5.9655 -0.0079 car 0.8939678370952606
786 5.9655 -0.0079 car 0.8885573744773865
787 6.1786 -0.0394 car 0.8855804800987244
788 6.1786 -0.0394 car 0.8866066038608551
789 6.1786 -0.0394 car 0.8854245841503143
790 6.1786 -0.0394 car 0.8847053050994873
791 6.1786 -0.0394 car 0.8821189999580383
792 6.1786 -0.0394 car 0.8774993121623993
793 6.1786 -0.0394 car 0.8788345158100128
794 6.1786 -0.0394 car 0.8733108639717102
795 6.1786 -0.0394 car 0.8720699548721313
796 6.1786 -0.0394 car 0.8744355738162994
797 6.1786 -0.0394 car 0.8756604492664337
798 6.1786 -0.0394 car 0.8778064846992493
799 6.1786 -0.0394 car 0.8778900802135468
800 6.1786 -0.0394 car 0.8836203217506409
801 6.1786 -0.0394 car 0.8893838226795197
802 6.1786 -0.0394 car 0.8881171345710754
803 6.1786 -0.0394 car 0.8894915282726288
804 6.1786 -0.0394 car 0.8908562064170837
805 6.1786 -0.0394 car 0.89139324426651
806 6.1786 -0.0394 car 0.8915891647338867
807 6.1786 -0.0394 car 0.8888078927993774
808 6.1786 -0.0394 car 0.8511506021022797
809 6.1786 -0.0394 car 0.8540911376476288
810 6.1786 -0.0394 car 0.8514739573001862
811 6.1786 -0.0394 car 0.8551676571369171
812 6.1786 -0.0394 car 0.8596405982971191
813 6.1786 -0.0394 car 0.860863596200943
814 6.1786 -0.0394 car 0.8634145259857178
815 6.1786 -0.0394 car 0.8634162247180939
816 6.1786 -0.0394 car 0.8293926119804382
817 6.1786 -0.0394 car 0.8346540927886963
818 6.1786 -0.0394 car 0.8331940174102783
819 6.1786 -0.0394 car 0.8369745314121246
820 6.1786 -0.0394 car 0.8396360278129578
821 6.1786 -0.0394 car 0.8424624800682068
822 6.1786 -0.0394 car 0.8475401699542999
823 6.1786 -0.0394 car 0.8502638041973114
824 6.1786 -0.0394 car 0.8446255326271057
825 6.1786 -0.0394 car 0.8470442891120911
826 6.1786 -0.0394 car 0.8485739231109619
827 6.1786 -0.0394 car 0.8483257293701172
828 6.1786 -0.0394 car 0.8411759734153748
829 6.1786 -0.0394 car 0.8445857167243958
830 6.1786 -0.0394 car 0.8420325517654419
831 6.1786 -0.0394 car 0.8345872163772583
