0 3.4089 0.3121 pedestrian 0.6995732188224792
1 3.4089 0.3121 pedestrian 0.7604640126228333
2 3.4089 0.3121 pedestrian 0.8124130964279175
3 3.4089 0.3121 pedestrian 0.8479166626930237
3 7.8830 -0.3287 pedestrian 0.4110484719276428
4 3.4089 0.3121 pedestrian 0.878703773021698
4 7.8830 -0.3454 pedestrian 0.4840717017650604
5 3.4089 0.2956 pedestrian 0.8975281715393066
5 7.8830 -0.3454 pedestrian 0.6053520441055298
6 3.4089 0.2956 pedestrian 0.9060859680175781
6 7.8830 -0.3622 pedestrian 0.6752589344978333
7 3.4089 0.2956 pedestrian 0.9121925234794617
7 7.8830 -0.3622 pedestrian 0.7256534099578857
8 3.4089 0.2792 pedestrian 0.8776432275772095
8 7.8830 -0.3791 pedestrian 0.8191224932670593
9 3.4089 0.2792 pedestrian 0.8961581289768219
9 7.8830 -0.3791 pedestrian 0.8537593185901642
10 3.4089 0.2792 pedestrian 0.9114214181900024
10 7.8830 -0.3791 pedestrian 0.8769374191761017
11 3.4089 0.2792 pedestrian 0.9217681884765625
11 7.8830 -0.3791 pedestrian 0.8904808461666107
12 3.4089 0.2792 pedestrian 0.9282239377498627
12 7.8830 -0.3961 pedestrian 0.902175635099411
13 3.4089 0.2792 pedestrian 0.9305085241794586
13 7.8830 -0.3961 pedestrian 0.9105079174041748
14 3.4089 0.2792 pedestrian 0.9278439879417419
14 7.8830 -0.3961 pedestrian 0.9111002385616302
15 3.4089 0.2792 pedestrian 0.9208073616027832
15 7.8830 -0.3961 pedestrian 0.9040370881557465
16 3.4089 0.2792 pedestrian 0.855612576007843
16 8.0961 -0.4305 pedestrian 0.7354402840137482
17 3.4089 0.2792 pedestrian 0.8728013932704926
17 8.0961 -0.4305 pedestrian 0.7487245798110962
18 3.4089 0.2792 pedestrian 0.8884029686450958
18 8.0961 -0.4479 pedestrian 0.7548690736293793
19 3.4089 0.2792 pedestrian 0.8980697393417358
19 8.0961 -0.4479 pedestrian 0.7553470134735107
19 4.9003 0.1025 car 0.43448182940483093
20 3.4089 0.2792 pedestrian 0.9030998051166534
20 8.0961 -0.4479 pedestrian 0.7599454820156097
20 4.9003 0.1025 car 0.4884176254272461
20 4.0480 0.1025 car 0.4545329660177231
21 3.4089 0.2792 pedestrian 0.8888019025325775
21 8.0961 -0.4479 pedestrian 0.7378641366958618
21 4.9003 0.1025 car 0.5216992199420929
21 4.0480 0.1025 car 0.5091275572776794
22 3.4089 0.2792 pedestrian 0.8574084043502808
22 8.0961 -0.4479 pedestrian 0.6858215928077698
22 4.0480 0.1025 car 0.5505433678627014
22 4.9003 0.1025 car 0.5347254276275635
23 3.4089 0.2792 pedestrian 0.7964892685413361
23 8.0961 -0.4654 pedestrian 0.6107912957668304
23 4.0480 0.1025 car 0.553900808095932
23 4.9003 0.1025 car 0.5152975022792816
23 4.9003 -0.0236 car 0.417464479804039
24 4.0480 0.1025 car 0.656960129737854
24 4.9003 0.0236 car 0.5154129415750504
25 4.0480 0.1184 car 0.6562469303607941
25 4.4742 -0.0394 car 0.5421991646289825
26 3.6219 0.1025 car 0.6459702849388123
26 4.4742 -0.0394 car 0.5500031113624573
26 4.6872 -0.5932 car 0.4088252242654562
27 3.8350 0.1025 car 0.627293050289154
27 4.4742 -0.1502 car 0.5252518653869629
27 4.6872 -0.5932 car 0.4811290130019188
27 4.6872 -0.6916 car 0.43266336619853973
28 3.8350 0.1025 car 0.617427796125412
28 4.6872 -0.5932 car 0.5285642445087433
28 4.4742 -0.1502 car 0.5272270888090134
28 4.6872 -0.6916 car 0.47272730618715286
29 4.0480 0.1025 car 0.5973148047924042
29 4.6872 -0.5932 car 0.5687756985425949
29 4.6872 -0.1821 car 0.5258338749408722
30 4.4742 -0.5932 car 0.6020836383104324
30 3.8350 0.1025 car 0.5660046339035034
30 4.6872 -0.1821 car 0.5181471705436707
30 4.9003 -0.0551 car 0.49784888327121735
31 4.4742 -0.5932 car 0.6158099919557571
31 4.6872 -0.3121 car 0.5134534761309624
31 3.8350 0.1025 car 0.5092351287603378
31 4.9003 -0.0551 car 0.47299958020448685
32 4.6872 -0.3121 car 0.834943026304245
32 4.4742 -0.4479 car 0.8310158252716064
32 4.9003 0.0709 car 0.6863967180252075
33 4.6872 -0.1821 car 0.881266862154007
33 4.6872 -0.3121 car 0.8676124215126038
34 4.9003 -0.1821 car 0.9056123793125153
34 4.6872 -0.2956 car 0.8858774900436401
35 4.9003 -0.0551 car 0.9244523644447327
35 4.6872 -0.2956 car 0.8914613723754883
35 4.4742 -0.5373 car 0.7456265389919281
36 4.9003 -0.0551 car 0.9206341505050659
36 4.6872 -0.2629 car 0.883990466594696
37 4.9003 -0.0551 car 0.9091868698596954
37 4.6872 -0.2629 car 0.8668604791164398
38 4.9003 -0.0551 car 0.8896651268005371
38 4.6872 -0.2629 car 0.8351556658744812
39 4.9003 -0.0551 car 0.8457614183425903
39 4.9003 -0.2629 car 0.7780140340328217
40 5.9655 0.0867 car 0.8362326323986053
41 5.9655 0.0867 car 0.8620420694351196
42 6.1786 0.1184 car 0.8792593479156494
43 6.3916 0.1661 car 0.8969155848026276
44 6.3916 0.1661 car 0.9069972932338715
45 6.3916 0.1661 car 0.9108047187328339
46 6.3916 0.1661 car 0.9095852673053741
47 6.3916 0.1661 car 0.8963766992092133
48 6.3916 0.1502 car 0.8995881378650665
49 6.6047 0.1661 car 0.9095458090305328
50 6.6047 0.1661 car 0.9072860777378082
51 6.8178 0.1661 car 0.9032020568847656
52 7.0308 0.1821 car 0.8907332718372345
53 7.2439 0.1981 car 0.8826026916503906
54 7.2439 0.1981 car 0.8698174953460693
55 7.4569 0.2142 car 0.84244105219841
56 7.8830 0.2466 car 0.8516699075698853
57 7.8830 0.2466 car 0.8835911452770233
58 8.0961 0.2629 car 0.9049403369426727
59 8.0961 0.2629 car 0.9146115779876709
60 8.3091 0.2629 car 0.9158670902252197
61 8.5222 0.2629 car 0.9178144633769989
62 8.5222 0.2956 car 0.9136832058429718
63 8.7352 0.2956 car 0.8968900144100189
64 8.9483 0.3121 car 0.9143093526363373
65 9.1614 0.3287 car 0.9245607256889343
66 9.1614 0.3287 car 0.929825633764267
67 9.3744 0.3287 car 0.9396249949932098
68 9.5875 0.3287 car 0.93925541639328
69 9.8005 0.3287 car 0.9425576627254486
70 9.8005 0.3287 car 0.9468084275722504
71 9.8005 0.3287 car 0.9364673495292664
72 10.2266 0.3121 car 0.9201861023902893
73 10.4397 0.3121 car 0.9282780885696411
74 10.6527 0.3121 car 0.9357453286647797
75 10.8658 0.3121 car 0.9396835267543793
76 11.0789 0.3287 car 0.9417701065540314
77 11.2919 0.3121 car 0.9411198794841766
78 11.2919 0.3121 car 0.939664363861084
79 11.5050 0.3287 car 0.9288625419139862
80 11.9311 0.2792 car 0.8733106851577759
81 12.1441 0.2792 car 0.8631499409675598
82 12.5702 0.2792 car 0.8599569499492645
83 12.7833 0.2792 car 0.8681201040744781
84 12.9963 0.2792 car 0.8789098858833313
85 13.2094 0.2792 car 0.892187237739563
86 13.4225 0.2792 car 0.9035733938217163
87 13.6355 0.2792 car 0.9021776616573334
88 13.8486 0.2792 car 0.8744468688964844
89 14.0616 0.2792 car 0.8998831510543823
90 14.2747 0.2792 car 0.9178012609481812
91 14.4877 0.2792 car 0.9357930421829224
92 14.4877 0.2792 car 0.9401889741420746
93 14.7008 0.2792 car 0.9386652708053589
94 14.9138 0.2792 car 0.9321768879890442
95 15.1269 0.2792 car 0.9126752316951752
96 15.3400 0.2629 car 0.8919759094715118
97 15.5530 0.2629 car 0.899893581867218
98 15.7661 0.2792 car 0.9093770682811737
99 15.9791 0.2629 car 0.9225751459598541
100 16.1922 0.2792 car 0.9354003369808197
101 16.4052 0.2792 car 0.9438236653804779
102 16.6183 0.2629 car 0.9480221271514893
103 16.6183 0.2629 car 0.9413700699806213
104 17.0444 0.2629 car 0.9107723534107208
105 17.2574 0.2629 car 0.9185231029987335
106 17.4705 0.2629 car 0.9231407642364502
107 17.6836 0.2629 car 0.928851991891861
108 17.8966 0.2629 car 0.9284026920795441
109 18.1097 0.2629 car 0.9278261065483093
110 18.3227 0.2629 car 0.9271077215671539
111 18.3227 0.2629 car 0.9197670817375183
112 18.7488 0.2466 car 0.9149788022041321
113 18.9619 0.2466 car 0.9195338487625122
114 19.1749 0.2466 car 0.9171251654624939
115 19.3880 0.2466 car 0.9152224361896515
116 19.6010 0.2466 car 0.9088247716426849
117 19.8141 0.2466 car 0.9103660881519318
118 20.0272 0.2304 car 0.9114744067192078
119 20.2402 0.2466 car 0.9052120447158813
120 20.6663 0.2466 car 0.8964084386825562
121 20.8794 0.2466 car 0.9036594033241272
122 21.0924 0.2466 car 0.9097558856010437
123 21.3055 0.2466 car 0.9207284152507782
124 21.5185 0.2466 car 0.9266866743564606
125 21.7316 0.2466 car 0.9351050853729248
126 21.9447 0.2466 car 0.9383730888366699
127 22.1577 0.2629 car 0.9311594367027283
128 22.5838 0.2304 car 0.9014126062393188
129 22.7969 0.2304 car 0.9153233468532562
130 23.0099 0.2304 car 0.9239878058433533
131 23.0099 0.2304 car 0.9269468486309052
132 23.2230 0.2304 car 0.9232057631015778
133 23.6491 0.2304 car 0.9250078797340393
134 23.6491 0.2466 car 0.9304452240467072
135 23.8621 0.2304 car 0.9286278486251831
136 24.2883 0.2304 car 0.9321614801883698
137 24.5013 0.2304 car 0.9157579243183136
138 24.7144 0.2466 car 0.8283742368221283
139 24.7144 0.2466 car 0.5716635286808014
152 24.2883 0.4132 car 0.6523998081684113
153 24.2883 0.4132 car 0.6711489260196686
154 24.2883 0.4132 car 0.6853481531143188
155 24.2883 0.4132 car 0.6826590597629547
156 24.2883 0.4132 car 0.6695159077644348
157 24.2883 0.4132 car 0.6521291434764862
158 24.2883 0.4132 car 0.6285935640335083
159 24.0752 0.4132 car 0.5919896811246872
164 24.2883 0.3454 car 0.42722445726394653
165 24.2883 0.3454 car 0.47291265428066254
166 24.2883 0.3454 car 0.512703001499176
167 24.2883 0.3454 car 0.5294172316789627
168 24.2883 0.3454 car 0.5945180654525757
169 24.2883 0.3454 car 0.6321494281291962
170 24.2883 0.3454 car 0.6433009952306747
171 24.2883 0.3454 car 0.6331048607826233
172 24.2883 0.3454 car 0.624536544084549
173 24.2883 0.3454 car 0.6173093020915985
174 24.2883 0.3454 car 0.593334972858429
175 24.2883 0.3454 car 0.5412813127040863
176 24.5013 0.3454 car 0.47095537185668945
177 24.5013 0.3454 car 0.43150845170021057
587 24.7144 -0.1025 car 0.5390728116035461
588 24.2883 -0.1025 car 0.6249416470527649
589 24.0752 -0.1025 car 0.6694592833518982
590 23.8621 -0.1025 car 0.7014541327953339
591 23.6491 -0.1025 car 0.7041436433792114
592 23.4360 -0.1025 car 0.8472934067249298
593 23.2230 -0.0867 car 0.8784796297550201
594 23.0099 -0.1025 car 0.897998720407486
595 22.7969 -0.0867 car 0.8997443616390228
596 22.5838 -0.1025 car 0.8940967321395874
597 22.3708 -0.0867 car 0.8903179466724396
598 22.1577 -0.1025 car 0.8927533328533173
599 21.9447 -0.1025 car 0.8851968348026276
600 21.5185 -0.0867 car 0.8439664244651794
601 21.3055 -0.1025 car 0.8688480257987976
601 2.7697 -0.6714 pedestrian 0.4269534647464752
602 21.0924 -0.1025 car 0.8719741404056549
602 2.7697 -0.6714 pedestrian 0.4946860671043396
603 20.8794 -0.1025 car 0.8682744204998016
603 2.7697 -0.6714 pedestrian 0.5403030514717102
604 20.6663 -0.1025 car 0.8466992378234863
604 2.7697 -0.5557 pedestrian 0.5835069715976715
605 20.4533 -0.1025 car 0.8352792859077454
605 2.7697 -0.5557 pedestrian 0.588478147983551
606 20.2402 -0.1025 car 0.8230388462543488
606 2.7697 -0.5191 pedestrian 0.5497444421052933
607 20.0272 -0.1025 car 0.8142278790473938
607 2.7697 -0.5191 pedestrian 0.4960387647151947
607 2.9828 -0.3961 pedestrian 0.4801675081253052
608 19.6010 -0.1025 car 0.746126264333725
608 2.7697 -0.3121 pedestrian 0.49780263006687164
609 19.6010 -0.1025 car 0.777006059885025
609 2.9828 -0.2792 pedestrian 0.47730109095573425
610 19.3880 -0.1343 car 0.7906001210212708
610 2.9828 -0.2629 pedestrian 0.48793667554855347
611 19.1749 -0.1343 car 0.7711485326290131
611 2.9828 -0.1661 pedestrian 0.5205228626728058
612 19.1749 -0.1343 car 0.7174257040023804
612 2.9828 -0.1343 pedestrian 0.5642487108707428
613 18.9619 -0.1502 car 0.6602697968482971
613 2.9828 -0.1343 pedestrian 0.5531505942344666
614 18.7488 -0.1502 car 0.6017362028360367
614 2.9828 -0.1343 pedestrian 0.4858829379081726
615 18.5358 -0.1661 car 0.5514425337314606
615 2.9828 -0.1025 pedestrian 0.41161222755908966
616 18.3227 -0.1343 car 0.7266755104064941
617 17.8966 -0.1343 car 0.7847054302692413
618 17.6836 -0.1343 car 0.8396464288234711
619 17.4705 -0.1343 car 0.8817775249481201
620 17.2574 -0.1502 car 0.8974892497062683
621 17.0444 -0.1343 car 0.9001886546611786
622 16.8313 -0.1502 car 0.8929114937782288
623 16.6183 -0.1343 car 0.8642098903656006
624 16.4052 -0.1184 car 0.7044357657432556
625 16.1922 -0.1343 car 0.6968366205692291
626 15.9791 -0.1343 car 0.68569016456604
627 15.5530 -0.1502 car 0.7022041082382202
627 15.3400 -0.1502 cyclist 0.4207713417708874
628 15.3400 -0.1661 car 0.7234905362129211
628 15.3400 -0.1661 cyclist 0.44145552441477776
629 15.1269 -0.1661 car 0.7560117244720459
629 4.9003 0.5191 car 0.5030454993247986
629 15.1269 -0.1502 cyclist 0.46638786420226097
630 14.9138 -0.1661 car 0.7847045361995697
630 5.1133 0.5191 car 0.5934002846479416
630 14.9138 -0.1661 cyclist 0.46651944890618324
631 14.7008 -0.1661 car 0.7906477153301239
631 5.1133 0.5557 car 0.637498289346695
631 14.9138 -0.1661 cyclist 0.4583876468241215
632 14.7008 -0.1661 car 0.7855769097805023
632 5.5394 0.6317 car 0.6331764757633209
633 14.4877 -0.1981 car 0.7871323227882385
633 5.5394 0.6317 car 0.6887004673480988
634 14.2747 -0.1981 car 0.771616667509079
634 5.5394 0.6317 car 0.7134466171264648
635 14.0616 -0.1981 car 0.7364373207092285
635 5.7525 0.6317 car 0.7048888206481934
636 13.8486 -0.2142 car 0.7073714733123779
636 5.7525 0.6317 car 0.678284615278244
637 5.9655 0.6514 car 0.658760204911232
637 13.8486 -0.2142 car 0.6562653928995132
638 6.1786 0.6514 car 0.635489821434021
638 13.6355 -0.2304 car 0.6107726246118546
639 6.1786 0.6714 car 0.6268131732940674
639 13.4225 -0.2304 car 0.5754638463258743
640 13.2094 -0.2304 car 0.804216206073761
640 6.6047 0.7988 car 0.7333674132823944
641 12.9963 -0.2466 car 0.8129172027111053
641 6.8178 0.7988 car 0.7139894962310791
642 12.7833 -0.2629 car 0.8296158611774445
642 6.8178 0.7988 car 0.6704303324222565
643 12.7833 -0.2629 car 0.8378162086009979
643 6.8178 0.7988 car 0.5800664126873016
644 12.5702 -0.2792 car 0.8428296148777008
644 7.0308 0.7988 car 0.4775872007012367
645 12.3572 -0.2792 car 0.8431086838245392
645 7.0308 0.7988 car 0.4019582085311413
646 12.1441 -0.2792 car 0.8415687680244446
647 12.1441 -0.2792 car 0.8295766413211823
648 11.9311 -0.2956 car 0.8537445366382599
649 11.9311 -0.2956 car 0.8630978465080261
650 11.9311 -0.3121 car 0.8662899732589722
651 11.9311 -0.3121 car 0.856648325920105
652 11.7180 -0.3121 car 0.8431318998336792
653 11.7180 -0.3121 car 0.8265285491943359
654 11.5050 -0.3121 car 0.8080073595046997
655 11.5050 -0.3121 car 0.7776392996311188
656 10.8658 -0.3622 car 0.7582091689109802
657 10.4397 -0.3791 car 0.7898498773574829
658 10.2266 -0.3791 car 0.831175684928894
659 10.0136 -0.3791 car 0.8544199168682098
660 9.8005 -0.3961 car 0.8596704006195068
661 9.5875 -0.4132 car 0.8590206205844879
662 9.3744 -0.4132 car 0.8620713651180267
663 9.3744 -0.4132 car 0.8541963398456573
664 9.1614 -0.4305 car 0.8814263045787811
665 8.9483 -0.4479 car 0.9037200212478638
666 8.9483 -0.4479 car 0.9125852584838867
667 8.7352 -0.4654 car 0.9099133610725403
668 8.7352 -0.4831 car 0.9060664772987366
669 8.7352 -0.4831 car 0.8989575207233429
670 8.5222 -0.4831 car 0.8876417875289917
671 8.5222 -0.4831 car 0.8687562942504883
672 8.3091 -0.5557 car 0.8152660131454468
673 8.0961 -0.5744 car 0.8302318453788757
674 8.0961 -0.5932 car 0.8364467024803162
675 7.8830 -0.6124 car 0.8482794165611267
676 7.6700 -0.6124 car 0.8581282198429108
677 7.6700 -0.6124 car 0.8692100048065186
678 7.6700 -0.6317 car 0.8692658543586731
679 7.4569 -0.6317 car 0.856485515832901
680 7.4569 -0.6714 car 0.8201874494552612
681 7.4569 -0.6916 car 0.8239983916282654
682 7.4569 -0.6916 car 0.8191595673561096
683 7.2439 -0.7333 car 0.8157629668712616
684 7.2439 -0.7333 car 0.8160314559936523
685 7.2439 -0.7333 car 0.8183058798313141
686 7.2439 -0.7333 car 0.812477707862854
687 7.2439 -0.7333 car 0.7973021864891052
688 7.4569 -0.8217 car 0.7462064623832703
689 7.4569 -0.8217 car 0.7404871881008148
690 7.4569 -0.8217 car 0.7291607856750488
691 7.4569 -0.8217 car 0.7193762958049774
692 7.4569 -0.8217 car 0.7239013016223907
693 7.4569 -0.8217 car 0.7394803464412689
694 7.4569 -0.8217 car 0.7455377280712128
695 7.4569 -0.8451 car 0.7376805543899536
697 7.2439 -0.8217 pedestrian 0.423887524753809
698 7.2439 -0.8217 pedestrian 0.44537320360541344
699 7.2439 -0.8217 pedestrian 0.4533335119485855
700 7.2439 -0.8217 pedestrian 0.4603012055158615
701 7.2439 -0.8217 pedestrian 0.4572219289839268
702 7.2439 -0.8217 pedestrian 0.4580920450389385
703 7.2439 -0.8217 pedestrian 0.46244117617607117
704 7.2439 -0.8451 pedestrian 0.44073713198304176
705 7.2439 -0.8451 pedestrian 0.4293144531548023
706 7.2439 -0.8451 pedestrian 0.42183206230401993
707 7.2439 -0.8451 pedestrian 0.40533947944641113
809 2.5567 -0.4831 pedestrian 0.4022136330604553
810 2.5567 -0.4831 pedestrian 0.41376426815986633
811 2.5567 -0.4654 pedestrian 0.40981481224298477
815 1.9175 0.3454 car 0.41433022916316986
816 1.9175 0.3454 car 0.45245492458343506
817 2.3436 0.2792 car 0.48877108097076416
817 2.7697 0.2792 car 0.47613630443811417
818 2.3436 0.3791 car 0.5281831175088882
818 3.1958 0.2792 car 0.5278298705816269
819 3.4089 0.3791 car 0.581535816192627
819 2.3436 0.3791 car 0.5394701957702637
820 3.6219 0.3791 car 0.6456901729106903
821 3.8350 0.3791 car 0.6685336828231812
822 4.2611 0.4479 car 0.6835276484489441
823 4.2611 0.4479 car 0.6824916005134583
824 4.9003 0.5932 car 0.6963422894477844
825 5.1133 0.6514 car 0.7157123386859894
826 5.3264 0.6714 car 0.7299169301986694
827 5.5394 0.6916 car 0.7178258895874023
828 5.7525 0.7123 car 0.6471401751041412
829 5.9655 0.7123 car 0.5582909882068634
830 6.1786 0.7765 car 0.4444321542978287
