0 5.9655 0.1025 pedestrian 0.7570142149925232
1 5.9655 0.1025 pedestrian 0.7919381260871887
2 5.9655 0.1025 pedestrian 0.8134945034980774
3 5.9655 0.1184 pedestrian 0.8102830648422241
4 5.9655 0.1184 pedestrian 0.8012654781341553
4 6.8178 0.0551 pedestrian 0.7014179229736328
5 6.1786 0.1184 pedestrian 0.7908985614776611
5 6.8178 0.0551 pedestrian 0.6986368298530579
6 6.1786 0.1184 pedestrian 0.795650839805603
6 6.8178 0.0394 pedestrian 0.7087588906288147
7 6.1786 0.1184 pedestrian 0.8020481467247009
7 6.8178 0.0394 pedestrian 0.7266347408294678
8 7.0308 0.0236 pedestrian 0.7501899600028992
8 6.1786 0.1502 pedestrian 0.688471645116806
9 7.0308 0.0236 pedestrian 0.7701495587825775
9 6.1786 0.1661 pedestrian 0.7076505124568939
10 7.0308 0.0236 pedestrian 0.7870602309703827
10 6.1786 0.1661 pedestrian 0.7239027917385101
11 7.0308 0.0236 pedestrian 0.7997823059558868
11 6.1786 0.1661 pedestrian 0.7295056879520416
12 7.0308 0.0079 pedestrian 0.8109469413757324
12 5.9655 0.1821 pedestrian 0.7449444234371185
13 7.0308 0.0079 pedestrian 0.8232332766056061
13 6.1786 0.1981 pedestrian 0.7556068301200867
14 7.0308 0.0079 pedestrian 0.8314848840236664
14 6.1786 0.1981 pedestrian 0.7800008952617645
15 7.0308 0.0079 pedestrian 0.8328696191310883
15 6.1786 0.1981 pedestrian 0.7940623760223389
16 6.1786 0.2142 pedestrian 0.8313977718353271
16 7.0308 -0.0079 pedestrian 0.8273885250091553
17 6.1786 0.2304 pedestrian 0.8601154386997223
17 7.0308 -0.0236 pedestrian 0.8383558094501495
18 6.1786 0.2304 pedestrian 0.8831084668636322
18 7.0308 -0.0236 pedestrian 0.8514402806758881
19 6.1786 0.2304 pedestrian 0.896367222070694
19 7.0308 -0.0236 pedestrian 0.8608573973178864
20 6.1786 0.2304 pedestrian 0.9055729508399963
20 7.0308 -0.0236 pedestrian 0.8636259138584137
21 6.1786 0.2304 pedestrian 0.9090759754180908
21 7.0308 -0.0236 pedestrian 0.8600936532020569
22 6.1786 0.2466 pedestrian 0.9089260697364807
22 7.0308 -0.0394 pedestrian 0.8558888137340546
23 6.1786 0.2466 pedestrian 0.899661660194397
23 7.0308 -0.0394 pedestrian 0.8440632820129395
24 6.1786 0.2466 pedestrian 0.9320926666259766
24 7.0308 -0.0709 pedestrian 0.8393663763999939
25 6.1786 0.2629 pedestrian 0.9383879005908966
25 7.0308 -0.0709 pedestrian 0.8590855002403259
26 6.1786 0.2629 pedestrian 0.9421874284744263
26 7.0308 -0.0709 pedestrian 0.8731094002723694
27 6.1786 0.2629 pedestrian 0.941579133272171
27 7.0308 -0.0867 pedestrian 0.8811246156692505
28 6.1786 0.2629 pedestrian 0.9390213787555695
28 7.0308 -0.0867 pedestrian 0.8902219831943512
29 6.1786 0.2629 pedestrian 0.9337985813617706
29 7.0308 -0.0867 pedestrian 0.8955316245555878
30 6.1786 0.2629 pedestrian 0.9236645698547363
30 7.0308 -0.0867 pedestrian 0.8963582515716553
31 6.1786 0.2792 pedestrian 0.9070172607898712
31 7.0308 -0.0867 pedestrian 0.8945516645908356
32 6.3916 0.2792 pedestrian 0.9107427299022675
32 7.0308 -0.1184 pedestrian 0.8813510239124298
33 6.3916 0.2792 pedestrian 0.9196180999279022
33 7.0308 -0.1184 pedestrian 0.8912146389484406
34 6.3916 0.2956 pedestrian 0.9292007982730865
34 7.0308 -0.1184 pedestrian 0.9006596207618713
35 6.3916 0.2956 pedestrian 0.9319193959236145
35 7.0308 -0.1184 pedestrian 0.907079666852951
36 6.3916 0.2956 pedestrian 0.9301658570766449
36 7.0308 -0.1184 pedestrian 0.9089000225067139
37 6.3916 0.2956 pedestrian 0.9256460070610046
37 7.0308 -0.1184 pedestrian 0.9069325923919678
38 6.3916 0.2956 pedestrian 0.9177323877811432
38 7.0308 -0.1184 pedestrian 0.9007698595523834
39 6.3916 0.3121 pedestrian 0.9066178202629089
39 7.0308 -0.1343 pedestrian 0.8978824615478516
40 6.6047 0.3121 pedestrian 0.9052700400352478
40 7.0308 -0.1502 pedestrian 0.8813531994819641
41 6.6047 0.3287 pedestrian 0.9151348173618317
41 7.0308 -0.1502 pedestrian 0.8917734920978546
42 6.6047 0.3287 pedestrian 0.9217093884944916
42 7.0308 -0.1502 pedestrian 0.8991784751415253
43 6.6047 0.3287 pedestrian 0.9230653643608093
43 7.0308 -0.1502 pedestrian 0.9021545648574829
44 6.6047 0.3287 pedestrian 0.9208261072635651
44 7.0308 -0.1661 pedestrian 0.9056890904903412
45 6.6047 0.3287 pedestrian 0.9162693023681641
45 7.0308 -0.1661 pedestrian 0.909334659576416
46 6.6047 0.3454 pedestrian 0.9086223244667053
46 7.0308 -0.1661 pedestrian 0.9085177779197693
47 7.0308 -0.1661 pedestrian 0.9055370986461639
47 6.6047 0.3454 pedestrian 0.9018674790859222
48 6.6047 0.3454 pedestrian 0.8691308498382568
48 7.0308 -0.1821 pedestrian 0.8361727595329285
49 6.8178 0.3622 pedestrian 0.8769217729568481
49 7.0308 -0.1981 pedestrian 0.8416010737419128
50 6.8178 0.3622 pedestrian 0.8889276385307312
50 7.2439 -0.1981 pedestrian 0.8531984686851501
51 6.8178 0.3622 pedestrian 0.8935454785823822
51 7.2439 -0.1981 pedestrian 0.862692654132843
52 6.8178 0.3622 pedestrian 0.893041342496872
52 7.2439 -0.1981 pedestrian 0.8688059449195862
53 6.8178 0.3622 pedestrian 0.8914684951305389
53 7.2439 -0.1981 pedestrian 0.8746901452541351
54 6.8178 0.3622 pedestrian 0.8898351490497589
54 7.2439 -0.1981 pedestrian 0.876052051782608
55 6.8178 0.3622 pedestrian 0.8812030553817749
55 7.2439 -0.1981 pedestrian 0.8717807829380035
56 7.0308 0.3791 pedestrian 0.8842176496982574
56 7.2439 -0.2142 pedestrian 0.8558854162693024
57 7.0308 0.3791 pedestrian 0.8970918953418732
57 7.0308 -0.2142 pedestrian 0.8645615875720978
58 7.0308 0.3791 pedestrian 0.9057695269584656
58 7.0308 -0.2142 pedestrian 0.8731140494346619
59 7.0308 0.3791 pedestrian 0.911013126373291
59 7.0308 -0.2142 pedestrian 0.878436952829361
60 7.0308 0.3961 pedestrian 0.9123523533344269
60 7.0308 -0.2142 pedestrian 0.881903737783432
61 7.0308 0.3961 pedestrian 0.9173723459243774
61 7.0308 -0.2142 pedestrian 0.8829042315483093
62 7.0308 0.3961 pedestrian 0.9177781641483307
62 7.0308 -0.2142 pedestrian 0.8789426684379578
63 7.0308 0.3961 pedestrian 0.9117878377437592
63 7.0308 -0.2142 pedestrian 0.8702133297920227
64 7.0308 0.4132 pedestrian 0.874951183795929
64 7.2439 -0.2466 pedestrian 0.8592469692230225
65 7.2439 -0.2466 pedestrian 0.8765909969806671
65 7.0308 0.4132 pedestrian 0.8742227256298065
66 7.2439 -0.2466 pedestrian 0.890166699886322
66 7.2439 0.4132 pedestrian 0.8808639645576477
67 7.2439 -0.2466 pedestrian 0.8942679464817047
67 7.2439 0.4132 pedestrian 0.8873632848262787
68 7.2439 -0.2466 pedestrian 0.8964796364307404
68 7.2439 0.4132 pedestrian 0.8888651132583618
69 7.2439 -0.2466 pedestrian 0.8963888883590698
69 7.2439 0.4132 pedestrian 0.8857375383377075
70 7.2439 -0.2466 pedestrian 0.8918759524822235
70 7.2439 0.4132 pedestrian 0.8762507736682892
71 7.4569 -0.2629 pedestrian 0.8862162828445435
71 7.4569 0.4305 pedestrian 0.8624373972415924
72 7.4569 0.4305 pedestrian 0.8902944326400757
72 7.4569 -0.2792 pedestrian 0.8399688005447388
73 7.4569 0.4305 pedestrian 0.8952429890632629
73 7.4569 -0.2792 pedestrian 0.852374255657196
74 7.4569 0.4305 pedestrian 0.898692399263382
74 7.4569 -0.2792 pedestrian 0.8616865575313568
75 7.6700 0.4305 pedestrian 0.9007592499256134
75 7.4569 -0.2956 pedestrian 0.8682151436805725
76 7.6700 0.4305 pedestrian 0.906820684671402
76 7.4569 -0.2956 pedestrian 0.8760886490345001
77 7.6700 0.4305 pedestrian 0.9088870882987976
77 7.4569 -0.2956 pedestrian 0.8813731968402863
78 7.6700 0.4305 pedestrian 0.9084026217460632
78 7.4569 -0.2956 pedestrian 0.8800701200962067
79 7.6700 0.4305 pedestrian 0.905582457780838
79 7.4569 -0.2956 pedestrian 0.8709399104118347
80 7.6700 0.4305 pedestrian 0.8785275518894196
80 7.4569 -0.3287 pedestrian 0.8077149391174316
81 7.6700 0.4305 pedestrian 0.8834688067436218
81 7.4569 -0.3287 pedestrian 0.841290146112442
82 7.6700 0.4305 pedestrian 0.88712078332901
82 7.4569 -0.3287 pedestrian 0.8596017360687256
83 7.8830 0.4305 pedestrian 0.8925178647041321
83 7.4569 -0.3287 pedestrian 0.8716166019439697
84 7.8830 0.4305 pedestrian 0.8979030549526215
84 7.4569 -0.3287 pedestrian 0.8791603147983551
85 7.8830 0.4305 pedestrian 0.9048735201358795
85 7.4569 -0.3454 pedestrian 0.8839308321475983
86 7.8830 0.4305 pedestrian 0.907287985086441
86 7.4569 -0.3454 pedestrian 0.8810939788818359
87 7.8830 0.4305 pedestrian 0.9042555391788483
87 7.4569 -0.3454 pedestrian 0.8720069825649261
88 7.4569 -0.3622 pedestrian 0.8848282098770142
88 7.8830 0.4479 pedestrian 0.8810269236564636
89 8.0961 0.4479 pedestrian 0.8968300819396973
89 7.4569 -0.3622 pedestrian 0.8957002758979797
90 8.0961 0.4479 pedestrian 0.9101666808128357
90 7.4569 -0.3791 pedestrian 0.9019412398338318
91 8.0961 0.4479 pedestrian 0.9177931547164917
91 7.4569 -0.3791 pedestrian 0.9066728353500366
92 8.0961 0.4479 pedestrian 0.9211120009422302
92 7.4569 -0.3791 pedestrian 0.9065329134464264
93 8.0961 0.4479 pedestrian 0.9218757450580597
93 7.4569 -0.3791 pedestrian 0.9037229418754578
94 8.0961 0.4479 pedestrian 0.9182328879833221
94 7.6700 -0.3791 pedestrian 0.8982106149196625
95 8.0961 0.4479 pedestrian 0.9105452597141266
95 7.6700 -0.3791 pedestrian 0.8867747187614441
96 8.0961 0.4479 pedestrian 0.8753093779087067
96 7.6700 -0.4132 pedestrian 0.8669317066669464
97 8.3091 0.4305 pedestrian 0.8863384127616882
97 7.6700 -0.4132 pedestrian 0.885828971862793
98 7.6700 -0.4132 pedestrian 0.8984916508197784
98 8.3091 0.4305 pedestrian 0.8979758024215698
99 8.3091 0.4305 pedestrian 0.9046312570571899
99 7.6700 -0.4132 pedestrian 0.9031355977058411
100 8.3091 0.4305 pedestrian 0.9080603420734406
100 7.6700 -0.4132 pedestrian 0.9046023786067963
101 8.3091 0.4305 pedestrian 0.9117609262466431
101 7.6700 -0.4132 pedestrian 0.900484561920166
102 8.3091 0.4305 pedestrian 0.9119476974010468
102 7.6700 -0.4305 pedestrian 0.8904230296611786
103 8.3091 0.4305 pedestrian 0.9064791798591614
103 7.6700 -0.4305 pedestrian 0.8724942803382874
104 8.3091 0.4305 pedestrian 0.8846811652183533
104 7.8830 -0.4305 pedestrian 0.8389490246772766
105 8.3091 0.4305 pedestrian 0.8864298462867737
105 7.8830 -0.4305 pedestrian 0.8636772930622101
106 8.3091 0.4305 pedestrian 0.8899365067481995
106 7.8830 -0.4305 pedestrian 0.8833404779434204
107 7.8830 -0.4305 pedestrian 0.8934431672096252
107 8.3091 0.4305 pedestrian 0.8899609744548798
108 7.8830 -0.4305 pedestrian 0.9004282057285309
108 8.5222 0.4305 pedestrian 0.8964667916297913
109 8.5222 0.4305 pedestrian 0.9017421305179596
109 7.8830 -0.4305 pedestrian 0.8974569439888
110 8.5222 0.4305 pedestrian 0.9048179984092712
110 7.8830 -0.4305 pedestrian 0.8830263316631317
111 8.5222 0.4305 pedestrian 0.9041039943695068
111 7.8830 -0.4305 pedestrian 0.8481135964393616
112 8.5222 0.4132 pedestrian 0.8957607746124268
112 7.8830 -0.4479 pedestrian 0.7894836962223053
113 8.5222 0.4132 pedestrian 0.9042134284973145
113 7.8830 -0.4654 pedestrian 0.8228171467781067
114 8.5222 0.4132 pedestrian 0.9104833602905273
114 7.8830 -0.4654 pedestrian 0.8433316349983215
115 8.5222 0.4132 pedestrian 0.914765864610672
115 7.8830 -0.4654 pedestrian 0.8392952382564545
116 8.5222 0.4132 pedestrian 0.9170947968959808
116 7.8830 -0.4654 pedestrian 0.8303003907203674
117 8.5222 0.4132 pedestrian 0.9193748533725739
117 7.8830 -0.4654 pedestrian 0.8127604722976685
118 8.5222 0.4132 pedestrian 0.9187038838863373
118 7.8830 -0.4831 pedestrian 0.7719291150569916
119 8.5222 0.4132 pedestrian 0.9141297936439514
119 7.8830 -0.4831 pedestrian 0.7186033725738525
120 7.8830 -0.5010 pedestrian 0.9018655121326447
120 8.5222 0.3961 pedestrian 0.8589756488800049
121 7.8830 -0.5010 pedestrian 0.91913241147995
121 8.5222 0.3961 pedestrian 0.8726799488067627
122 7.8830 -0.5010 pedestrian 0.9313750863075256
122 8.5222 0.3961 pedestrian 0.882892370223999
123 7.8830 -0.5010 pedestrian 0.9371694922447205
123 8.7352 0.3961 pedestrian 0.8882136046886444
124 7.8830 -0.5010 pedestrian 0.9381214380264282
124 8.7352 0.3961 pedestrian 0.8978638648986816
125 7.8830 -0.5010 pedestrian 0.9343134164810181
125 8.7352 0.3961 pedestrian 0.9049942791461945
126 7.8830 -0.5010 pedestrian 0.9237329363822937
126 8.7352 0.3961 pedestrian 0.9087015092372894
127 8.7352 0.3961 pedestrian 0.9058437645435333
127 7.8830 -0.5010 pedestrian 0.9034202992916107
128 7.8830 -0.5191 pedestrian 0.8773600459098816
128 8.7352 0.3961 pedestrian 0.8575266897678375
129 7.6700 -0.5191 pedestrian 0.8856928646564484
129 8.9483 0.3961 pedestrian 0.8721444308757782
130 7.6700 -0.5191 pedestrian 0.8942584693431854
130 8.9483 0.3961 pedestrian 0.8895375728607178
131 8.9483 0.3961 pedestrian 0.8994424641132355
131 7.6700 -0.5191 pedestrian 0.8952517509460449
132 8.9483 0.3961 pedestrian 0.9084212779998779
132 7.6700 -0.5191 pedestrian 0.8935863971710205
133 8.9483 0.3961 pedestrian 0.9148330390453339
133 7.6700 -0.5191 pedestrian 0.8758420944213867
134 8.9483 0.3961 pedestrian 0.9179249703884125
134 7.6700 -0.5191 pedestrian 0.8473880290985107
135 8.9483 0.3961 pedestrian 0.9177806377410889
135 7.6700 -0.5191 pedestrian 0.8070938587188721
136 8.9483 0.3791 pedestrian 0.9044928550720215
136 7.6700 -0.5191 pedestrian 0.6396404206752777
137 8.9483 0.3791 pedestrian 0.9152213931083679
137 7.6700 -0.5010 pedestrian 0.6750646829605103
138 8.9483 0.3791 pedestrian 0.9214543700218201
138 7.6700 -0.5010 pedestrian 0.6830207407474518
139 8.9483 0.3791 pedestrian 0.9238106310367584
139 7.4569 -0.5010 pedestrian 0.6690378487110138
140 8.9483 0.3791 pedestrian 0.9237054288387299
140 7.4569 -0.5010 pedestrian 0.6467520743608475
141 8.9483 0.3791 pedestrian 0.9209090173244476
141 7.4569 -0.5010 pedestrian 0.619328498840332
142 8.9483 0.3791 pedestrian 0.9157949090003967
142 7.4569 -0.5010 pedestrian 0.5565557181835175
143 8.9483 0.3791 pedestrian 0.908361941576004
143 7.4569 -0.5010 pedestrian 0.49869201332330704
144 8.9483 0.3622 pedestrian 0.8920156061649323
144 7.4569 -0.5191 pedestrian 0.8397568762302399
145 8.9483 0.3622 pedestrian 0.8988268673419952
145 7.4569 -0.5191 pedestrian 0.8493122458457947
146 8.9483 0.3622 pedestrian 0.9032354354858398
146 7.2439 -0.5191 pedestrian 0.8619010746479034
147 8.9483 0.3622 pedestrian 0.9033861756324768
147 7.2439 -0.5191 pedestrian 0.8720777928829193
148 8.9483 0.3622 pedestrian 0.9009016156196594
148 7.2439 -0.5191 pedestrian 0.8766707181930542
149 8.9483 0.3622 pedestrian 0.8981206715106964
149 7.2439 -0.5191 pedestrian 0.8779924213886261
150 8.9483 0.3622 pedestrian 0.8932192921638489
150 7.2439 -0.5191 pedestrian 0.8720293641090393
151 8.9483 0.3454 pedestrian 0.8843782246112823
151 7.2439 -0.5191 pedestrian 0.85417640209198
152 8.9483 0.3287 pedestrian 0.8780492544174194
152 7.0308 -0.5010 pedestrian 0.8231935799121857
153 8.9483 0.3287 pedestrian 0.891702264547348
153 7.0308 -0.5010 pedestrian 0.8407299518585205
154 8.9483 0.3287 pedestrian 0.9004051685333252
154 7.0308 -0.5010 pedestrian 0.8545899093151093
155 8.9483 0.3287 pedestrian 0.9037653505802155
155 7.0308 -0.5010 pedestrian 0.861849457025528
156 8.9483 0.3287 pedestrian 0.905555784702301
156 7.0308 -0.4831 pedestrian 0.8652456402778625
157 8.9483 0.3287 pedestrian 0.9071707725524902
157 7.0308 -0.4831 pedestrian 0.8684117197990417
158 8.9483 0.3121 pedestrian 0.90846386551857
158 7.0308 -0.4831 pedestrian 0.8662135601043701
159 8.9483 0.3121 pedestrian 0.9073376953601837
159 7.0308 -0.4831 pedestrian 0.8522434234619141
160 8.9483 0.3121 pedestrian 0.891057163476944
160 7.0308 -0.4654 pedestrian 0.8477856814861298
161 8.9483 0.3121 pedestrian 0.9026414752006531
161 7.0308 -0.4654 pedestrian 0.864134281873703
162 8.9483 0.3121 pedestrian 0.9105367064476013
162 7.0308 -0.4654 pedestrian 0.8748349547386169
163 8.9483 0.3121 pedestrian 0.9144574105739594
163 7.0308 -0.4654 pedestrian 0.8796989023685455
164 8.9483 0.3121 pedestrian 0.9183066487312317
164 7.0308 -0.4654 pedestrian 0.8793304264545441
165 8.9483 0.2956 pedestrian 0.9220501482486725
165 7.0308 -0.4479 pedestrian 0.8824139535427094
166 8.9483 0.2956 pedestrian 0.9222286343574524
166 7.0308 -0.4479 pedestrian 0.8794438540935516
167 8.9483 0.2956 pedestrian 0.91734778881073
167 6.8178 -0.4479 pedestrian 0.8732424974441528
168 8.9483 0.2956 pedestrian 0.9061874747276306
168 6.8178 -0.4305 pedestrian 0.8604755699634552
169 8.9483 0.2956 pedestrian 0.9094016551971436
169 6.8178 -0.4305 pedestrian 0.8769112229347229
170 8.9483 0.2956 pedestrian 0.9105813205242157
170 6.8178 -0.4305 pedestrian 0.8891070187091827
171 8.9483 0.2956 pedestrian 0.9070765376091003
171 6.8178 -0.4305 pedestrian 0.89592045545578
172 8.9483 0.2792 pedestrian 0.9056901037693024
172 6.8178 -0.4132 pedestrian 0.9001463651657104
173 8.9483 0.2792 pedestrian 0.9065041244029999
173 6.8178 -0.4132 pedestrian 0.9032410681247711
174 8.9483 0.2792 pedestrian 0.9038102328777313
174 6.8178 -0.4132 pedestrian 0.9031181335449219
175 6.8178 -0.4132 pedestrian 0.8975865840911865
175 8.9483 0.2792 pedestrian 0.8952997922897339
176 6.8178 -0.3961 pedestrian 0.8738739192485809
176 8.9483 0.2466 pedestrian 0.8663378655910492
177 8.9483 0.2466 pedestrian 0.8843134045600891
177 6.8178 -0.3961 pedestrian 0.8756235837936401
178 8.9483 0.2466 pedestrian 0.8974274098873138
178 6.8178 -0.3791 pedestrian 0.8780189454555511
179 8.9483 0.2466 pedestrian 0.9027765989303589
179 6.8178 -0.3791 pedestrian 0.8801441490650177
180 8.9483 0.2466 pedestrian 0.9059644639492035
180 6.8178 -0.3791 pedestrian 0.8789589107036591
181 8.9483 0.2466 pedestrian 0.9060408473014832
181 6.8178 -0.3791 pedestrian 0.873296856880188
182 8.9483 0.2466 pedestrian 0.9020279049873352
182 6.8178 -0.3622 pedestrian 0.8641172349452972
183 8.7352 0.2304 pedestrian 0.8962213397026062
183 6.8178 -0.3622 pedestrian 0.8529637157917023
184 8.7352 0.2304 pedestrian 0.8989306390285492
184 6.8178 -0.3454 pedestrian 0.8497449159622192
185 8.7352 0.2304 pedestrian 0.9030857980251312
185 6.8178 -0.3287 pedestrian 0.8617475926876068
186 8.7352 0.2304 pedestrian 0.9063784182071686
186 6.8178 -0.3287 pedestrian 0.8718438148498535
187 8.7352 0.2304 pedestrian 0.906039297580719
187 6.8178 -0.3287 pedestrian 0.8763622641563416
188 8.7352 0.2142 pedestrian 0.906034380197525
188 6.8178 -0.3287 pedestrian 0.8771030604839325
189 8.7352 0.2142 pedestrian 0.9093742370605469
189 6.8178 -0.3287 pedestrian 0.8745068609714508
190 8.7352 0.2142 pedestrian 0.9092542827129364
190 6.8178 -0.3121 pedestrian 0.8736979961395264
191 8.7352 0.2142 pedestrian 0.9059165418148041
191 6.8178 -0.3121 pedestrian 0.8686991035938263
192 8.7352 0.1981 pedestrian 0.878155529499054
192 6.8178 -0.2956 pedestrian 0.8279388546943665
193 8.7352 0.1981 pedestrian 0.8910088539123535
193 6.8178 -0.2956 pedestrian 0.8433523774147034
194 8.7352 0.1981 pedestrian 0.9004586040973663
194 6.8178 -0.2792 pedestrian 0.8574108481407166
195 8.7352 0.1981 pedestrian 0.9032359719276428
195 6.8178 -0.2792 pedestrian 0.8674210608005524
196 8.7352 0.1981 pedestrian 0.9036109149456024
196 6.8178 -0.2792 pedestrian 0.8755891025066376
197 8.7352 0.1981 pedestrian 0.8988326191902161
197 6.8178 -0.2792 pedestrian 0.8787869811058044
198 8.7352 0.1821 pedestrian 0.8910792171955109
198 6.8178 -0.2792 pedestrian 0.877689003944397
199 8.7352 0.1821 pedestrian 0.8819836974143982
199 6.8178 -0.2629 pedestrian 0.8750023245811462
200 6.8178 -0.2466 pedestrian 0.8728590607643127
200 8.7352 0.1661 pedestrian 0.8554199039936066
201 6.8178 -0.2466 pedestrian 0.8805602788925171
201 8.7352 0.1661 pedestrian 0.8611853122711182
202 6.8178 -0.2466 pedestrian 0.8865395486354828
202 8.7352 0.1661 pedestrian 0.8659296333789825
203 6.8178 -0.2304 pedestrian 0.8924089074134827
203 8.7352 0.1661 pedestrian 0.8655126094818115
204 6.8178 -0.2304 pedestrian 0.8961806297302246
204 8.7352 0.1661 pedestrian 0.8658217787742615
205 6.8178 -0.2304 pedestrian 0.8966917395591736
205 8.7352 0.1502 pedestrian 0.8708166182041168
206 6.8178 -0.2304 pedestrian 0.8936765491962433
206 8.7352 0.1502 pedestrian 0.871765673160553
207 6.8178 -0.2142 pedestrian 0.8889141082763672
207 8.7352 0.1502 pedestrian 0.8673199117183685
208 6.8178 -0.2142 pedestrian 0.897186815738678
208 8.7352 0.1343 pedestrian 0.8549759089946747
209 6.8178 -0.1981 pedestrian 0.9082121551036835
209 8.5222 0.1343 pedestrian 0.8604232966899872
210 6.8178 -0.1981 pedestrian 0.915120393037796
210 8.5222 0.1343 pedestrian 0.8664100170135498
211 6.8178 -0.1981 pedestrian 0.9163796007633209
211 8.5222 0.1184 pedestrian 0.8720490634441376
212 6.8178 -0.1981 pedestrian 0.9143938422203064
212 8.5222 0.1184 pedestrian 0.8808093965053558
213 6.8178 -0.1821 pedestrian 0.9104374349117279
213 8.5222 0.1184 pedestrian 0.8902093470096588
214 6.8178 -0.1821 pedestrian 0.9085196852684021
214 8.5222 0.1184 pedestrian 0.8927918076515198
215 6.8178 -0.1821 pedestrian 0.9013001918792725
215 8.5222 0.1184 pedestrian 0.8897614479064941
216 6.6047 -0.1661 pedestrian 0.8812806606292725
216 8.5222 0.1025 pedestrian 0.8753940463066101
217 6.6047 -0.1661 pedestrian 0.8923729062080383
217 8.5222 0.1025 pedestrian 0.8843699395656586
218 6.6047 -0.1502 pedestrian 0.902179628610611
218 8.5222 0.1025 pedestrian 0.8903135061264038
219 6.6047 -0.1502 pedestrian 0.9081486761569977
219 8.5222 0.0867 pedestrian 0.8922030627727509
220 6.6047 -0.1502 pedestrian 0.9099626243114471
220 8.5222 0.0867 pedestrian 0.8969622552394867
221 6.6047 -0.1502 pedestrian 0.9095517694950104
221 8.5222 0.0867 pedestrian 0.904936820268631
222 8.5222 0.0867 pedestrian 0.9089250862598419
222 6.6047 -0.1502 pedestrian 0.9062299132347107
223 8.5222 0.0867 pedestrian 0.9080227017402649
223 6.6047 -0.1502 pedestrian 0.8989204168319702
224 8.5222 0.0709 pedestrian 0.9094370305538177
224 6.6047 -0.1184 pedestrian 0.8687780499458313
225 8.5222 0.0709 pedestrian 0.9127409160137177
225 6.6047 -0.1184 pedestrian 0.8770870566368103
226 8.5222 0.0709 pedestrian 0.9150382578372955
226 6.6047 -0.1184 pedestrian 0.8812876343727112
227 8.5222 0.0709 pedestrian 0.9149949550628662
227 6.6047 -0.1025 pedestrian 0.8815261721611023
228 8.5222 0.0709 pedestrian 0.9133985638618469
228 6.6047 -0.1025 pedestrian 0.8855133950710297
229 8.3091 0.0551 pedestrian 0.9136642515659332
229 6.6047 -0.1025 pedestrian 0.8869205117225647
230 8.3091 0.0551 pedestrian 0.9148098528385162
230 6.6047 -0.1025 pedestrian 0.8849963247776031
231 8.3091 0.0551 pedestrian 0.9117814898490906
231 6.6047 -0.0867 pedestrian 0.8832451701164246
232 6.8178 -0.0709 pedestrian 0.8781382143497467
232 8.5222 0.0394 pedestrian 0.8706010282039642
233 6.8178 -0.0709 pedestrian 0.8905013203620911
233 8.5222 0.0394 pedestrian 0.8788987994194031
234 6.8178 -0.0709 pedestrian 0.8988505601882935
234 8.3091 0.0236 pedestrian 0.887876957654953
235 6.8178 -0.0709 pedestrian 0.9040008187294006
235 8.3091 0.0236 pedestrian 0.8940908312797546
236 6.8178 -0.0709 pedestrian 0.9040594100952148
236 8.3091 0.0236 pedestrian 0.8958967626094818
237 6.8178 -0.0709 pedestrian 0.9029825031757355
237 8.3091 0.0236 pedestrian 0.8969593942165375
238 6.8178 -0.0551 pedestrian 0.8991978168487549
238 8.3091 0.0079 pedestrian 0.8944110572338104
239 6.8178 -0.0551 pedestrian 0.8934730589389801
239 8.3091 0.0079 pedestrian 0.8913117349147797
240 8.3091 -0.0079 pedestrian 0.8852192163467407
240 6.8178 -0.0551 pedestrian 0.8775919079780579
241 8.3091 -0.0236 pedestrian 0.9000804424285889
241 6.8178 -0.0551 pedestrian 0.8843876719474792
242 8.3091 -0.0236 pedestrian 0.913239449262619
242 6.8178 -0.0394 pedestrian 0.8911455869674683
243 8.3091 -0.0236 pedestrian 0.9206595718860626
243 6.8178 -0.0394 pedestrian 0.892390638589859
244 8.3091 -0.0236 pedestrian 0.9230863451957703
244 6.8178 -0.0394 pedestrian 0.8863451182842255
245 8.3091 -0.0236 pedestrian 0.9238637685775757
245 6.6047 -0.0394 pedestrian 0.8765023648738861
246 8.3091 -0.0236 pedestrian 0.9212237596511841
246 6.6047 -0.0236 pedestrian 0.8679148554801941
247 8.3091 -0.0236 pedestrian 0.91321861743927
247 6.6047 -0.0236 pedestrian 0.8638621270656586
248 8.3091 -0.0394 pedestrian 0.9112429916858673
248 6.6047 0.0079 pedestrian 0.8193212747573853
249 8.3091 -0.0394 pedestrian 0.9189038276672363
249 6.6047 0.0079 pedestrian 0.8380499184131622
250 8.3091 -0.0394 pedestrian 0.9232335090637207
250 6.6047 0.0079 pedestrian 0.8487695753574371
251 8.3091 -0.0551 pedestrian 0.926932692527771
251 6.6047 0.0236 pedestrian 0.8553865551948547
252 8.3091 -0.0551 pedestrian 0.9297283887863159
252 6.6047 0.0236 pedestrian 0.8634752929210663
253 8.3091 -0.0551 pedestrian 0.9310882389545441
253 6.6047 0.0236 pedestrian 0.865039050579071
254 8.3091 -0.0551 pedestrian 0.928638368844986
254 6.6047 0.0394 pedestrian 0.8659953474998474
255 8.3091 -0.0551 pedestrian 0.9233658015727997
255 6.6047 0.0394 pedestrian 0.8699018061161041
256 8.3091 -0.0709 pedestrian 0.9247616529464722
256 6.6047 0.0709 pedestrian 0.8696131408214569
257 8.3091 -0.0709 pedestrian 0.931352823972702
257 6.6047 0.0709 pedestrian 0.8807816207408905
258 8.3091 -0.0709 pedestrian 0.9356334209442139
258 6.6047 0.0709 pedestrian 0.8868117332458496
259 8.3091 -0.0709 pedestrian 0.9386889934539795
259 6.6047 0.0867 pedestrian 0.895924985408783
260 8.3091 -0.0709 pedestrian 0.9397980570793152
260 6.6047 0.0867 pedestrian 0.9016281962394714
261 8.0961 -0.0709 pedestrian 0.9414962232112885
261 6.6047 0.1025 pedestrian 0.9037034511566162
262 8.0961 -0.0867 pedestrian 0.9423689246177673
262 6.6047 0.1025 pedestrian 0.907200813293457
263 8.0961 -0.0867 pedestrian 0.9414511919021606
263 6.6047 0.1025 pedestrian 0.9029572010040283
264 8.0961 -0.0867 pedestrian 0.9316980540752411
264 6.6047 0.1343 pedestrian 0.8908829391002655
265 8.0961 -0.0867 pedestrian 0.9381946921348572
265 6.6047 0.1343 pedestrian 0.9036988615989685
266 8.0961 -0.1025 pedestrian 0.9449319243431091
266 6.6047 0.1343 pedestrian 0.9117546677589417
267 8.0961 -0.1025 pedestrian 0.9495921432971954
267 6.6047 0.1343 pedestrian 0.9159287810325623
268 8.0961 -0.1025 pedestrian 0.951751172542572
268 6.6047 0.1502 pedestrian 0.919914722442627
269 8.0961 -0.1025 pedestrian 0.9519098401069641
269 6.6047 0.1502 pedestrian 0.9231565892696381
270 8.0961 -0.1025 pedestrian 0.9490349590778351
270 6.6047 0.1502 pedestrian 0.9226160049438477
271 8.0961 -0.1025 pedestrian 0.9436120986938477
271 6.6047 0.1502 pedestrian 0.9191558063030243
272 8.0961 -0.1184 pedestrian 0.9302240312099457
272 6.8178 0.1661 pedestrian 0.9060696661472321
273 8.0961 -0.1184 pedestrian 0.9399209022521973
273 6.8178 0.1661 pedestrian 0.9159412682056427
274 8.0961 -0.1184 pedestrian 0.9457260966300964
274 6.8178 0.1661 pedestrian 0.9234216511249542
275 8.0961 -0.1184 pedestrian 0.9480772614479065
275 6.8178 0.1661 pedestrian 0.9268883764743805
276 8.0961 -0.1184 pedestrian 0.9488021433353424
276 6.8178 0.1821 pedestrian 0.9280137121677399
277 8.0961 -0.1184 pedestrian 0.948288083076477
277 6.8178 0.1821 pedestrian 0.9272153377532959
278 8.0961 -0.1184 pedestrian 0.9465998113155365
278 6.8178 0.1821 pedestrian 0.9244178533554077
279 8.0961 -0.1184 pedestrian 0.9441904723644257
279 6.8178 0.1821 pedestrian 0.918264776468277
280 8.0961 -0.1343 pedestrian 0.9252141714096069
280 6.8178 0.1981 pedestrian 0.8861479759216309
281 8.0961 -0.1343 pedestrian 0.931626707315445
281 6.8178 0.1981 pedestrian 0.8909202516078949
282 8.0961 -0.1343 pedestrian 0.9362041354179382
282 6.8178 0.1981 pedestrian 0.893963098526001
283 8.0961 -0.1343 pedestrian 0.9378789663314819
283 6.8178 0.1981 pedestrian 0.8930273354053497
284 8.0961 -0.1343 pedestrian 0.937996119260788
284 6.8178 0.2142 pedestrian 0.8934838175773621
285 8.0961 -0.1343 pedestrian 0.9370146691799164
285 6.8178 0.2142 pedestrian 0.8921752572059631
286 8.0961 -0.1343 pedestrian 0.9334962069988251
286 6.8178 0.2142 pedestrian 0.8893677592277527
287 8.0961 -0.1343 pedestrian 0.9255567789077759
287 6.8178 0.2142 pedestrian 0.883682131767273
288 8.0961 -0.1502 pedestrian 0.9079055190086365
288 6.8178 0.2304 pedestrian 0.87725430727005
289 8.0961 -0.1502 pedestrian 0.9143568575382233
289 6.8178 0.2304 pedestrian 0.8785151243209839
290 8.0961 -0.1502 pedestrian 0.9184764623641968
290 6.8178 0.2466 pedestrian 0.8798530399799347
291 8.3091 -0.1502 pedestrian 0.9209854304790497
291 6.8178 0.2466 pedestrian 0.8785579204559326
292 8.3091 -0.1502 pedestrian 0.9225546717643738
292 7.0308 0.2466 pedestrian 0.8729428648948669
293 8.3091 -0.1502 pedestrian 0.9230194389820099
293 7.0308 0.2466 pedestrian 0.8675312995910645
294 8.3091 -0.1661 pedestrian 0.9204733073711395
294 7.0308 0.2629 pedestrian 0.866910845041275
295 8.3091 -0.1661 pedestrian 0.9160933792591095
295 7.0308 0.2629 pedestrian 0.8622379899024963
296 8.3091 -0.1821 pedestrian 0.8888151049613953
296 7.0308 0.2956 pedestrian 0.8684919774532318
297 8.3091 -0.1821 pedestrian 0.9038030803203583
297 7.0308 0.2956 pedestrian 0.877815842628479
298 8.3091 -0.1821 pedestrian 0.9145097434520721
298 7.0308 0.2956 pedestrian 0.8820077776908875
299 8.3091 -0.1821 pedestrian 0.9191667437553406
299 7.0308 0.3121 pedestrian 0.8821751475334167
300 8.3091 -0.1821 pedestrian 0.9213307499885559
300 7.0308 0.3121 pedestrian 0.8831172585487366
301 8.3091 -0.1821 pedestrian 0.9243625700473785
301 7.2439 0.3121 pedestrian 0.8846954703330994
302 8.3091 -0.1821 pedestrian 0.9234948754310608
302 7.2439 0.3121 pedestrian 0.8850371837615967
303 8.3091 -0.1981 pedestrian 0.918283075094223
303 7.2439 0.3121 pedestrian 0.8798322081565857
304 8.3091 -0.1981 pedestrian 0.91157466173172
304 7.2439 0.3287 pedestrian 0.8528356850147247
305 8.3091 -0.1981 pedestrian 0.9214023351669312
305 7.2439 0.3287 pedestrian 0.8592157959938049
306 8.3091 -0.1981 pedestrian 0.9263942539691925
306 7.2439 0.3287 pedestrian 0.8630453646183014
307 8.3091 -0.1981 pedestrian 0.9274639785289764
307 7.2439 0.3454 pedestrian 0.8641962110996246
308 8.3091 -0.1981 pedestrian 0.9248623549938202
308 7.2439 0.3454 pedestrian 0.8611837327480316
309 8.3091 -0.2142 pedestrian 0.9219313263893127
309 7.2439 0.3454 pedestrian 0.8581840693950653
310 8.3091 -0.2142 pedestrian 0.9200531840324402
310 7.2439 0.3454 pedestrian 0.8526475727558136
311 8.3091 -0.2142 pedestrian 0.9130210280418396
311 7.2439 0.3454 pedestrian 0.8384087383747101
312 8.3091 -0.2304 pedestrian 0.9149552881717682
312 7.2439 0.3622 pedestrian 0.8495706915855408
313 8.3091 -0.2304 pedestrian 0.9218145608901978
313 7.4569 0.3791 pedestrian 0.8566555082798004
314 8.3091 -0.2304 pedestrian 0.9247684180736542
314 7.4569 0.3791 pedestrian 0.8697502911090851
315 8.3091 -0.2304 pedestrian 0.924954742193222
315 7.4569 0.3791 pedestrian 0.878593772649765
316 8.3091 -0.2304 pedestrian 0.9218595027923584
316 7.4569 0.3791 pedestrian 0.8816709816455841
317 8.3091 -0.2304 pedestrian 0.917509526014328
317 7.4569 0.3791 pedestrian 0.8850383758544922
318 8.3091 -0.2466 pedestrian 0.9132821559906006
318 7.4569 0.3791 pedestrian 0.8853358626365662
319 8.5222 -0.2466 pedestrian 0.9086917340755463
319 7.4569 0.3791 pedestrian 0.8826074600219727
320 8.5222 -0.2466 pedestrian 0.8964776396751404
320 7.4569 0.3961 pedestrian 0.8824255168437958
321 8.5222 -0.2466 pedestrian 0.9058351814746857
321 7.4569 0.3961 pedestrian 0.8925780355930328
322 8.5222 -0.2629 pedestrian 0.9144057035446167
322 7.4569 0.3961 pedestrian 0.9001825153827667
323 8.5222 -0.2629 pedestrian 0.920278400182724
323 7.4569 0.3961 pedestrian 0.9015735387802124
324 8.5222 -0.2629 pedestrian 0.9220403432846069
324 7.6700 0.4132 pedestrian 0.9033745229244232
325 8.5222 -0.2629 pedestrian 0.9234770238399506
325 7.6700 0.4132 pedestrian 0.9088441431522369
326 8.5222 -0.2629 pedestrian 0.9223343431949615
326 7.6700 0.4132 pedestrian 0.9122712016105652
327 8.5222 -0.2629 pedestrian 0.9147458076477051
327 7.6700 0.4132 pedestrian 0.9124620854854584
328 8.5222 -0.2629 pedestrian 0.9053279757499695
328 7.6700 0.4305 pedestrian 0.890199601650238
329 8.5222 -0.2629 pedestrian 0.911661297082901
329 7.6700 0.4305 pedestrian 0.9004552960395813
330 8.5222 -0.2629 pedestrian 0.9159776270389557
330 7.6700 0.4305 pedestrian 0.9085324108600616
331 8.7352 -0.2629 pedestrian 0.9200549721717834
331 7.6700 0.4305 pedestrian 0.9103380143642426
332 8.7352 -0.2629 pedestrian 0.9257033467292786
332 7.6700 0.4305 pedestrian 0.9083878993988037
333 8.7352 -0.2629 pedestrian 0.9282238781452179
333 7.6700 0.4305 pedestrian 0.9051195979118347
334 8.7352 -0.2629 pedestrian 0.9270903170108795
334 7.6700 0.4305 pedestrian 0.9005819857120514
335 8.7352 -0.2629 pedestrian 0.9216707348823547
335 7.6700 0.4305 pedestrian 0.8916626870632172
336 7.8830 0.4479 pedestrian 0.8938479721546173
336 8.7352 -0.2792 pedestrian 0.8767583072185516
337 7.8830 0.4479 pedestrian 0.9049133062362671
337 8.7352 -0.2792 pedestrian 0.8866798877716064
338 7.8830 0.4479 pedestrian 0.9097824990749359
338 8.7352 -0.2792 pedestrian 0.8919601142406464
339 7.8830 0.4479 pedestrian 0.9114237427711487
339 8.7352 -0.2792 pedestrian 0.8924439549446106
340 7.8830 0.4479 pedestrian 0.9101839065551758
340 8.9483 -0.2792 pedestrian 0.8951298892498016
341 7.8830 0.4479 pedestrian 0.908357560634613
341 8.9483 -0.2792 pedestrian 0.9018018841743469
342 8.9483 -0.2792 pedestrian 0.9056734144687653
342 7.8830 0.4654 pedestrian 0.9032845795154572
343 8.9483 -0.2792 pedestrian 0.9026139676570892
343 7.8830 0.4654 pedestrian 0.8955249190330505
344 8.9483 -0.2956 pedestrian 0.9117160439491272
344 8.0961 0.4831 pedestrian 0.8434549570083618
345 8.9483 -0.2956 pedestrian 0.9237579703330994
345 8.0961 0.4831 pedestrian 0.8565583229064941
346 8.9483 -0.2956 pedestrian 0.9323610067367554
346 8.0961 0.4831 pedestrian 0.8650247752666473
347 8.9483 -0.2956 pedestrian 0.9356508553028107
347 8.0961 0.4831 pedestrian 0.8663174211978912
348 8.9483 -0.2956 pedestrian 0.9379338920116425
348 8.0961 0.4831 pedestrian 0.8634799420833588
349 8.9483 -0.2956 pedestrian 0.937833845615387
349 8.0961 0.5010 pedestrian 0.8691006302833557
350 8.9483 -0.2956 pedestrian 0.9359149038791656
350 8.0961 0.5010 pedestrian 0.8717696368694305
351 8.9483 -0.2956 pedestrian 0.9305815994739532
351 8.0961 0.5010 pedestrian 0.8646742403507233
352 8.9483 -0.2956 pedestrian 0.9065524935722351
352 8.0961 0.5373 pedestrian 0.8875625133514404
353 8.9483 -0.2956 pedestrian 0.9142892956733704
353 8.0961 0.5373 pedestrian 0.8998939692974091
354 8.9483 -0.2956 pedestrian 0.9183081388473511
354 8.0961 0.5373 pedestrian 0.9067850708961487
355 8.9483 -0.2956 pedestrian 0.91751828789711
355 8.3091 0.5373 pedestrian 0.9099834263324738
356 9.1614 -0.2956 pedestrian 0.9173689484596252
356 8.3091 0.5373 pedestrian 0.9161002039909363
357 8.3091 0.5373 pedestrian 0.9220320582389832
357 9.1614 -0.2956 pedestrian 0.9197619259357452
358 8.3091 0.5373 pedestrian 0.9250695705413818
358 9.1614 -0.2956 pedestrian 0.9200726747512817
359 8.3091 0.5373 pedestrian 0.9216602444648743
359 9.1614 -0.2956 pedestrian 0.9189583361148834
360 9.1614 -0.3121 pedestrian 0.9123437404632568
360 8.3091 0.5373 pedestrian 0.8997542858123779
361 9.1614 -0.3121 pedestrian 0.9218089282512665
361 8.3091 0.5191 pedestrian 0.9068126380443573
362 9.1614 -0.3121 pedestrian 0.9277209341526031
362 8.3091 0.5191 pedestrian 0.9131332635879517
363 9.1614 -0.3121 pedestrian 0.9298462271690369
363 8.3091 0.5191 pedestrian 0.9163051247596741
364 9.1614 -0.3121 pedestrian 0.930818498134613
364 8.3091 0.5191 pedestrian 0.9170226752758026
365 9.1614 -0.3121 pedestrian 0.931262195110321
365 8.3091 0.5191 pedestrian 0.915772944688797
366 9.1614 -0.3121 pedestrian 0.9304490983486176
366 8.3091 0.5373 pedestrian 0.9092537462711334
367 9.1614 -0.3121 pedestrian 0.9254895746707916
367 8.5222 0.5191 pedestrian 0.8962552547454834
368 9.1614 -0.3121 pedestrian 0.9123841226100922
368 8.5222 0.5191 pedestrian 0.878478467464447
369 9.1614 -0.3121 pedestrian 0.9215539693832397
369 8.5222 0.5373 pedestrian 0.8894696533679962
370 9.1614 -0.3121 pedestrian 0.9276421368122101
370 8.5222 0.5373 pedestrian 0.8975096642971039
371 9.1614 -0.3121 pedestrian 0.9303278923034668
371 8.5222 0.5373 pedestrian 0.9009645879268646
372 9.1614 -0.3121 pedestrian 0.9324280917644501
372 8.5222 0.5373 pedestrian 0.9020011723041534
373 9.1614 -0.3121 pedestrian 0.9335095286369324
373 8.5222 0.5373 pedestrian 0.8971315920352936
374 9.1614 -0.3121 pedestrian 0.9316004514694214
374 8.7352 0.5373 pedestrian 0.899242639541626
375 9.1614 -0.3121 pedestrian 0.9267812073230743
375 8.7352 0.5373 pedestrian 0.8946428894996643
376 9.1614 -0.2956 pedestrian 0.9050337374210358
376 8.7352 0.5373 pedestrian 0.8955804109573364
377 9.1614 -0.2956 pedestrian 0.911499947309494
377 8.7352 0.5373 pedestrian 0.9042248129844666
378 9.1614 -0.2956 pedestrian 0.9145402014255524
378 8.7352 0.5373 pedestrian 0.9109693765640259
379 8.7352 0.5373 pedestrian 0.9141256213188171
379 9.1614 -0.2956 pedestrian 0.9138654172420502
380 8.7352 0.5373 pedestrian 0.9138608276844025
380 9.1614 -0.2956 pedestrian 0.9117318093776703
381 8.7352 0.5373 pedestrian 0.9105775654315948
381 9.1614 -0.2956 pedestrian 0.9075478613376617
382 9.1614 -0.2792 pedestrian 0.9033748209476471
382 8.7352 0.5373 pedestrian 0.9013038277626038
383 9.1614 -0.2792 pedestrian 0.8987062871456146
383 8.7352 0.5373 pedestrian 0.8828624188899994
384 9.3744 -0.2792 pedestrian 0.8932974934577942
384 8.7352 0.5191 pedestrian 0.7790360748767853
385 9.3744 -0.2792 pedestrian 0.9033643007278442
385 8.7352 0.5191 pedestrian 0.7830270230770111
386 9.3744 -0.2792 pedestrian 0.9110423028469086
386 8.9483 0.5191 pedestrian 0.7929123640060425
387 9.3744 -0.2792 pedestrian 0.9140385985374451
387 8.9483 0.5191 pedestrian 0.7984593510627747
388 9.3744 -0.2629 pedestrian 0.9169623851776123
388 8.9483 0.5191 pedestrian 0.8009641170501709
389 9.3744 -0.2629 pedestrian 0.9195238053798676
389 8.9483 0.5191 pedestrian 0.7951855361461639
390 9.3744 -0.2629 pedestrian 0.9199829399585724
390 8.9483 0.5191 pedestrian 0.7575831115245819
391 9.3744 -0.2629 pedestrian 0.917312353849411
391 8.9483 0.5191 pedestrian 0.6861231923103333
392 9.3744 -0.2629 pedestrian 0.9177102744579315
392 8.9483 0.5191 pedestrian 0.6756312549114227
393 9.3744 -0.2466 pedestrian 0.925870954990387
393 8.9483 0.5191 pedestrian 0.7070819139480591
394 9.3744 -0.2466 pedestrian 0.9329427182674408
394 8.9483 0.5191 pedestrian 0.7330970764160156
395 9.3744 -0.2466 pedestrian 0.934852659702301
395 8.9483 0.5191 pedestrian 0.7526243329048157
396 9.3744 -0.2466 pedestrian 0.9346339106559753
396 8.9483 0.5010 pedestrian 0.7712798118591309
397 9.3744 -0.2466 pedestrian 0.9320903420448303
397 8.9483 0.5010 pedestrian 0.7831631600856781
398 9.3744 -0.2466 pedestrian 0.9284762144088745
398 8.9483 0.5010 pedestrian 0.7713681757450104
399 9.3744 -0.2466 pedestrian 0.920207142829895
399 8.9483 0.5010 pedestrian 0.7474333643913269
400 9.3744 -0.2304 pedestrian 0.892095535993576
400 8.9483 0.4654 pedestrian 0.8266156613826752
401 9.3744 -0.2304 pedestrian 0.9034821391105652
401 8.9483 0.4654 pedestrian 0.8472012579441071
402 9.3744 -0.2304 pedestrian 0.9101293087005615
402 8.9483 0.4654 pedestrian 0.8629676401615143
403 9.3744 -0.2304 pedestrian 0.9129417836666107
403 8.9483 0.4654 pedestrian 0.8716356456279755
404 9.3744 -0.2304 pedestrian 0.9129611253738403
404 8.9483 0.4654 pedestrian 0.8764172792434692
405 9.3744 -0.2304 pedestrian 0.9114244282245636
405 8.9483 0.4654 pedestrian 0.8770212233066559
406 9.3744 -0.2304 pedestrian 0.9091349542140961
406 8.9483 0.4654 pedestrian 0.8706036806106567
407 9.3744 -0.2304 pedestrian 0.9056767523288727
407 8.9483 0.4479 pedestrian 0.8616867363452911
408 9.3744 -0.2304 pedestrian 0.8947547674179077
408 8.9483 0.4305 pedestrian 0.8472621440887451
409 9.3744 -0.2304 pedestrian 0.9075492024421692
409 8.9483 0.4305 pedestrian 0.8611156046390533
410 9.3744 -0.2142 pedestrian 0.9159010052680969
410 8.9483 0.4305 pedestrian 0.8696658313274384
411 9.3744 -0.2142 pedestrian 0.9208281338214874
411 8.9483 0.4305 pedestrian 0.870368480682373
412 9.3744 -0.2142 pedestrian 0.9250520169734955
412 8.9483 0.4305 pedestrian 0.8704341948032379
413 9.3744 -0.2142 pedestrian 0.927046000957489
413 8.9483 0.4132 pedestrian 0.869257926940918
414 9.3744 -0.2142 pedestrian 0.9260552823543549
414 8.9483 0.4132 pedestrian 0.8624566495418549
415 9.3744 -0.2142 pedestrian 0.9214369058609009
415 8.9483 0.4132 pedestrian 0.8490729331970215
416 9.3744 -0.1981 pedestrian 0.9122423827648163
416 8.9483 0.4132 pedestrian 0.8760730624198914
417 9.3744 -0.1981 pedestrian 0.9204725921154022
417 8.9483 0.3961 pedestrian 0.8837076723575592
418 9.3744 -0.1981 pedestrian 0.9261391758918762
418 8.7352 0.3961 pedestrian 0.892888069152832
419 9.3744 -0.1981 pedestrian 0.9280936121940613
419 8.7352 0.3961 pedestrian 0.8993385136127472
420 9.3744 -0.1981 pedestrian 0.9272805154323578
420 8.7352 0.3961 pedestrian 0.9036406576633453
421 9.3744 -0.1981 pedestrian 0.9242565035820007
421 8.7352 0.3961 pedestrian 0.9071856439113617
422 9.3744 -0.1981 pedestrian 0.9195178151130676
422 8.7352 0.3961 pedestrian 0.9078693985939026
423 9.3744 -0.1981 pedestrian 0.9104432761669159
423 8.7352 0.3961 pedestrian 0.9050458371639252
424 9.3744 -0.1821 pedestrian 0.9118127226829529
424 8.7352 0.3791 pedestrian 0.8880904912948608
425 9.3744 -0.1821 pedestrian 0.9170393943786621
425 8.7352 0.3791 pedestrian 0.8994807004928589
426 9.3744 -0.1821 pedestrian 0.9214413464069366
426 8.7352 0.3791 pedestrian 0.9077213704586029
427 9.3744 -0.1821 pedestrian 0.9229908287525177
427 8.7352 0.3791 pedestrian 0.9124932289123535
428 9.3744 -0.1821 pedestrian 0.9218004643917084
428 8.7352 0.3791 pedestrian 0.9155791103839874
429 9.3744 -0.1821 pedestrian 0.9179666340351105
429 8.7352 0.3791 pedestrian 0.9170148074626923
430 9.3744 -0.1821 pedestrian 0.9150928854942322
430 8.7352 0.3791 pedestrian 0.9133819937705994
431 9.3744 -0.1821 pedestrian 0.908130943775177
431 8.7352 0.3791 pedestrian 0.9054996371269226
432 8.7352 0.3622 pedestrian 0.9065136313438416
432 9.3744 -0.1661 pedestrian 0.902672290802002
433 8.7352 0.3622 pedestrian 0.9141060709953308
433 9.3744 -0.1661 pedestrian 0.9068324267864227
434 8.7352 0.3622 pedestrian 0.9195686280727386
434 9.3744 -0.1661 pedestrian 0.9100702106952667
435 8.7352 0.3622 pedestrian 0.9207539558410645
435 9.3744 -0.1661 pedestrian 0.9095964431762695
436 8.7352 0.3622 pedestrian 0.9197998046875
436 9.3744 -0.1661 pedestrian 0.9061689078807831
437 8.7352 0.3622 pedestrian 0.9180351793766022
437 9.3744 -0.1661 pedestrian 0.9013955295085907
438 8.7352 0.3622 pedestrian 0.9138282835483551
438 9.3744 -0.1661 pedestrian 0.8969962000846863
439 8.7352 0.3622 pedestrian 0.9036278426647186
439 9.3744 -0.1661 pedestrian 0.8867688477039337
440 9.1614 -0.1502 pedestrian 0.8948377966880798
440 8.7352 0.3454 pedestrian 0.8748647570610046
441 9.1614 -0.1502 pedestrian 0.8994200527667999
441 8.5222 0.3287 pedestrian 0.8909325301647186
442 8.5222 0.3287 pedestrian 0.907385915517807
442 9.3744 -0.1343 pedestrian 0.9057605266571045
443 8.5222 0.3287 pedestrian 0.9168091416358948
443 9.3744 -0.1343 pedestrian 0.9090905487537384
444 8.5222 0.3287 pedestrian 0.9195446372032166
444 9.3744 -0.1343 pedestrian 0.9078719615936279
445 8.5222 0.3287 pedestrian 0.9183361828327179
445 9.3744 -0.1343 pedestrian 0.9059576690196991
446 8.5222 0.3287 pedestrian 0.915116548538208
446 9.3744 -0.1343 pedestrian 0.9043907821178436
447 8.5222 0.3287 pedestrian 0.9072583317756653
447 9.3744 -0.1343 pedestrian 0.8969914615154266
448 9.1614 -0.1184 pedestrian 0.9020783603191376
448 8.5222 0.2956 pedestrian 0.8763781189918518
449 9.1614 -0.1184 pedestrian 0.9111605286598206
449 8.5222 0.2956 pedestrian 0.8895088732242584
450 9.1614 -0.1184 pedestrian 0.9176326394081116
450 8.5222 0.2956 pedestrian 0.8969843983650208
451 9.1614 -0.1184 pedestrian 0.9205520451068878
451 8.5222 0.2956 pedestrian 0.8967814445495605
452 9.1614 -0.1184 pedestrian 0.9211051762104034
452 8.5222 0.2956 pedestrian 0.8941298425197601
453 9.1614 -0.1184 pedestrian 0.9196664690971375
453 8.5222 0.2792 pedestrian 0.8929641842842102
454 9.1614 -0.1184 pedestrian 0.9178803563117981
454 8.3091 0.2792 pedestrian 0.8916673362255096
455 9.1614 -0.1184 pedestrian 0.9131192862987518
455 8.3091 0.2792 pedestrian 0.8889053761959076
456 8.3091 0.2629 pedestrian 0.898588091135025
456 9.1614 -0.1025 pedestrian 0.8799178898334503
457 8.3091 0.2629 pedestrian 0.9114114940166473
457 9.1614 -0.1025 pedestrian 0.8937357366085052
458 8.3091 0.2629 pedestrian 0.9205344319343567
458 9.1614 -0.1025 pedestrian 0.9022980630397797
459 8.3091 0.2466 pedestrian 0.927962988615036
459 9.1614 -0.1025 pedestrian 0.9072436690330505
460 8.3091 0.2466 pedestrian 0.9333111047744751
460 9.1614 -0.1025 pedestrian 0.909041702747345
461 8.3091 0.2466 pedestrian 0.937693327665329
461 9.1614 -0.1025 pedestrian 0.9072153568267822
462 8.3091 0.2466 pedestrian 0.938294380903244
462 9.1614 -0.0867 pedestrian 0.9014439582824707
463 8.3091 0.2466 pedestrian 0.9363753199577332
463 9.1614 -0.0867 pedestrian 0.8936696946620941
464 8.3091 0.2466 pedestrian 0.9192324876785278
464 9.1614 -0.0867 pedestrian 0.9163434505462646
465 8.3091 0.2466 pedestrian 0.9307690262794495
465 9.1614 -0.0709 pedestrian 0.9256475269794464
466 8.3091 0.2466 pedestrian 0.9370449781417847
466 9.1614 -0.0709 pedestrian 0.9349839389324188
467 9.1614 -0.0709 pedestrian 0.9415896534919739
467 8.3091 0.2466 pedestrian 0.9404111206531525
468 9.1614 -0.0709 pedestrian 0.9434903264045715
468 8.3091 0.2466 pedestrian 0.9422126710414886
469 8.0961 0.2304 pedestrian 0.9431492984294891
469 9.1614 -0.0709 pedestrian 0.9417561292648315
470 8.0961 0.2304 pedestrian 0.9427131712436676
470 9.1614 -0.0709 pedestrian 0.9356837570667267
471 8.0961 0.2304 pedestrian 0.9382883310317993
471 9.1614 -0.0551 pedestrian 0.9269732236862183
472 9.1614 -0.0551 pedestrian 0.9299896955490112
472 8.0961 0.2304 pedestrian 0.9168769121170044
473 9.1614 -0.0551 pedestrian 0.9373776316642761
473 8.0961 0.2142 pedestrian 0.935106098651886
474 8.0961 0.2142 pedestrian 0.9456662833690643
474 9.1614 -0.0551 pedestrian 0.9425843358039856
475 8.0961 0.2142 pedestrian 0.9505500495433807
475 9.1614 -0.0551 pedestrian 0.9444634914398193
476 8.0961 0.2142 pedestrian 0.9507852494716644
476 9.1614 -0.0394 pedestrian 0.942980170249939
477 8.0961 0.2142 pedestrian 0.9491373896598816
477 9.1614 -0.0394 pedestrian 0.9394537210464478
478 8.0961 0.2142 pedestrian 0.9451864063739777
478 9.1614 -0.0394 pedestrian 0.930716335773468
479 8.0961 0.2142 pedestrian 0.9370723366737366
479 9.1614 -0.0394 pedestrian 0.9153982698917389
480 8.0961 0.1981 pedestrian 0.933527261018753
480 9.3744 -0.0079 pedestrian 0.862671434879303
481 8.0961 0.1821 pedestrian 0.9404488503932953
481 9.3744 -0.0079 pedestrian 0.8808868229389191
482 8.0961 0.1821 pedestrian 0.9449159801006317
482 9.3744 -0.0079 pedestrian 0.8971058130264282
483 8.0961 0.1821 pedestrian 0.9452172517776489
483 9.3744 -0.0079 pedestrian 0.9079367220401764
484 8.0961 0.1821 pedestrian 0.9409821927547455
484 9.3744 -0.0079 pedestrian 0.9134619235992432
485 8.0961 0.1821 pedestrian 0.9350047409534454
485 9.3744 -0.0079 pedestrian 0.9187889397144318
486 8.0961 0.1821 pedestrian 0.924917459487915
486 9.3744 -0.0079 pedestrian 0.9190698862075806
487 9.3744 0.0079 pedestrian 0.9119852185249329
487 7.8830 0.1661 pedestrian 0.9097288846969604
488 7.8830 0.1502 pedestrian 0.901386171579361
488 9.3744 0.0079 pedestrian 0.894782304763794
489 7.8830 0.1343 pedestrian 0.9062513709068298
489 9.3744 0.0079 pedestrian 0.9044170081615448
490 9.3744 0.0236 pedestrian 0.913873940706253
490 7.8830 0.1343 pedestrian 0.9101085960865021
491 9.3744 0.0236 pedestrian 0.9179086685180664
491 7.8830 0.1343 pedestrian 0.9091783463954926
492 9.3744 0.0236 pedestrian 0.9180546998977661
492 7.8830 0.1343 pedestrian 0.9048871994018555
493 9.3744 0.0236 pedestrian 0.9165646433830261
493 7.8830 0.1343 pedestrian 0.8962936997413635
494 9.3744 0.0236 pedestrian 0.9115854799747467
494 7.8830 0.1343 pedestrian 0.8884380459785461
495 9.3744 0.0394 pedestrian 0.9047722518444061
495 7.8830 0.1184 pedestrian 0.8751645088195801
496 9.3744 0.0551 pedestrian 0.8749205470085144
496 7.8830 0.1025 pedestrian 0.8628935515880585
497 7.8830 0.0867 pedestrian 0.8788885474205017
497 9.3744 0.0551 pedestrian 0.8771952092647552
498 7.8830 0.0867 pedestrian 0.8947301805019379
498 9.3744 0.0551 pedestrian 0.8807622194290161
499 7.8830 0.0867 pedestrian 0.9047537446022034
499 9.3744 0.0551 pedestrian 0.8791510164737701
500 7.8830 0.0867 pedestrian 0.9079726040363312
500 9.3744 0.0551 pedestrian 0.8709349036216736
501 7.8830 0.0709 pedestrian 0.9078530967235565
501 9.3744 0.0709 pedestrian 0.8688272833824158
502 7.8830 0.0709 pedestrian 0.9107436239719391
502 9.3744 0.0709 pedestrian 0.8653429746627808
503 7.8830 0.0709 pedestrian 0.9095288515090942
503 9.3744 0.0709 pedestrian 0.8486453592777252
504 7.8830 0.0551 pedestrian 0.8849309980869293
504 9.3744 0.0867 pedestrian 0.8541372418403625
505 7.8830 0.0551 pedestrian 0.8951476514339447
505 9.3744 0.0867 pedestrian 0.8719192445278168
506 7.8830 0.0394 pedestrian 0.9037260413169861
506 9.3744 0.1025 pedestrian 0.8884344398975372
507 7.8830 0.0394 pedestrian 0.9100679159164429
507 9.3744 0.1025 pedestrian 0.9013846814632416
508 7.8830 0.0394 pedestrian 0.9115651845932007
508 9.3744 0.1025 pedestrian 0.91092848777771
509 9.3744 0.1025 pedestrian 0.9174017608165741
509 7.8830 0.0394 pedestrian 0.9060292541980743
510 9.3744 0.1025 pedestrian 0.9201977550983429
510 7.6700 0.0394 pedestrian 0.8962495923042297
511 9.3744 0.1025 pedestrian 0.9178806245326996
511 7.6700 0.0394 pedestrian 0.8861647844314575
512 9.3744 0.1184 pedestrian 0.9081806838512421
512 7.6700 0.0079 pedestrian 0.8839125037193298
513 9.3744 0.1184 pedestrian 0.9181038737297058
513 7.6700 0.0079 pedestrian 0.8965405225753784
514 9.3744 0.1184 pedestrian 0.9248360097408295
514 7.6700 -0.0079 pedestrian 0.9043881297111511
515 9.3744 0.1184 pedestrian 0.9277178943157196
515 7.6700 -0.0079 pedestrian 0.9122703373432159
516 9.3744 0.1184 pedestrian 0.928986132144928
516 7.6700 -0.0079 pedestrian 0.9165967702865601
517 9.3744 0.1184 pedestrian 0.9309942722320557
517 7.6700 -0.0079 pedestrian 0.9201734960079193
518 9.3744 0.1343 pedestrian 0.9303657710552216
518 7.6700 -0.0079 pedestrian 0.9210210740566254
519 9.3744 0.1343 pedestrian 0.9257283508777618
519 7.6700 -0.0079 pedestrian 0.917367547750473
520 7.6700 -0.0236 pedestrian 0.9154485762119293
520 9.3744 0.1502 pedestrian 0.8859542310237885
521 7.6700 -0.0394 pedestrian 0.9235312640666962
521 9.3744 0.1661 pedestrian 0.8951018154621124
522 7.6700 -0.0394 pedestrian 0.9312461614608765
522 9.3744 0.1661 pedestrian 0.9055442214012146
523 7.6700 -0.0394 pedestrian 0.9352752566337585
523 9.3744 0.1661 pedestrian 0.9129026532173157
524 7.6700 -0.0394 pedestrian 0.9358409345149994
524 9.3744 0.1661 pedestrian 0.9180853068828583
525 7.6700 -0.0394 pedestrian 0.9342109262943268
525 9.3744 0.1661 pedestrian 0.92274609208107
526 7.6700 -0.0394 pedestrian 0.9295717179775238
526 9.3744 0.1661 pedestrian 0.9254844188690186
527 9.3744 0.1661 pedestrian 0.9230117499828339
527 7.6700 -0.0394 pedestrian 0.9211774468421936
528 9.3744 0.1821 pedestrian 0.902337372303009
528 7.6700 -0.0709 pedestrian 0.8825621902942657
529 9.3744 0.1821 pedestrian 0.905124694108963
529 7.6700 -0.0709 pedestrian 0.8948354125022888
530 9.3744 0.1821 pedestrian 0.9086604118347168
530 7.6700 -0.0867 pedestrian 0.9072695672512054
531 7.6700 -0.0867 pedestrian 0.9150682985782623
531 9.3744 0.1821 pedestrian 0.9100151062011719
532 7.6700 -0.0867 pedestrian 0.9186795055866241
532 9.3744 0.1821 pedestrian 0.9090991020202637
533 7.6700 -0.0867 pedestrian 0.9207617044448853
533 9.3744 0.1821 pedestrian 0.908300369977951
534 7.6700 -0.0867 pedestrian 0.9202633798122406
534 9.3744 0.1981 pedestrian 0.9093587100505829
535 7.6700 -0.0867 pedestrian 0.916461169719696
535 9.3744 0.1981 pedestrian 0.9042333662509918
536 7.6700 -0.1025 pedestrian 0.9012608826160431
536 9.3744 0.2142 pedestrian 0.8647719621658325
537 7.6700 -0.1025 pedestrian 0.9144108891487122
537 9.3744 0.2142 pedestrian 0.8692094683647156
538 7.6700 -0.1025 pedestrian 0.9235369861125946
538 9.3744 0.2142 pedestrian 0.8709383606910706
539 7.6700 -0.1025 pedestrian 0.9287781417369843
539 9.3744 0.2142 pedestrian 0.8732365071773529
540 7.6700 -0.1025 pedestrian 0.9318080544471741
540 9.3744 0.2142 pedestrian 0.8780965805053711
541 7.6700 -0.1025 pedestrian 0.933648407459259
541 9.3744 0.2142 pedestrian 0.8834856152534485
542 7.6700 -0.1025 pedestrian 0.9328684508800507
542 9.3744 0.2142 pedestrian 0.884251743555069
543 7.6700 -0.1025 pedestrian 0.9305849671363831
543 9.3744 0.2304 pedestrian 0.8803080022335052
544 7.6700 -0.1184 pedestrian 0.920268177986145
544 9.3744 0.2304 pedestrian 0.8913255035877228
545 7.6700 -0.1184 pedestrian 0.9278572797775269
545 9.3744 0.2304 pedestrian 0.8988430500030518
546 7.6700 -0.1184 pedestrian 0.9345553815364838
546 9.3744 0.2466 pedestrian 0.9043143689632416
547 7.6700 -0.1184 pedestrian 0.9371281564235687
547 9.3744 0.2466 pedestrian 0.9094753563404083
548 7.6700 -0.1184 pedestrian 0.9368626773357391
548 9.3744 0.2466 pedestrian 0.9132716357707977
549 7.6700 -0.1184 pedestrian 0.9338625371456146
549 9.3744 0.2466 pedestrian 0.9155970215797424
550 7.6700 -0.1184 pedestrian 0.9283410012722015
550 9.3744 0.2466 pedestrian 0.9158346652984619
551 7.6700 -0.1184 pedestrian 0.9198828339576721
551 9.3744 0.2466 pedestrian 0.9110060036182404
552 7.6700 -0.1502 pedestrian 0.9151668846607208
552 9.3744 0.2466 pedestrian 0.870804637670517
553 7.6700 -0.1502 pedestrian 0.9257868528366089
553 9.3744 0.2629 pedestrian 0.8765767216682434
554 7.6700 -0.1502 pedestrian 0.9331863522529602
554 9.3744 0.2629 pedestrian 0.8834322094917297
555 7.6700 -0.1502 pedestrian 0.9344962537288666
555 9.3744 0.2629 pedestrian 0.8865843117237091
556 7.6700 -0.1502 pedestrian 0.932171106338501
556 9.3744 0.2629 pedestrian 0.8873539566993713
557 7.6700 -0.1661 pedestrian 0.9305636286735535
557 9.3744 0.2629 pedestrian 0.887997567653656
558 7.8830 -0.1661 pedestrian 0.927230715751648
558 9.3744 0.2629 pedestrian 0.8886753618717194
559 7.8830 -0.1661 pedestrian 0.924590140581131
559 9.3744 0.2629 pedestrian 0.8836750388145447
560 7.8830 -0.1981 pedestrian 0.9049153625965118
560 9.3744 0.2956 pedestrian 0.9036253690719604
561 7.8830 -0.1981 pedestrian 0.9188041687011719
561 9.3744 0.2956 pedestrian 0.9150915145874023
562 7.8830 -0.1981 pedestrian 0.9283635914325714
562 9.3744 0.2956 pedestrian 0.9220865368843079
563 7.8830 -0.1981 pedestrian 0.9342725574970245
563 9.3744 0.2956 pedestrian 0.9254786372184753
564 7.8830 -0.1981 pedestrian 0.9368870854377747
564 9.3744 0.2956 pedestrian 0.9278841614723206
565 7.8830 -0.1981 pedestrian 0.9371374249458313
565 9.3744 0.2956 pedestrian 0.9299848675727844
566 7.8830 -0.1981 pedestrian 0.9335381090641022
566 9.3744 0.2956 pedestrian 0.9296259880065918
567 7.8830 -0.2142 pedestrian 0.9274905323982239
567 9.3744 0.2956 pedestrian 0.9267646968364716
568 7.8830 -0.2142 pedestrian 0.9127242267131805
568 9.3744 0.3121 pedestrian 0.9067376852035522
569 7.8830 -0.2304 pedestrian 0.924321711063385
569 9.3744 0.3121 pedestrian 0.9137272536754608
570 7.8830 -0.2304 pedestrian 0.9315281808376312
570 9.3744 0.3121 pedestrian 0.9192481935024261
571 7.8830 -0.2304 pedestrian 0.9337208271026611
571 9.3744 0.3121 pedestrian 0.9214184880256653
572 7.8830 -0.2304 pedestrian 0.9331909120082855
572 9.3744 0.3121 pedestrian 0.9194454550743103
573 7.8830 -0.2304 pedestrian 0.9313771426677704
573 9.3744 0.3121 pedestrian 0.915472000837326
574 8.0961 -0.2304 pedestrian 0.9270366132259369
574 9.3744 0.3121 pedestrian 0.9102670550346375
575 8.0961 -0.2304 pedestrian 0.9259380996227264
575 9.3744 0.3121 pedestrian 0.8987979590892792
576 8.0961 -0.2466 pedestrian 0.9200327396392822
576 9.3744 0.3287 pedestrian 0.8926757872104645
577 8.0961 -0.2466 pedestrian 0.9283746778964996
577 9.3744 0.3287 pedestrian 0.899128258228302
578 8.0961 -0.2466 pedestrian 0.9345783293247223
578 9.3744 0.3287 pedestrian 0.9041381180286407
579 8.0961 -0.2466 pedestrian 0.9352934062480927
579 9.3744 0.3454 pedestrian 0.9068397283554077
580 8.0961 -0.2466 pedestrian 0.9329583048820496
580 9.3744 0.3454 pedestrian 0.9095340669155121
581 8.0961 -0.2466 pedestrian 0.928705483675003
581 9.3744 0.3454 pedestrian 0.9116085469722748
582 8.0961 -0.2629 pedestrian 0.9259754717350006
582 9.3744 0.3454 pedestrian 0.9110421538352966
583 8.0961 -0.2629 pedestrian 0.9181125164031982
583 9.3744 0.3454 pedestrian 0.9067732691764832
584 8.0961 -0.2792 pedestrian 0.9243974685668945
584 9.3744 0.3454 pedestrian 0.9028756618499756
585 8.0961 -0.2792 pedestrian 0.9323205947875977
585 9.3744 0.3454 pedestrian 0.9073572754859924
586 8.0961 -0.2792 pedestrian 0.9387889802455902
586 9.3744 0.3454 pedestrian 0.911296159029007
587 8.0961 -0.2792 pedestrian 0.9404976963996887
587 9.3744 0.3454 pedestrian 0.9126321077346802
588 8.0961 -0.2792 pedestrian 0.9402357041835785
588 9.1614 0.3454 pedestrian 0.9125399589538574
589 8.0961 -0.2792 pedestrian 0.9384227693080902
589 9.1614 0.3454 pedestrian 0.9144689440727234
590 8.0961 -0.2792 pedestrian 0.9352501928806305
590 9.1614 0.3622 pedestrian 0.9150779247283936
591 8.0961 -0.2792 pedestrian 0.9285792112350464
591 9.1614 0.3622 pedestrian 0.9151990413665771
592 8.0961 -0.2956 pedestrian 0.9235665500164032
592 9.1614 0.3622 pedestrian 0.9204981029033661
593 8.0961 -0.2956 pedestrian 0.9304916560649872
593 9.1614 0.3622 pedestrian 0.9272242188453674
594 8.3091 -0.2956 pedestrian 0.9377596080303192
594 9.1614 0.3622 pedestrian 0.9321759343147278
595 8.3091 -0.2956 pedestrian 0.9425722062587738
595 9.1614 0.3622 pedestrian 0.9341353476047516
596 8.3091 -0.2956 pedestrian 0.9449818134307861
596 9.1614 0.3622 pedestrian 0.9344373643398285
597 8.3091 -0.2956 pedestrian 0.9468668103218079
597 9.1614 0.3622 pedestrian 0.9354729652404785
598 8.3091 -0.2956 pedestrian 0.9456047117710114
598 9.1614 0.3622 pedestrian 0.9351325631141663
599 8.3091 -0.2956 pedestrian 0.9416042566299438
599 9.1614 0.3622 pedestrian 0.9322493076324463
600 9.1614 0.3791 pedestrian 0.9210600852966309
600 8.3091 -0.3287 pedestrian 0.9118373394012451
601 9.1614 0.3791 pedestrian 0.9278380870819092
601 8.3091 -0.3287 pedestrian 0.9210982918739319
602 9.1614 0.3791 pedestrian 0.932508260011673
602 8.3091 -0.3287 pedestrian 0.9247137010097504
603 9.1614 0.3791 pedestrian 0.9345762133598328
603 8.3091 -0.3287 pedestrian 0.9243232905864716
604 9.1614 0.3791 pedestrian 0.9353655874729156
604 8.3091 -0.3287 pedestrian 0.9221417605876923
605 9.1614 0.3791 pedestrian 0.9358006417751312
605 8.5222 -0.3287 pedestrian 0.9227967262268066
606 9.1614 0.3791 pedestrian 0.9340667724609375
606 8.5222 -0.3287 pedestrian 0.9249826371669769
607 9.1614 0.3791 pedestrian 0.931488424539566
607 8.5222 -0.3287 pedestrian 0.9245838522911072
608 8.5222 -0.3454 pedestrian 0.9120056331157684
608 9.1614 0.3791 pedestrian 0.8967806696891785
609 8.5222 -0.3454 pedestrian 0.919502317905426
609 9.1614 0.3791 pedestrian 0.9051094949245453
610 8.5222 -0.3454 pedestrian 0.9241934418678284
610 9.1614 0.3791 pedestrian 0.9107147753238678
611 8.5222 -0.3454 pedestrian 0.9267092347145081
611 9.1614 0.3791 pedestrian 0.9124124944210052
612 8.5222 -0.3454 pedestrian 0.9272925555706024
612 9.1614 0.3791 pedestrian 0.9123256802558899
613 8.5222 -0.3454 pedestrian 0.9243771135807037
613 9.1614 0.3791 pedestrian 0.9115113019943237
614 8.5222 -0.3454 pedestrian 0.9209403097629547
614 8.9483 0.3791 pedestrian 0.9062143862247467
615 8.5222 -0.3454 pedestrian 0.9138324856758118
615 8.9483 0.3791 pedestrian 0.9010910093784332
616 8.9483 0.3622 pedestrian 0.9009425044059753
616 8.7352 -0.3454 pedestrian 0.8970386981964111
617 8.7352 -0.3454 pedestrian 0.9087082743644714
617 8.9483 0.3622 pedestrian 0.908060610294342
618 8.7352 -0.3454 pedestrian 0.9169988632202148
618 8.9483 0.3622 pedestrian 0.9119024872779846
619 8.7352 -0.3454 pedestrian 0.9205484688282013
619 8.9483 0.3622 pedestrian 0.9121404588222504
620 8.7352 -0.3454 pedestrian 0.9223487079143524
620 8.9483 0.3622 pedestrian 0.9124080538749695
621 8.7352 -0.3454 pedestrian 0.9213270843029022
621 8.9483 0.3622 pedestrian 0.9108110070228577
622 8.7352 -0.3454 pedestrian 0.9165918231010437
622 8.9483 0.3622 pedestrian 0.9083951413631439
623 8.7352 -0.3454 pedestrian 0.90678471326828
623 8.9483 0.3622 pedestrian 0.9014738202095032
624 8.7352 -0.3454 pedestrian 0.8500821590423584
624 8.7352 0.3622 pedestrian 0.8424230515956879
625 8.7352 -0.3622 pedestrian 0.8615652024745941
625 8.7352 0.3791 pedestrian 0.8591147661209106
626 8.7352 0.3791 pedestrian 0.8709598779678345
626 8.7352 -0.3622 pedestrian 0.8684558868408203
627 8.7352 0.3791 pedestrian 0.8800534009933472
627 8.7352 -0.3622 pedestrian 0.8624749481678009
628 8.7352 0.3791 pedestrian 0.8887585401535034
628 8.9483 -0.3622 pedestrian 0.8565638065338135
629 8.7352 0.3791 pedestrian 0.8971179127693176
629 8.9483 -0.3622 pedestrian 0.8611637949943542
630 8.7352 0.3791 pedestrian 0.899322897195816
630 8.9483 -0.3622 pedestrian 0.8526592254638672
631 8.7352 0.3622 pedestrian 0.8958108127117157
631 8.9483 -0.3622 pedestrian 0.8213558197021484
632 8.9483 -0.3622 pedestrian 0.8855553567409515
632 8.7352 0.3791 pedestrian 0.858385294675827
633 8.9483 -0.3622 pedestrian 0.8976688981056213
633 8.7352 0.3791 pedestrian 0.8697907030582428
634 8.9483 -0.3622 pedestrian 0.9061099886894226
634 8.7352 0.3791 pedestrian 0.8767240941524506
635 8.9483 -0.3622 pedestrian 0.9096431732177734
635 8.7352 0.3622 pedestrian 0.8795662522315979
636 8.9483 -0.3622 pedestrian 0.913248211145401
636 8.7352 0.3622 pedestrian 0.8787366449832916
637 8.9483 -0.3622 pedestrian 0.9147787988185883
637 8.7352 0.3622 pedestrian 0.878268837928772
638 8.9483 -0.3622 pedestrian 0.9127951264381409
638 8.7352 0.3622 pedestrian 0.871531218290329
639 8.9483 -0.3622 pedestrian 0.9026440680027008
639 8.7352 0.3622 pedestrian 0.8526519536972046
640 8.9483 -0.3454 pedestrian 0.8824769556522369
640 8.5222 0.3454 pedestrian 0.8607413172721863
641 8.9483 -0.3454 pedestrian 0.8978175818920135
641 8.5222 0.3454 pedestrian 0.8785830438137054
642 9.1614 -0.3454 pedestrian 0.9085688591003418
642 8.5222 0.3454 pedestrian 0.8918849527835846
643 9.1614 -0.3454 pedestrian 0.9155603349208832
643 8.5222 0.3454 pedestrian 0.8994722664356232
644 9.1614 -0.3454 pedestrian 0.9214198887348175
644 8.5222 0.3454 pedestrian 0.900679737329483
645 9.1614 -0.3454 pedestrian 0.9264394044876099
645 8.5222 0.3454 pedestrian 0.9009489119052887
646 9.1614 -0.3454 pedestrian 0.9267041981220245
646 8.5222 0.3454 pedestrian 0.8989525437355042
647 9.1614 -0.3454 pedestrian 0.9232868254184723
647 8.5222 0.3454 pedestrian 0.8903423249721527
648 9.1614 -0.3287 pedestrian 0.9118621349334717
648 8.5222 0.3287 pedestrian 0.8954803645610809
649 9.1614 -0.3287 pedestrian 0.9200930893421173
649 8.3091 0.3287 pedestrian 0.9033193290233612
650 9.1614 -0.3287 pedestrian 0.9252813458442688
650 8.3091 0.3287 pedestrian 0.9123037159442902
651 9.1614 -0.3287 pedestrian 0.9282060265541077
651 8.3091 0.3287 pedestrian 0.9177784323692322
652 9.1614 -0.3287 pedestrian 0.9296424090862274
652 8.3091 0.3287 pedestrian 0.9221760928630829
653 9.1614 -0.3287 pedestrian 0.9276884198188782
653 8.3091 0.3287 pedestrian 0.924782782793045
654 8.3091 0.3287 pedestrian 0.9233811497688293
654 9.1614 -0.3287 pedestrian 0.9231464564800262
655 8.3091 0.3287 pedestrian 0.9182470440864563
655 9.1614 -0.3287 pedestrian 0.9138118624687195
656 8.3091 0.3121 pedestrian 0.8959304094314575
656 9.1614 -0.3121 pedestrian 0.8937350809574127
657 8.3091 0.3121 pedestrian 0.9060027897357941
657 9.1614 -0.3121 pedestrian 0.900845855474472
658 8.5222 0.3121 pedestrian 0.9126089811325073
658 9.1614 -0.3121 pedestrian 0.9049705266952515
659 8.5222 0.3121 pedestrian 0.9175087213516235
659 9.1614 -0.2956 pedestrian 0.9097405076026917
660 8.5222 0.3121 pedestrian 0.917986124753952
660 9.3744 -0.2956 pedestrian 0.9156069755554199
661 9.3744 -0.2956 pedestrian 0.921925812959671
661 8.5222 0.2956 pedestrian 0.9180887043476105
662 9.3744 -0.2956 pedestrian 0.9247238039970398
662 8.5222 0.2956 pedestrian 0.9187422692775726
663 9.3744 -0.2956 pedestrian 0.9236630201339722
663 8.5222 0.2956 pedestrian 0.916385680437088
664 8.3091 0.2956 pedestrian 0.9108362793922424
664 9.3744 -0.2956 pedestrian 0.8967181742191315
665 8.3091 0.2792 pedestrian 0.9204449951648712
665 9.3744 -0.2956 pedestrian 0.9096592366695404
666 8.3091 0.2792 pedestrian 0.9265391528606415
666 9.3744 -0.2956 pedestrian 0.9182550013065338
667 8.3091 0.2792 pedestrian 0.9288727641105652
667 9.3744 -0.2792 pedestrian 0.922719806432724
668 8.3091 0.2792 pedestrian 0.9285605549812317
668 9.3744 -0.2792 pedestrian 0.9265329241752625
669 8.3091 0.2792 pedestrian 0.9280857443809509
669 9.3744 -0.2792 pedestrian 0.9271110594272614
670 9.3744 -0.2792 pedestrian 0.926071047782898
670 8.3091 0.2792 pedestrian 0.9241645038127899
671 9.3744 -0.2792 pedestrian 0.9207681119441986
671 8.3091 0.2792 pedestrian 0.9169861078262329
672 8.3091 0.2629 pedestrian 0.9122985601425171
672 9.3744 -0.2792 pedestrian 0.8979167342185974
673 8.3091 0.2466 pedestrian 0.919482946395874
673 9.3744 -0.2792 pedestrian 0.9040147364139557
674 8.3091 0.2466 pedestrian 0.9255796074867249
674 9.3744 -0.2629 pedestrian 0.9105993509292603
675 8.3091 0.2466 pedestrian 0.9286082684993744
675 9.3744 -0.2629 pedestrian 0.9129648506641388
676 8.3091 0.2466 pedestrian 0.9284995496273041
676 9.3744 -0.2629 pedestrian 0.9125684499740601
677 8.3091 0.2466 pedestrian 0.928394079208374
677 9.5875 -0.2629 pedestrian 0.9147127866744995
678 8.3091 0.2466 pedestrian 0.9247408211231232
678 9.5875 -0.2629 pedestrian 0.915595531463623
679 8.3091 0.2466 pedestrian 0.9170061647891998
679 9.5875 -0.2629 pedestrian 0.9124357998371124
680 8.3091 0.2304 pedestrian 0.913040280342102
680 9.3744 -0.2466 pedestrian 0.8891331553459167
681 8.3091 0.2304 pedestrian 0.9193063974380493
681 9.3744 -0.2466 pedestrian 0.8963089883327484
682 8.3091 0.2304 pedestrian 0.9225723147392273
682 9.3744 -0.2304 pedestrian 0.9045895934104919
683 8.3091 0.2304 pedestrian 0.9237158298492432
683 9.3744 -0.2304 pedestrian 0.9087513983249664
684 8.3091 0.2142 pedestrian 0.9233382642269135
684 9.3744 -0.2304 pedestrian 0.9089093506336212
685 8.3091 0.2142 pedestrian 0.9251339733600616
685 9.3744 -0.2304 pedestrian 0.9075237810611725
686 8.3091 0.2142 pedestrian 0.9235867559909821
686 9.3744 -0.2304 pedestrian 0.9055769145488739
687 8.3091 0.2142 pedestrian 0.9196773171424866
687 9.3744 -0.2304 pedestrian 0.8981714844703674
688 8.3091 0.2142 pedestrian 0.9104259014129639
688 9.3744 -0.2142 pedestrian 0.9054707586765289
689 8.3091 0.2142 pedestrian 0.9163711071014404
689 9.3744 -0.2142 pedestrian 0.9148989617824554
690 9.3744 -0.2142 pedestrian 0.9221773743629456
690 8.3091 0.2142 pedestrian 0.920646607875824
691 9.3744 -0.2142 pedestrian 0.9257726967334747
691 8.3091 0.2142 pedestrian 0.9224996268749237
692 9.3744 -0.2142 pedestrian 0.9276296198368073
692 8.3091 0.2142 pedestrian 0.9223847687244415
693 9.3744 -0.2142 pedestrian 0.9260298013687134
693 8.3091 0.1981 pedestrian 0.9224465787410736
694 8.3091 0.1981 pedestrian 0.9227969944477081
694 9.3744 -0.2142 pedestrian 0.9225824475288391
695 8.3091 0.1981 pedestrian 0.9182787239551544
695 9.3744 -0.2142 pedestrian 0.9151219725608826
696 8.0961 0.1821 pedestrian 0.8989244699478149
696 9.3744 -0.1981 pedestrian 0.8714866638183594
697 8.0961 0.1821 pedestrian 0.9105712473392487
697 9.3744 -0.1981 pedestrian 0.880748838186264
698 8.0961 0.1821 pedestrian 0.9167147278785706
698 9.3744 -0.1821 pedestrian 0.8894453346729279
699 8.0961 0.1821 pedestrian 0.9201765358448029
699 9.3744 -0.1821 pedestrian 0.8949771225452423
700 8.0961 0.1661 pedestrian 0.9227405488491058
700 9.3744 -0.1821 pedestrian 0.8999952673912048
701 8.0961 0.1661 pedestrian 0.9266765117645264
701 9.3744 -0.1821 pedestrian 0.9010183215141296
702 8.0961 0.1661 pedestrian 0.9282814562320709
702 9.3744 -0.1821 pedestrian 0.898871898651123
703 8.0961 0.1661 pedestrian 0.9280169308185577
703 9.3744 -0.1821 pedestrian 0.8919644355773926
704 8.0961 0.1502 pedestrian 0.9343323707580566
704 9.3744 -0.1661 pedestrian 0.8766377866268158
705 8.0961 0.1502 pedestrian 0.9433254599571228
705 9.3744 -0.1661 pedestrian 0.8972592353820801
706 8.0961 0.1502 pedestrian 0.9487618505954742
706 9.3744 -0.1661 pedestrian 0.9124464094638824
707 8.0961 0.1502 pedestrian 0.9517149031162262
707 9.3744 -0.1661 pedestrian 0.922736257314682
708 8.0961 0.1502 pedestrian 0.9529834985733032
708 9.3744 -0.1661 pedestrian 0.9280366897583008
709 8.0961 0.1502 pedestrian 0.9529587626457214
709 9.3744 -0.1661 pedestrian 0.9286241233348846
710 8.0961 0.1502 pedestrian 0.9517568349838257
710 9.3744 -0.1661 pedestrian 0.924308568239212
711 8.0961 0.1502 pedestrian 0.9481280148029327
711 9.3744 -0.1661 pedestrian 0.912188321352005
712 8.0961 0.1343 pedestrian 0.9368978142738342
712 9.3744 -0.1502 pedestrian 0.9054162204265594
713 8.0961 0.1343 pedestrian 0.9464403390884399
713 9.3744 -0.1502 pedestrian 0.9170093536376953
714 8.0961 0.1343 pedestrian 0.9513200223445892
714 9.3744 -0.1502 pedestrian 0.9250180125236511
715 8.0961 0.1343 pedestrian 0.9531438648700714
715 9.3744 -0.1502 pedestrian 0.9274706542491913
716 8.0961 0.1343 pedestrian 0.9515257477760315
716 9.3744 -0.1502 pedestrian 0.9253805875778198
717 8.0961 0.1343 pedestrian 0.9482966661453247
717 9.3744 -0.1502 pedestrian 0.918470561504364
718 8.0961 0.1343 pedestrian 0.9443638324737549
718 9.1614 -0.1502 pedestrian 0.9086149632930756
719 8.0961 0.1343 pedestrian 0.9371992349624634
719 9.1614 -0.1343 pedestrian 0.8915174901485443
720 8.0961 0.1025 pedestrian 0.9321819543838501
720 9.1614 -0.1343 pedestrian 0.880014032125473
721 8.0961 0.1025 pedestrian 0.9416182637214661
721 9.1614 -0.1343 pedestrian 0.8971607685089111
722 8.0961 0.1025 pedestrian 0.9474149644374847
722 9.1614 -0.1343 pedestrian 0.9088366627693176
723 8.0961 0.1025 pedestrian 0.9496616721153259
723 9.1614 -0.1343 pedestrian 0.9134320616722107
724 8.0961 0.1025 pedestrian 0.9483090937137604
724 9.1614 -0.1343 pedestrian 0.9110565185546875
725 8.0961 0.1025 pedestrian 0.9445513486862183
725 9.1614 -0.1184 pedestrian 0.908282071352005
726 8.0961 0.1025 pedestrian 0.9403490722179413
726 9.1614 -0.1184 pedestrian 0.899213045835495
727 8.0961 0.1025 pedestrian 0.9333507418632507
727 9.1614 -0.1184 pedestrian 0.8798310160636902
728 8.0961 0.0709 pedestrian 0.8676891028881073
728 9.1614 -0.1025 pedestrian 0.8370955288410187
729 8.0961 0.0709 pedestrian 0.8845148086547852
729 9.1614 -0.1025 pedestrian 0.8492256104946136
730 8.0961 0.0709 pedestrian 0.8948906660079956
730 9.1614 -0.1025 pedestrian 0.8555980026721954
731 8.0961 0.0551 pedestrian 0.8944401144981384
731 9.1614 -0.0867 pedestrian 0.8624495565891266
732 8.0961 0.0551 pedestrian 0.8935193717479706
732 9.1614 -0.0867 pedestrian 0.8666577041149139
733 8.0961 0.0551 pedestrian 0.8864938020706177
733 9.1614 -0.0709 pedestrian 0.8675577342510223
734 8.0961 0.0551 pedestrian 0.8767058551311493
734 9.1614 -0.0709 pedestrian 0.8678781688213348
735 9.1614 -0.0709 pedestrian 0.8618736267089844
735 8.0961 0.0394 pedestrian 0.8612168729305267
736 9.1614 -0.0551 pedestrian 0.7269518971443176
736 8.3091 0.0079 pedestrian 0.6126766800880432
737 9.1614 -0.0551 pedestrian 0.7396191656589508
737 8.3091 0.0079 pedestrian 0.6231823712587357
738 9.1614 -0.0551 pedestrian 0.7481604814529419
738 8.3091 0.0079 pedestrian 0.6324388831853867
739 9.1614 -0.0551 pedestrian 0.7465662956237793
739 8.3091 0.0079 pedestrian 0.636040598154068
740 9.1614 -0.0551 pedestrian 0.747972309589386
740 8.3091 0.0079 pedestrian 0.6484319716691971
740 8.5222 -0.0079 cyclist 0.4152378626167774
741 9.1614 -0.0394 pedestrian 0.7449057400226593
741 8.5222 -0.0079 cyclist 0.4232443496584892
742 9.1614 -0.0394 pedestrian 0.7418861389160156
742 8.5222 -0.0236 cyclist 0.42945941537618637
743 9.1614 -0.0394 pedestrian 0.7347803115844727
743 8.5222 -0.0236 cyclist 0.43979194946587086
744 8.5222 -0.0236 cyclist 0.7417119443416595
744 8.3091 -0.0236 pedestrian 0.5850782990455627
745 8.5222 -0.0236 cyclist 0.7541790902614594
745 8.3091 -0.0236 pedestrian 0.6070399880409241
746 8.5222 -0.0236 cyclist 0.7627615928649902
746 8.3091 -0.0236 pedestrian 0.6170439422130585
747 8.5222 -0.0236 cyclist 0.7701141834259033
747 8.3091 -0.0236 pedestrian 0.6182432770729065
748 8.3091 -0.0236 cyclist 0.7680872976779938
748 8.3091 -0.0236 pedestrian 0.6318575143814087
749 8.3091 -0.0236 cyclist 0.7537612020969391
749 8.3091 -0.0236 pedestrian 0.6367145478725433
750 8.3091 -0.0236 cyclist 0.7298594415187836
750 8.3091 -0.0236 pedestrian 0.6482427716255188
751 8.3091 -0.0236 cyclist 0.7132641673088074
751 8.3091 -0.0394 pedestrian 0.6656501889228821
752 8.3091 -0.0394 cyclist 0.8384231328964233
752 8.3091 -0.0394 pedestrian 0.40677161142230034
753 8.3091 -0.0394 cyclist 0.8491089046001434
754 8.3091 -0.0551 cyclist 0.857092559337616
755 8.3091 -0.0551 cyclist 0.8580931723117828
756 8.3091 -0.0551 cyclist 0.841849684715271
757 8.3091 -0.0551 cyclist 0.8250184059143066
758 8.3091 -0.0551 cyclist 0.8043024241924286
759 8.3091 -0.0551 cyclist 0.7856339514255524
760 8.3091 -0.0709 cyclist 0.9173494279384613
761 8.3091 -0.0709 cyclist 0.9284393489360809
762 8.3091 -0.0709 cyclist 0.9346348643302917
763 8.3091 -0.0709 cyclist 0.9384356737136841
764 8.3091 -0.0709 cyclist 0.9342650771141052
765 8.3091 -0.0709 cyclist 0.9267262518405914
766 8.3091 -0.0709 cyclist 0.9176285564899445
767 8.3091 -0.0709 cyclist 0.9028787910938263
768 8.3091 -0.0709 cyclist 0.8111453652381897
769 8.3091 -0.0709 cyclist 0.8127516806125641
770 8.3091 -0.0709 cyclist 0.8159886598587036
771 8.3091 -0.0709 cyclist 0.8225173056125641
772 8.3091 -0.0709 cyclist 0.8252896666526794
773 8.3091 -0.0709 cyclist 0.8160231411457062
774 8.5222 -0.0551 cyclist 0.8051266968250275
774 8.7352 0.0709 pedestrian 0.4109093174338341
775 8.5222 -0.0551 cyclist 0.7885475754737854
775 8.7352 0.0709 pedestrian 0.43991874903440475
776 8.3091 -0.1184 pedestrian 0.6549621820449829
776 8.7352 0.0709 pedestrian 0.5966862142086029
777 8.3091 -0.1184 pedestrian 0.6650174707174301
777 8.7352 0.0709 pedestrian 0.6148739457130432
778 8.3091 -0.1184 pedestrian 0.66994409263134
778 8.7352 0.0709 pedestrian 0.6319877207279205
779 8.3091 -0.1184 pedestrian 0.6659378558397293
779 8.7352 0.0709 pedestrian 0.6477737426757812
780 8.3091 -0.1184 pedestrian 0.6675097048282623
780 8.7352 0.0709 pedestrian 0.6670779585838318
781 8.7352 0.0709 pedestrian 0.6803785264492035
781 8.5222 -0.1184 pedestrian 0.6722167134284973
782 8.7352 0.0709 pedestrian 0.6935401856899261
782 8.5222 -0.1184 pedestrian 0.6854779422283173
783 8.7352 0.0709 pedestrian 0.7022674679756165
783 8.5222 -0.1343 pedestrian 0.7017462849617004
784 8.5222 -0.1343 pedestrian 0.8182167410850525
784 8.7352 0.0867 pedestrian 0.7295747697353363
785 8.5222 -0.1343 pedestrian 0.8244748413562775
785 8.7352 0.0867 pedestrian 0.7388796508312225
786 8.5222 -0.1343 pedestrian 0.8277522325515747
786 8.7352 0.0867 pedestrian 0.7454957664012909
787 8.5222 -0.1502 pedestrian 0.8290583789348602
787 8.7352 0.0867 pedestrian 0.7509784996509552
788 8.5222 -0.1502 pedestrian 0.8309272527694702
788 8.5222 0.0867 pedestrian 0.7578725218772888
789 8.5222 -0.1502 pedestrian 0.8307255804538727
789 8.5222 0.0867 pedestrian 0.76640984416008
790 8.5222 -0.1502 pedestrian 0.829923689365387
790 8.5222 0.0867 pedestrian 0.7723194360733032
791 8.5222 -0.1502 pedestrian 0.8273792564868927
791 8.5222 0.0867 pedestrian 0.7727148830890656
792 8.5222 -0.1661 pedestrian 0.8414576649665833
792 8.5222 0.1025 pedestrian 0.7614496350288391
793 8.5222 -0.1821 pedestrian 0.8556106984615326
793 8.5222 0.1184 pedestrian 0.7817898094654083
794 8.5222 -0.1821 pedestrian 0.8676179647445679
794 8.5222 0.1184 pedestrian 0.7947493195533752
795 8.5222 -0.1821 pedestrian 0.8724357187747955
795 8.5222 0.1184 pedestrian 0.8078965544700623
796 8.5222 -0.1821 pedestrian 0.8727131485939026
796 8.5222 0.1184 pedestrian 0.818290650844574
797 8.5222 -0.1821 pedestrian 0.8717132210731506
797 8.5222 0.1184 pedestrian 0.8310620486736298
798 8.7352 -0.1981 pedestrian 0.8731848299503326
798 8.5222 0.1184 pedestrian 0.8381582498550415
799 8.7352 -0.1981 pedestrian 0.8782821297645569
799 8.5222 0.1343 pedestrian 0.8408824801445007
800 8.7352 -0.2142 pedestrian 0.8704121708869934
800 8.5222 0.1502 pedestrian 0.8516114056110382
801 8.7352 -0.2142 pedestrian 0.8903736472129822
801 8.5222 0.1502 pedestrian 0.8614409565925598
802 8.7352 -0.2142 pedestrian 0.9035747051239014
802 8.5222 0.1502 pedestrian 0.8670654296875
803 8.7352 -0.2142 pedestrian 0.9097844064235687
803 8.5222 0.1502 pedestrian 0.8703895807266235
804 8.7352 -0.2142 pedestrian 0.9129392504692078
804 8.5222 0.1502 pedestrian 0.8686294853687286
805 8.7352 -0.2142 pedestrian 0.9134567379951477
805 8.5222 0.1502 pedestrian 0.867498368024826
806 8.7352 -0.2142 pedestrian 0.9105682671070099
806 8.5222 0.1502 pedestrian 0.8665513098239899
807 8.7352 -0.2142 pedestrian 0.9034761786460876
807 8.5222 0.1502 pedestrian 0.8587765097618103
808 8.7352 -0.2142 pedestrian 0.8952036798000336
808 8.5222 0.1502 pedestrian 0.8734912872314453
809 8.7352 -0.2142 pedestrian 0.8997198939323425
809 8.5222 0.1502 pedestrian 0.8808549046516418
810 8.7352 -0.2142 pedestrian 0.9020884037017822
810 8.5222 0.1502 pedestrian 0.8834591805934906
811 8.9483 -0.2142 pedestrian 0.9015522301197052
811 8.5222 0.1502 pedestrian 0.8829762637615204
812 8.9483 -0.2142 pedestrian 0.9058446884155273
812 8.5222 0.1502 pedestrian 0.8817377388477325
813 8.9483 -0.2142 pedestrian 0.9082324802875519
813 8.5222 0.1502 pedestrian 0.8799332976341248
814 8.9483 -0.2142 pedestrian 0.9063713550567627
814 8.3091 0.1502 pedestrian 0.8783401548862457
815 8.9483 -0.2142 pedestrian 0.8969870507717133
815 8.3091 0.1661 pedestrian 0.8792154788970947
816 8.9483 -0.2304 pedestrian 0.916011244058609
816 8.3091 0.1661 pedestrian 0.8988825976848602
817 8.9483 -0.2304 pedestrian 0.9246307909488678
817 8.3091 0.1661 pedestrian 0.9080639183521271
818 8.9483 -0.2304 pedestrian 0.928941398859024
818 8.3091 0.1661 pedestrian 0.913383811712265
819 9.1614 -0.2304 pedestrian 0.9341566562652588
819 8.3091 0.1821 pedestrian 0.9152750074863434
820 9.1614 -0.2304 pedestrian 0.9385007321834564
820 8.3091 0.1821 pedestrian 0.9180547893047333
821 9.1614 -0.2304 pedestrian 0.9398055076599121
821 8.3091 0.1821 pedestrian 0.9212532937526703
822 9.1614 -0.2304 pedestrian 0.9378367066383362
822 8.3091 0.1821 pedestrian 0.9223277270793915
823 9.1614 -0.2304 pedestrian 0.9338770508766174
823 8.3091 0.1821 pedestrian 0.9203521907329559
824 8.3091 0.1981 pedestrian 0.9194571077823639
824 9.1614 -0.2304 pedestrian 0.9119918048381805
825 8.3091 0.1981 pedestrian 0.92523193359375
825 9.1614 -0.2304 pedestrian 0.9146867394447327
826 8.3091 0.1981 pedestrian 0.9288823306560516
826 9.3744 -0.2304 pedestrian 0.9146509170532227
827 8.3091 0.1981 pedestrian 0.9299261569976807
827 9.3744 -0.2304 pedestrian 0.9214766919612885
828 8.3091 0.1981 pedestrian 0.9293510317802429
828 9.3744 -0.2304 pedestrian 0.9251613318920135
829 8.3091 0.1981 pedestrian 0.9296168684959412
829 9.3744 -0.2304 pedestrian 0.9280122518539429
830 8.3091 0.1981 pedestrian 0.9287873804569244
830 9.3744 -0.2304 pedestrian 0.9275290668010712
831 8.3091 0.1981 pedestrian 0.9242870509624481
831 9.3744 -0.2466 pedestrian 0.9234663844108582
832 8.3091 0.2142 pedestrian 0.9071437120437622
832 9.5875 -0.2304 pedestrian 0.8868160843849182
833 8.3091 0.2142 pedestrian 0.9140305817127228
833 9.5875 -0.2304 pedestrian 0.9050691723823547
834 8.3091 0.2142 pedestrian 0.9185516238212585
834 9.5875 -0.2304 pedestrian 0.9171644747257233
835 9.5875 -0.2304 pedestrian 0.9241537153720856
835 8.3091 0.2142 pedestrian 0.9213630557060242
836 9.5875 -0.2304 pedestrian 0.926154375076294
836 8.3091 0.2142 pedestrian 0.921429455280304
837 9.5875 -0.2304 pedestrian 0.9255380630493164
837 8.3091 0.2142 pedestrian 0.92245814204216
838 8.3091 0.2304 pedestrian 0.923320472240448
838 9.5875 -0.2304 pedestrian 0.9227858483791351
839 8.3091 0.2304 pedestrian 0.923604428768158
839 9.5875 -0.2466 pedestrian 0.917150229215622
840 8.3091 0.2304 pedestrian 0.899532288312912
840 9.5875 -0.2304 pedestrian 0.8770129978656769
841 8.3091 0.2304 pedestrian 0.9081245958805084
841 9.5875 -0.2304 pedestrian 0.8873620331287384
842 8.3091 0.2304 pedestrian 0.9142871201038361
842 9.8005 -0.2304 pedestrian 0.8966723084449768
843 8.3091 0.2466 pedestrian 0.9178862869739532
843 9.8005 -0.2466 pedestrian 0.9012570977210999
844 8.3091 0.2466 pedestrian 0.9196712970733643
844 9.8005 -0.2466 pedestrian 0.9032694101333618
845 8.3091 0.2466 pedestrian 0.9204913675785065
845 9.8005 -0.2466 pedestrian 0.904862642288208
846 8.3091 0.2466 pedestrian 0.9199137985706329
846 9.8005 -0.2466 pedestrian 0.9050967693328857
847 8.3091 0.2466 pedestrian 0.9185488820075989
847 9.8005 -0.2466 pedestrian 0.9006852507591248
848 8.3091 0.2629 pedestrian 0.9076231718063354
848 9.5875 -0.2466 pedestrian 0.9060490429401398
849 9.5875 -0.2466 pedestrian 0.919739156961441
849 8.5222 0.2629 pedestrian 0.9100390076637268
850 9.5875 -0.2466 pedestrian 0.9293866455554962
850 8.5222 0.2629 pedestrian 0.9169393479824066
851 9.5875 -0.2466 pedestrian 0.9351761043071747
851 8.5222 0.2629 pedestrian 0.9206207692623138
852 9.5875 -0.2466 pedestrian 0.9394229352474213
852 8.5222 0.2629 pedestrian 0.922357589006424
853 9.5875 -0.2466 pedestrian 0.94285449385643
853 8.5222 0.2792 pedestrian 0.9230004847049713
854 9.5875 -0.2466 pedestrian 0.9431171715259552
854 8.5222 0.2792 pedestrian 0.9257425963878632
855 9.5875 -0.2466 pedestrian 0.940652459859848
855 8.5222 0.2792 pedestrian 0.9255301654338837
856 9.5875 -0.2304 pedestrian 0.9137187898159027
856 8.5222 0.2792 pedestrian 0.8648926913738251
857 9.5875 -0.2304 pedestrian 0.9229287803173065
857 8.7352 0.2956 pedestrian 0.8779070675373077
858 9.5875 -0.2304 pedestrian 0.9293502569198608
858 8.7352 0.2956 pedestrian 0.8931675851345062
859 9.5875 -0.2304 pedestrian 0.932265430688858
859 8.7352 0.2956 pedestrian 0.9029943346977234
860 9.5875 -0.2304 pedestrian 0.9326335191726685
860 8.7352 0.2956 pedestrian 0.9102356731891632
861 9.5875 -0.2304 pedestrian 0.9306654334068298
861 8.7352 0.2956 pedestrian 0.9178174734115601
862 9.5875 -0.2304 pedestrian 0.9276995062828064
862 8.7352 0.2956 pedestrian 0.9195086061954498
863 9.5875 -0.2304 pedestrian 0.9232386648654938
863 8.7352 0.2956 pedestrian 0.9179987907409668
864 9.5875 -0.2142 pedestrian 0.9078006446361542
864 8.7352 0.2956 pedestrian 0.8915839791297913
865 9.5875 -0.2142 pedestrian 0.92081019282341
865 8.7352 0.2956 pedestrian 0.9001556634902954
866 9.5875 -0.2142 pedestrian 0.9292858242988586
866 8.7352 0.2956 pedestrian 0.9070829749107361
867 9.5875 -0.2142 pedestrian 0.9335166811943054
867 8.7352 0.2956 pedestrian 0.9115532338619232
868 9.5875 -0.2142 pedestrian 0.9357597231864929
868 8.7352 0.2956 pedestrian 0.9127632975578308
869 9.5875 -0.1981 pedestrian 0.9388476610183716
869 8.7352 0.2956 pedestrian 0.9120394885540009
870 9.5875 -0.1981 pedestrian 0.9384633898735046
870 8.7352 0.2956 pedestrian 0.90874183177948
871 9.5875 -0.1981 pedestrian 0.9347323775291443
871 8.7352 0.2956 pedestrian 0.9000901281833649
872 9.5875 -0.1981 pedestrian 0.9217209219932556
872 8.7352 0.3287 pedestrian 0.8250110447406769
873 9.5875 -0.1981 pedestrian 0.9310270845890045
873 8.7352 0.3287 pedestrian 0.8401144444942474
874 9.5875 -0.1981 pedestrian 0.9352638125419617
874 8.7352 0.3287 pedestrian 0.8537292778491974
875 9.5875 -0.1981 pedestrian 0.9368786811828613
875 8.7352 0.3287 pedestrian 0.8642378449440002
876 9.5875 -0.1981 pedestrian 0.9358208477497101
876 8.7352 0.3287 pedestrian 0.872274786233902
877 9.5875 -0.1821 pedestrian 0.9348998665809631
877 8.7352 0.3287 pedestrian 0.878762423992157
878 9.5875 -0.1821 pedestrian 0.9319984614849091
878 8.7352 0.3287 pedestrian 0.8769270181655884
879 9.5875 -0.1821 pedestrian 0.9258126020431519
879 8.7352 0.3287 pedestrian 0.8659704029560089
880 9.5875 -0.1821 pedestrian 0.9115779399871826
880 8.7352 0.3454 pedestrian 0.8839519321918488
881 9.5875 -0.1821 pedestrian 0.915310800075531
881 8.7352 0.3454 pedestrian 0.8947094082832336
882 9.5875 -0.1821 pedestrian 0.9168144166469574
882 8.7352 0.3454 pedestrian 0.9017579555511475
883 9.5875 -0.1821 pedestrian 0.9153929352760315
883 8.7352 0.3454 pedestrian 0.9052337408065796
884 9.5875 -0.1821 pedestrian 0.9098674952983856
884 8.7352 0.3454 pedestrian 0.9080676734447479
885 8.7352 0.3454 pedestrian 0.9101046621799469
885 9.5875 -0.1821 pedestrian 0.9019673466682434
886 8.7352 0.3454 pedestrian 0.908447265625
886 9.5875 -0.1821 pedestrian 0.8911431133747101
887 8.7352 0.3454 pedestrian 0.9029886424541473
887 9.3744 -0.1821 pedestrian 0.8790290057659149
888 8.7352 0.3622 pedestrian 0.900693416595459
888 9.3744 -0.1661 pedestrian 0.8790897130966187
889 8.7352 0.3622 pedestrian 0.9023234844207764
889 9.3744 -0.1661 pedestrian 0.8749325275421143
890 8.7352 0.3622 pedestrian 0.9065454602241516
890 9.3744 -0.1661 pedestrian 0.8739957809448242
891 8.7352 0.3622 pedestrian 0.9074678421020508
891 9.3744 -0.1661 pedestrian 0.8708726763725281
892 8.7352 0.3622 pedestrian 0.9053425192832947
892 9.1614 -0.1661 pedestrian 0.8751283884048462
893 8.7352 0.3622 pedestrian 0.9081519842147827
893 9.1614 -0.1661 pedestrian 0.8854123950004578
894 8.7352 0.3622 pedestrian 0.9067018628120422
894 9.1614 -0.1661 pedestrian 0.883678674697876
895 8.7352 0.3622 pedestrian 0.8950397372245789
895 9.1614 -0.1661 pedestrian 0.8708544373512268
