0 16.1922 -0.3454 car 0.8371962904930115
1 16.1922 -0.3622 car 0.844674289226532
2 16.1922 -0.3622 car 0.8261383771896362
3 16.1922 -0.3622 car 0.7864903211593628
4 16.4052 -0.3622 car 0.7683515548706055
5 16.4052 -0.3622 car 0.7623268961906433
6 16.6183 -0.3622 car 0.7738715410232544
7 16.6183 -0.3622 car 0.7857734560966492
8 16.4052 -0.3287 cyclist 0.6023015826940536
8 16.6183 -0.3622 car 0.4255084376782179
9 16.6183 -0.3287 cyclist 0.6117329746484756
9 16.6183 -0.3622 car 0.42792259715497494
10 16.6183 -0.3287 cyclist 0.5924861803650856
10 16.6183 -0.3622 car 0.4314908878877759
11 16.6183 -0.3287 cyclist 0.5702873319387436
11 16.8313 -0.3622 car 0.4374401932582259
12 16.6183 -0.3121 cyclist 0.5597988739609718
12 16.8313 -0.3622 car 0.4404913210310042
13 16.6183 -0.3121 cyclist 0.5574001148343086
13 16.8313 -0.3454 car 0.4435615474358201
14 16.6183 -0.3121 cyclist 0.5485508814454079
14 16.8313 -0.3454 car 0.44260179554112256
15 16.6183 -0.3121 cyclist 0.5536849275231361
15 16.8313 -0.3454 car 0.43091442610602826
16 16.8313 -0.2956 cyclist 0.8241301476955414
17 16.8313 -0.2956 cyclist 0.8381710648536682
18 16.8313 -0.2956 cyclist 0.8479980826377869
19 16.8313 -0.2956 cyclist 0.8597530722618103
20 16.8313 -0.2956 cyclist 0.8674764037132263
21 16.8313 -0.2956 cyclist 0.8712843954563141
22 16.8313 -0.2956 cyclist 0.8636879920959473
23 16.8313 -0.2792 cyclist 0.8538949191570282
24 16.8313 -0.2629 cyclist 0.8225021660327911
25 16.8313 -0.2629 cyclist 0.8304793238639832
26 16.8313 -0.2629 cyclist 0.824856162071228
27 17.0444 -0.2629 cyclist 0.808478444814682
28 17.0444 -0.2629 cyclist 0.7740604281425476
29 17.0444 -0.2629 cyclist 0.7402364611625671
30 17.0444 -0.2629 cyclist 0.703335240483284
31 17.0444 -0.2629 cyclist 0.6903345733880997
32 17.0444 -0.2956 cyclist 0.9365710020065308
33 17.0444 -0.2956 cyclist 0.9501102864742279
34 17.0444 -0.2956 cyclist 0.9574719667434692
35 17.0444 -0.2956 cyclist 0.9623954594135284
36 17.0444 -0.3121 cyclist 0.9607029259204865
37 17.0444 -0.3121 cyclist 0.9566585421562195
38 17.0444 -0.3121 cyclist 0.9484365582466125
39 17.0444 -0.3121 cyclist 0.9384352266788483
40 17.0444 -0.2956 cyclist 0.8202380537986755
40 17.2574 -0.3454 car 0.48185446858406067
41 17.0444 -0.3121 cyclist 0.8372883498668671
41 17.2574 -0.3454 car 0.5250092446804047
42 17.0444 -0.3121 cyclist 0.8492408692836761
42 17.2574 -0.3454 car 0.5444286465644836
43 17.0444 -0.3287 cyclist 0.8663956820964813
43 17.2574 -0.3454 car 0.5543056726455688
44 17.0444 -0.3287 cyclist 0.8681735098361969
44 17.2574 -0.3454 car 0.5562080889940262
45 17.0444 -0.3287 cyclist 0.857530266046524
45 17.2574 -0.3287 car 0.5506402254104614
46 17.0444 -0.3287 cyclist 0.8354950249195099
46 17.2574 -0.3287 car 0.533759593963623
47 17.0444 -0.3287 cyclist 0.8159332871437073
47 17.2574 -0.3287 car 0.5149714946746826
48 17.0444 -0.3121 cyclist 0.8511448204517365
49 17.0444 -0.3121 cyclist 0.8752363622188568
50 17.0444 -0.3121 cyclist 0.8754954636096954
51 17.0444 -0.3121 cyclist 0.8664436638355255
52 17.0444 -0.3121 cyclist 0.851383626461029
53 17.0444 -0.3121 cyclist 0.8235589265823364
54 17.0444 -0.3121 cyclist 0.7774023413658142
55 17.0444 -0.3121 cyclist 0.7455186247825623
56 17.2574 -0.2956 cyclist 0.750062882900238
57 17.2574 -0.2956 cyclist 0.8037755787372589
58 17.2574 -0.2956 cyclist 0.8198505342006683
59 17.2574 -0.2956 cyclist 0.8260740041732788
60 17.2574 -0.2956 cyclist 0.8288578689098358
61 17.2574 -0.3121 cyclist 0.8392083644866943
62 17.2574 -0.3121 cyclist 0.8338911533355713
63 17.2574 -0.2956 cyclist 0.8187504410743713
88 18.5358 -0.3454 car 0.4035074710845947
89 18.7488 -0.3287 car 0.43570682406425476
90 18.7488 -0.3287 car 0.431715652346611
91 18.5358 -0.3121 car 0.41658494621515274
104 24.5013 -0.0709 car 0.7479647397994995
105 24.2883 -0.0867 car 0.8187612593173981
106 23.8621 -0.0867 car 0.8722648620605469
107 23.6491 -0.1025 car 0.9011542201042175
108 23.4360 -0.1025 car 0.9117469191551208
109 23.2230 -0.1184 car 0.9180137813091278
110 23.0099 -0.1184 car 0.9232330024242401
111 22.5838 -0.1184 car 0.9142988622188568
112 22.1577 -0.1025 car 0.8658711016178131
113 21.9447 -0.1184 car 0.8885985016822815
114 21.7316 -0.1343 car 0.9085175395011902
115 21.5185 -0.1343 car 0.9173758327960968
116 21.0924 -0.1343 car 0.9167685806751251
117 20.8794 -0.1502 car 0.9190174639225006
118 20.4533 -0.1502 car 0.9166792035102844
119 20.4533 -0.1502 car 0.8980005085468292
120 20.0272 -0.1502 car 0.8946318924427032
121 19.8141 -0.1502 car 0.9211041927337646
122 19.6010 -0.1661 car 0.937131404876709
123 19.6010 -0.1661 car 0.9459514021873474
124 19.3880 -0.1502 car 0.9488707184791565
125 19.1749 -0.1502 car 0.9458574056625366
126 19.1749 -0.1502 car 0.9400834441184998
127 18.9619 -0.1502 car 0.9263342618942261
128 18.5358 -0.1502 car 0.8858348727226257
129 18.3227 -0.1343 car 0.897296667098999
130 17.8966 -0.1502 car 0.9042017161846161
131 17.6836 -0.1502 car 0.9100302159786224
132 17.4705 -0.1502 car 0.9084634482860565
133 17.2574 -0.1502 car 0.8963727355003357
134 17.0444 -0.1502 car 0.8838698267936707
135 16.6183 -0.1661 car 0.8588214814662933
136 16.4052 -0.1661 car 0.8291962444782257
137 15.9791 -0.1661 car 0.8411989510059357
138 15.7661 -0.1981 car 0.8671000003814697
139 15.5530 -0.1981 car 0.8885088562965393
140 15.3400 -0.1981 car 0.8999312818050385
141 15.1269 -0.1981 car 0.9048396050930023
142 14.9138 -0.1981 car 0.9071663320064545
143 14.7008 -0.1981 car 0.8972233533859253
144 14.4877 -0.1981 car 0.8967672288417816
145 14.2747 -0.2142 car 0.9080032408237457
146 14.0616 -0.2304 car 0.9160641431808472
147 13.8486 -0.2304 car 0.9171701669692993
148 13.6355 -0.2304 car 0.9084918797016144
149 13.4225 -0.2304 car 0.8928194940090179
150 13.2094 -0.2466 car 0.8814879059791565
151 12.9963 -0.2629 car 0.8622850775718689
152 12.7833 -0.2792 car 0.8868770599365234
153 12.5702 -0.2792 car 0.8915546536445618
154 12.3572 -0.2792 car 0.8883719444274902
155 12.3572 -0.2792 car 0.8681905567646027
156 11.9311 -0.2956 car 0.8504562377929688
157 11.7180 -0.3121 car 0.8323202729225159
158 11.5050 -0.3121 car 0.8319716155529022
159 11.0789 -0.3287 car 0.8199380934238434
160 10.8658 -0.3622 car 0.8319073617458344
161 10.6527 -0.3791 car 0.8628785610198975
162 10.4397 -0.3791 car 0.8813302516937256
163 10.2266 -0.3961 car 0.8888530135154724
164 10.2266 -0.3961 car 0.8876930773258209
165 10.0136 -0.3961 car 0.8759599924087524
166 9.8005 -0.4132 car 0.867207795381546
167 9.8005 -0.4132 car 0.8464497923851013
168 9.3744 -0.4654 car 0.8351798951625824
169 9.1614 -0.4831 car 0.8619393706321716
170 8.9483 -0.5010 car 0.8818798363208771
171 8.9483 -0.5010 car 0.8938835263252258
172 8.9483 -0.5010 car 0.8918105363845825
173 8.7352 -0.5010 car 0.887082427740097
174 8.7352 -0.5191 car 0.8739998638629913
175 8.5222 -0.5373 car 0.8497550785541534
176 8.3091 -0.6124 car 0.8714180886745453
177 8.3091 -0.6124 car 0.8933274745941162
178 8.0961 -0.6514 car 0.9103034734725952
179 8.0961 -0.6514 car 0.9220083653926849
180 8.0961 -0.6514 car 0.9238565862178802
181 7.8830 -0.6916 car 0.9177534282207489
182 7.8830 -0.6916 car 0.9126763939857483
183 7.8830 -0.6916 car 0.8983651697635651
184 7.8830 -0.7547 car 0.8666516840457916
184 20.2402 -0.2142 pedestrian 0.7024637758731842
185 7.8830 -0.7765 car 0.8860760033130646
185 20.2402 -0.2142 pedestrian 0.7422826588153839
186 7.6700 -0.7765 car 0.8985436260700226
186 20.2402 -0.2142 pedestrian 0.7709820866584778
187 7.6700 -0.7765 car 0.904856950044632
187 20.2402 -0.2142 pedestrian 0.7956993579864502
188 7.6700 -0.7988 car 0.9069719910621643
188 20.2402 -0.2142 pedestrian 0.8203661143779755
189 7.6700 -0.7988 car 0.9041883051395416
189 20.2402 -0.2142 pedestrian 0.8319283425807953
190 7.6700 -0.8217 car 0.8969003856182098
190 20.2402 -0.2142 pedestrian 0.834457278251648
191 7.6700 -0.8217 car 0.8825129270553589
191 20.2402 -0.2142 pedestrian 0.8175412118434906
192 7.4569 -0.8217 car 0.644432783126831
192 20.2402 -0.1821 pedestrian 0.4932941570878029
193 7.6700 -0.8217 car 0.6212197095155716
193 20.4533 -0.1821 pedestrian 0.5282189697027206
194 20.4533 -0.1821 pedestrian 0.5670204609632492
194 7.6700 -0.8217 car 0.5615150183439255
195 20.4533 -0.1821 pedestrian 0.6098765879869461
195 7.4569 -0.8217 car 0.4671044200658798
196 20.4533 -0.1821 pedestrian 0.6581040918827057
197 20.4533 -0.1821 pedestrian 0.6915077567100525
198 20.4533 -0.1821 pedestrian 0.6851657927036285
199 20.6663 -0.1661 pedestrian 0.6543584764003754
205 20.8794 -0.1343 pedestrian 0.43148865550756454
206 20.8794 -0.1343 pedestrian 0.46782952547073364
207 20.8794 -0.1343 pedestrian 0.46872808039188385
208 20.8794 -0.1343 pedestrian 0.5079224705696106
209 20.8794 -0.1343 pedestrian 0.5466800928115845
210 20.8794 -0.1343 pedestrian 0.5633882731199265
211 20.8794 -0.1343 pedestrian 0.5641159117221832
212 20.8794 -0.1343 pedestrian 0.567219540476799
213 20.8794 -0.1343 pedestrian 0.5848113149404526
214 20.8794 -0.1343 pedestrian 0.5831892937421799
215 20.8794 -0.1343 pedestrian 0.5512163192033768
216 21.0924 -0.1184 pedestrian 0.6271817088127136
217 21.0924 -0.1184 pedestrian 0.6611384153366089
218 21.0924 -0.1184 pedestrian 0.6878195106983185
219 21.0924 -0.1184 pedestrian 0.7114225625991821
220 21.0924 -0.1184 pedestrian 0.727245420217514
221 21.0924 -0.1184 pedestrian 0.725916713476181
222 21.0924 -0.1184 pedestrian 0.7024955749511719
223 21.0924 -0.1184 pedestrian 0.6466865837574005
244 22.1577 -0.1502 pedestrian 0.400795541703701
248 22.3708 -0.1661 pedestrian 0.6471589803695679
249 22.3708 -0.1661 pedestrian 0.6963845789432526
250 22.3708 -0.1661 pedestrian 0.7246491312980652
251 22.3708 -0.1661 pedestrian 0.7312292754650116
252 22.3708 -0.1661 pedestrian 0.7470628619194031
253 22.3708 -0.1661 pedestrian 0.7621297538280487
254 22.3708 -0.1661 pedestrian 0.7560495734214783
255 22.3708 -0.1661 pedestrian 0.7191668450832367
256 22.3708 -0.1661 pedestrian 0.754986435174942
257 22.3708 -0.1661 pedestrian 0.7822578847408295
258 22.3708 -0.1661 pedestrian 0.7968025505542755
259 22.3708 -0.1661 pedestrian 0.8017461597919464
260 22.3708 -0.1502 pedestrian 0.804592490196228
261 22.3708 -0.1502 pedestrian 0.8040527999401093
262 22.3708 -0.1502 pedestrian 0.7831373512744904
263 22.3708 -0.1502 pedestrian 0.7311646044254303
264 22.3708 -0.1502 pedestrian 0.5140890181064606
265 22.5838 -0.1502 pedestrian 0.5177127420902252
266 22.5838 -0.1502 pedestrian 0.5196945369243622
267 22.5838 -0.1502 pedestrian 0.505522832274437
268 22.5838 -0.1502 pedestrian 0.5043589770793915
269 22.5838 -0.1502 pedestrian 0.5040498375892639
270 22.7969 -0.1502 pedestrian 0.49359017610549927
271 22.7969 -0.1502 pedestrian 0.4594145119190216
272 23.0099 -0.1343 pedestrian 0.6257660984992981
273 23.0099 -0.1184 pedestrian 0.6595160067081451
274 23.0099 -0.1184 pedestrian 0.6816003024578094
275 23.0099 -0.1184 pedestrian 0.6769158244132996
276 23.0099 -0.1184 pedestrian 0.6535642147064209
277 23.0099 -0.1184 pedestrian 0.6245737671852112
278 23.0099 -0.1184 pedestrian 0.5875186622142792
279 23.2230 -0.1184 pedestrian 0.5090376287698746
292 23.4360 -0.1502 pedestrian 0.4010572796687484
293 23.4360 -0.1502 pedestrian 0.40234469063580036
294 23.6491 -0.1502 pedestrian 0.4059631936252117
295 23.6491 -0.1502 pedestrian 0.4058579057455063
296 23.6491 -0.1343 pedestrian 0.7745508253574371
297 23.6491 -0.1343 pedestrian 0.7738507390022278
298 23.8621 -0.1343 pedestrian 0.7782712280750275
299 23.8621 -0.1343 pedestrian 0.7875507175922394
300 23.8621 -0.1343 pedestrian 0.7922345697879791
301 23.8621 -0.1343 pedestrian 0.7961633503437042
302 23.8621 -0.1343 pedestrian 0.79133540391922
303 23.8621 -0.1343 pedestrian 0.7569951713085175
304 23.8621 -0.1343 pedestrian 0.5800512433052063
305 23.8621 -0.1343 pedestrian 0.5622791647911072
306 23.8621 -0.1184 pedestrian 0.5330148041248322
307 23.8621 -0.1184 pedestrian 0.5117259621620178
308 24.0752 -0.1184 pedestrian 0.5092589259147644
309 24.0752 -0.1184 pedestrian 0.5282733142375946
310 24.0752 -0.1184 pedestrian 0.5072387456893921
311 24.0752 -0.1184 pedestrian 0.4321085214614868
357 24.9274 -0.1821 pedestrian 0.4136762022972107
358 24.9274 -0.1821 pedestrian 0.4191948026418686
382 24.7144 -0.2142 pedestrian 0.41428689658641815
383 24.5013 -0.2142 pedestrian 0.4225885346531868
384 24.5013 -0.1981 pedestrian 0.7186565101146698
385 24.5013 -0.1981 pedestrian 0.7409056425094604
386 24.5013 -0.1981 pedestrian 0.7541335821151733
387 24.5013 -0.1981 pedestrian 0.7655953764915466
388 24.5013 -0.1981 pedestrian 0.7855554521083832
389 24.5013 -0.1981 pedestrian 0.8066786825656891
390 24.2883 -0.1981 pedestrian 0.8210752904415131
391 24.2883 -0.1981 pedestrian 0.8303780853748322
392 24.2883 -0.1821 pedestrian 0.7574622929096222
393 24.2883 -0.1821 pedestrian 0.7778563499450684
394 24.2883 -0.1821 pedestrian 0.7871345579624176
395 24.2883 -0.1821 pedestrian 0.7960080504417419
396 24.2883 -0.1821 pedestrian 0.8138700425624847
397 24.2883 -0.1821 pedestrian 0.8372712433338165
398 24.2883 -0.1821 pedestrian 0.8488248884677887
399 24.2883 -0.1821 pedestrian 0.8397603034973145
400 24.0752 -0.1821 pedestrian 0.8199351727962494
401 24.0752 -0.1821 pedestrian 0.8280951380729675
402 24.0752 -0.1821 pedestrian 0.8343588411808014
403 24.0752 -0.1821 pedestrian 0.840764582157135
404 24.0752 -0.1821 pedestrian 0.8588472902774811
405 24.0752 -0.1821 pedestrian 0.8715907335281372
406 24.0752 -0.1821 pedestrian 0.8733740448951721
407 23.8621 -0.1821 pedestrian 0.8695082068443298
408 23.8621 -0.1981 pedestrian 0.8031511008739471
409 23.8621 -0.1981 pedestrian 0.8204022645950317
410 23.8621 -0.1981 pedestrian 0.8332687616348267
411 23.8621 -0.1981 pedestrian 0.8384523689746857
412 23.8621 -0.1981 pedestrian 0.8295230269432068
413 23.8621 -0.1981 pedestrian 0.8186298906803131
414 23.8621 -0.1981 pedestrian 0.8172071874141693
415 23.8621 -0.1981 pedestrian 0.8044346272945404
416 23.6491 -0.1981 pedestrian 0.8175084292888641
417 23.6491 -0.1981 pedestrian 0.8421600759029388
418 23.6491 -0.1981 pedestrian 0.8598037958145142
419 23.6491 -0.1981 pedestrian 0.868853747844696
420 23.6491 -0.1981 pedestrian 0.8717333376407623
421 23.6491 -0.1981 pedestrian 0.8685716390609741
422 23.6491 -0.1981 pedestrian 0.8661152720451355
423 23.6491 -0.1981 pedestrian 0.8503900468349457
424 23.4360 -0.2142 pedestrian 0.7734335660934448
425 23.4360 -0.2142 pedestrian 0.7879393398761749
426 23.4360 -0.2304 pedestrian 0.7958889007568359
427 23.4360 -0.2304 pedestrian 0.7975364625453949
428 23.4360 -0.2304 pedestrian 0.7972232699394226
429 23.4360 -0.2304 pedestrian 0.7902006208896637
430 23.4360 -0.2304 pedestrian 0.7703288793563843
431 23.4360 -0.2304 pedestrian 0.7172669768333435
432 23.2230 -0.2304 pedestrian 0.7319881021976471
433 23.2230 -0.2304 pedestrian 0.7400847375392914
434 23.2230 -0.2304 pedestrian 0.7427153587341309
435 23.2230 -0.2304 pedestrian 0.7384513318538666
436 23.2230 -0.2466 pedestrian 0.7346272170543671
437 23.2230 -0.2466 pedestrian 0.7427927851676941
438 23.2230 -0.2466 pedestrian 0.743774801492691
439 23.2230 -0.2466 pedestrian 0.7276397943496704
440 23.0099 -0.2304 pedestrian 0.5633163154125214
441 23.0099 -0.2304 pedestrian 0.5572555363178253
442 23.0099 -0.2304 pedestrian 0.555820569396019
443 23.0099 -0.2304 pedestrian 0.5542712062597275
444 23.0099 -0.2466 pedestrian 0.5493879318237305
445 23.0099 -0.2466 pedestrian 0.5191452205181122
446 23.0099 -0.2466 pedestrian 0.48192116618156433
446 4.2611 0.2956 pedestrian 0.40073180832814614
447 23.0099 -0.2466 pedestrian 0.42551707476377487
447 4.2611 0.2956 pedestrian 0.4066668504920017
448 4.2611 0.2956 pedestrian 0.764892190694809
449 4.2611 0.2956 pedestrian 0.8034321665763855
450 4.2611 0.2956 pedestrian 0.8277134597301483
451 4.2611 0.2956 pedestrian 0.8361204266548157
452 4.2611 0.2956 pedestrian 0.8380983173847198
453 4.2611 0.2792 pedestrian 0.8410544693470001
454 4.2611 0.2792 pedestrian 0.8377032279968262
455 4.2611 0.2792 pedestrian 0.8148537278175354
456 4.2611 0.2629 pedestrian 0.5426201373338699
457 4.2611 0.2629 pedestrian 0.503257691860199
458 4.2611 0.2792 pedestrian 0.46936580538749695
458 5.3264 -0.6124 car 0.4099732004106045
459 6.3916 -0.0236 car 0.4637465551495552
459 5.3264 -0.6124 car 0.44236810877919197
459 4.2611 0.2792 pedestrian 0.428460456430912
460 6.3916 -0.0236 car 0.5377674847841263
460 5.3264 -0.5744 car 0.46779128164052963
461 6.3916 -0.0236 car 0.6021717339754105
461 5.3264 -0.5744 car 0.48401008546352386
462 6.6047 -0.0236 car 0.6565958559513092
462 5.3264 -0.5744 car 0.49789419770240784
463 6.6047 -0.0236 car 0.6891501545906067
463 5.5394 -0.5744 car 0.49644432961940765
464 6.1786 -0.0394 car 0.8926417827606201
465 6.1786 -0.0236 car 0.9190583527088165
466 6.1786 -0.0236 car 0.9349193274974823
467 6.1786 -0.0236 car 0.9431279003620148
468 6.1786 -0.0236 car 0.941834956407547
469 6.3916 -0.0236 car 0.9356371760368347
470 6.3916 0.0079 car 0.9205599725246429
471 6.6047 0.0394 car 0.8898136913776398
472 7.0308 0.0709 car 0.8841660618782043
473 7.4569 0.1025 car 0.8975830674171448
474 7.6700 0.1184 car 0.9110327363014221
475 7.8830 0.1184 car 0.9249609410762787
476 7.8830 0.1343 car 0.9337666034698486
477 8.0961 0.1343 car 0.9360794723033905
478 8.0961 0.1343 car 0.9238997101783752
479 8.3091 0.1661 car 0.9010708928108215
480 8.9483 0.1981 car 0.8759250342845917
481 9.1614 0.2142 car 0.896418035030365
482 9.3744 0.2142 car 0.9122090041637421
483 9.5875 0.2142 car 0.9250592291355133
484 9.8005 0.2304 car 0.9332797229290009
485 9.8005 0.2304 car 0.9375885725021362
486 10.0136 0.2304 car 0.9356329143047333
487 10.2266 0.2304 car 0.9219747185707092
488 10.6527 0.2466 car 0.9012351930141449
488 23.4360 -0.1025 car 0.5879011452198029
488 23.6491 -0.0867 cyclist 0.5324784964323044
489 10.8658 0.2629 car 0.9076786637306213
489 23.4360 -0.1025 car 0.7178354263305664
489 23.4360 -0.0867 cyclist 0.5050386190414429
490 11.2919 0.2629 car 0.9099050760269165
490 23.4360 -0.1025 car 0.7769063413143158
490 23.4360 -0.0867 cyclist 0.46660594642162323
491 11.5050 0.2629 car 0.9113031327724457
491 23.2230 -0.1025 car 0.8163547217845917
491 23.2230 -0.0709 cyclist 0.4282606840133667
492 11.7180 0.2629 car 0.910589724779129
492 23.0099 -0.1025 car 0.822941780090332
493 11.9311 0.2792 car 0.9129284620285034
493 23.0099 -0.1025 car 0.8210811018943787
494 12.1441 0.2792 car 0.9167494177818298
494 22.7969 -0.1025 car 0.8076874613761902
495 12.3572 0.2956 car 0.9108553230762482
495 22.5838 -0.1025 car 0.7855726182460785
496 12.7833 0.2792 car 0.9148719012737274
496 22.3708 -0.0867 car 0.7421506643295288
497 12.9963 0.2792 car 0.9273146986961365
497 22.1577 -0.1025 car 0.7971220910549164
498 13.2094 0.2792 car 0.9329559206962585
498 22.1577 -0.1025 car 0.833511620759964
499 13.4225 0.2956 car 0.9350920915603638
499 21.9447 -0.1025 car 0.8483052849769592
500 13.6355 0.2792 car 0.9314429759979248
500 21.7316 -0.0867 car 0.8553950488567352
501 13.8486 0.2792 car 0.9270764887332916
501 21.7316 -0.0867 car 0.8667664527893066
502 14.0616 0.2956 car 0.9246629178524017
502 21.5185 -0.0867 car 0.8673566579818726
503 14.4877 0.2956 car 0.9149542152881622
503 21.3055 -0.1025 car 0.8595429360866547
504 14.9138 0.2792 car 0.9073629081249237
504 21.3055 -0.1025 car 0.8215642869472504
505 15.1269 0.2792 car 0.909231960773468
505 21.3055 -0.1025 car 0.8413393199443817
506 15.3400 0.2792 car 0.9040175080299377
506 21.0924 -0.1025 car 0.8482939004898071
507 15.7661 0.2792 car 0.8883490860462189
507 20.8794 -0.1025 car 0.8277599215507507
508 15.9791 0.2792 car 0.8688234388828278
508 20.8794 -0.0867 car 0.7800470888614655
509 16.1922 0.2956 car 0.852549821138382
509 20.8794 -0.0867 car 0.7002030313014984
510 16.6183 0.2956 car 0.8541376888751984
510 20.6663 -0.1025 car 0.6149531453847885
511 16.8313 0.2956 car 0.8548479080200195
511 20.4533 -0.1025 car 0.5433119609951973
512 17.4705 0.2792 car 0.8799656927585602
513 17.6836 0.2956 car 0.897535502910614
513 18.9619 -0.2142 car 0.4782160371541977
514 17.6836 0.2792 car 0.906418114900589
514 18.9619 -0.2142 car 0.561492070555687
515 18.1097 0.2792 car 0.9145684242248535
515 18.9619 -0.2142 car 0.6274211704730988
516 18.1097 0.2792 car 0.913858562707901
516 18.9619 -0.2142 car 0.6714379787445068
517 18.3227 0.2792 car 0.9060005843639374
517 18.7488 -0.2142 car 0.6969361305236816
518 18.5358 0.2792 car 0.8954274654388428
518 18.7488 -0.1981 car 0.7178910672664642
519 18.7488 0.2629 car 0.8664991855621338
519 18.7488 -0.1981 car 0.7034955024719238
520 18.9619 -0.1184 car 0.8275269269943237
520 19.3880 0.2629 car 0.8035746216773987
521 18.9619 -0.1184 car 0.825791746377945
521 19.8141 0.2629 car 0.8180863559246063
522 20.0272 0.2629 car 0.8380822837352753
522 18.9619 -0.1184 car 0.8278201222419739
523 20.2402 0.2629 car 0.8649330139160156
523 18.9619 -0.1184 car 0.8225327730178833
524 20.4533 0.2629 car 0.8814529478549957
524 18.9619 -0.1184 car 0.8108129501342773
525 20.6663 0.2629 car 0.8886257112026215
525 18.7488 -0.1184 car 0.7984090149402618
526 20.8794 0.2629 car 0.8892627954483032
526 18.7488 -0.1184 car 0.7839181423187256
527 21.0924 0.2792 car 0.8667065501213074
527 18.3227 -0.1025 car 0.7647450566291809
528 21.7316 0.2792 car 0.8765922486782074
528 17.6836 -0.1025 car 0.7113061547279358
529 22.1577 0.2792 car 0.8993524610996246
529 17.4705 -0.1025 car 0.7544361650943756
530 22.3708 0.2792 car 0.9137484431266785
530 17.2574 -0.0709 car 0.8000653684139252
531 22.5838 0.2792 car 0.9195448458194733
531 17.0444 -0.0709 car 0.8403166234493256
532 22.7969 0.2792 car 0.9119137227535248
532 16.8313 -0.0709 car 0.8564542829990387
533 23.0099 0.2792 car 0.8993735313415527
533 16.8313 -0.0709 car 0.8646460771560669
534 23.2230 0.2792 car 0.895914763212204
534 16.6183 -0.0709 car 0.8703230619430542
535 23.4360 0.2792 car 0.8846838176250458
535 16.4052 -0.0709 car 0.8574270606040955
536 24.0752 0.2792 car 0.9260796904563904
536 16.1922 -0.0394 car 0.8712016344070435
537 24.2883 0.2792 car 0.9062473475933075
537 15.9791 -0.0394 car 0.8812861144542694
538 15.7661 -0.0394 car 0.8916718065738678
538 24.5013 0.2792 car 0.8208138048648834
539 15.7661 -0.0394 car 0.9037040174007416
539 24.5013 0.2792 car 0.5566180348396301
540 15.5530 -0.0394 car 0.9070827662944794
541 15.5530 -0.0394 car 0.9102164208889008
542 15.3400 -0.0236 car 0.9094516932964325
543 15.3400 -0.0236 car 0.901940643787384
544 15.3400 -0.0079 car 0.9267727732658386
545 15.1269 0.0079 car 0.9387367367744446
546 15.1269 0.0079 car 0.9444448053836823
547 14.9138 0.0079 car 0.9460916817188263
548 14.9138 0.0079 car 0.9422967433929443
549 14.7008 0.0079 car 0.9331785440444946
550 14.4877 0.0236 car 0.9180186986923218
551 14.4877 0.0236 car 0.8995141685009003
552 14.2747 0.0394 car 0.9067524373531342
553 14.0616 0.0551 car 0.9273897409439087
554 14.0616 0.0551 car 0.9390434622764587
555 13.8486 0.0551 car 0.9444614946842194
556 13.8486 0.0551 car 0.946841686964035
557 13.8486 0.0709 car 0.9448193609714508
558 13.6355 0.0709 car 0.9420729577541351
559 13.6355 0.0709 car 0.9323553740978241
560 13.6355 0.0867 car 0.907720148563385
561 13.6355 0.0867 car 0.9191975295543671
562 13.6355 0.0867 car 0.9230950176715851
563 13.6355 0.0867 car 0.9175573289394379
564 13.4225 0.1025 car 0.9135772585868835
565 13.4225 0.1025 car 0.9024975001811981
566 13.4225 0.1025 car 0.8853633403778076
567 13.2094 0.1184 car 0.8581591844558716
568 13.2094 0.1502 car 0.817521721124649
568 21.7316 -0.1661 pedestrian 0.5768161863088608
569 13.2094 0.1502 car 0.8310222625732422
569 21.7316 -0.1661 pedestrian 0.5887104719877243
570 13.2094 0.1502 car 0.8379335999488831
570 21.9447 -0.1661 pedestrian 0.6150117963552475
571 13.2094 0.1502 car 0.8260727226734161
571 21.9447 -0.1661 pedestrian 0.6266352832317352
572 12.9963 0.1661 car 0.8199532926082611
572 21.9447 -0.1661 pedestrian 0.6452977955341339
573 12.9963 0.1661 car 0.8087237179279327
573 21.9447 -0.1821 pedestrian 0.6664494574069977
574 12.7833 0.1821 car 0.7952375411987305
574 22.1577 -0.1821 pedestrian 0.6708724498748779
575 12.7833 0.1981 car 0.7732155025005341
575 22.1577 -0.1821 pedestrian 0.6683825552463531
576 22.1577 -0.1821 pedestrian 0.7697760164737701
576 12.5702 0.2304 car 0.7487591207027435
577 22.1577 -0.1821 pedestrian 0.7832963466644287
577 12.5702 0.2304 car 0.7725740373134613
578 12.3572 0.2466 car 0.7995801866054535
578 22.1577 -0.1821 pedestrian 0.798099547624588
579 12.3572 0.2466 car 0.8110668063163757
579 22.1577 -0.1821 pedestrian 0.8055171966552734
580 12.1441 0.2792 car 0.822302907705307
580 22.1577 -0.1661 pedestrian 0.8109009265899658
581 12.1441 0.2956 car 0.8239929974079132
581 22.1577 -0.1661 pedestrian 0.8050777912139893
582 12.1441 0.2956 car 0.8138697147369385
582 22.1577 -0.1661 pedestrian 0.7913488745689392
583 12.1441 0.2956 car 0.784936785697937
583 22.3708 -0.1661 pedestrian 0.7726427912712097
584 11.9311 0.3454 car 0.7273701131343842
584 22.3708 -0.1661 pedestrian 0.5956214368343353
585 11.9311 0.3454 car 0.740481436252594
585 22.3708 -0.1661 pedestrian 0.6155893206596375
586 11.9311 0.3454 car 0.7541697919368744
586 22.5838 -0.1661 pedestrian 0.6280961632728577
587 11.7180 0.4305 car 0.7515179514884949
587 22.5838 -0.1661 pedestrian 0.640915036201477
588 11.7180 0.4305 car 0.7574284374713898
588 22.5838 -0.1661 pedestrian 0.6700652241706848
589 11.7180 0.4305 car 0.7675438821315765
589 22.5838 -0.1661 pedestrian 0.6787477731704712
590 11.7180 0.4305 car 0.7738690674304962
590 22.5838 -0.1661 pedestrian 0.6481395661830902
591 11.7180 0.4305 car 0.7685250043869019
591 22.5838 -0.1661 pedestrian 0.5596618205308914
592 11.7180 0.4479 car 0.4054728038609028
593 11.7180 0.4479 car 0.40912171453237534
594 11.7180 0.4479 car 0.41132158041000366
595 11.7180 0.4479 car 0.4046402722597122
600 11.5050 0.5744 pedestrian 0.5928431451320648
600 23.0099 -0.1981 pedestrian 0.5289059728384018
601 11.5050 0.5744 pedestrian 0.6056915819644928
601 23.0099 -0.1981 pedestrian 0.557537630200386
602 11.5050 0.5744 pedestrian 0.6002624928951263
602 23.0099 -0.1821 pedestrian 0.5805225968360901
603 23.0099 -0.1821 pedestrian 0.5928465127944946
603 11.5050 0.5744 pedestrian 0.5525835901498795
604 23.2230 -0.1821 pedestrian 0.6103256493806839
604 11.5050 0.5744 pedestrian 0.508541539311409
605 23.2230 -0.1821 pedestrian 0.6340474337339401
605 11.5050 0.5744 pedestrian 0.4439438134431839
606 23.2230 -0.1821 pedestrian 0.6459154337644577
607 23.2230 -0.1821 pedestrian 0.6303253769874573
608 23.2230 -0.1661 pedestrian 0.8111294507980347
608 11.7180 0.7988 car 0.6233572661876678
609 23.2230 -0.1661 pedestrian 0.8191281855106354
609 11.9311 0.7988 car 0.6328512281179428
610 23.2230 -0.1661 pedestrian 0.8192851841449738
610 11.9311 0.7988 car 0.6319510191679001
611 23.2230 -0.1661 pedestrian 0.8144516944885254
611 11.9311 0.7988 car 0.6070051491260529
612 23.4360 -0.1661 pedestrian 0.8239262402057648
612 11.9311 0.7988 car 0.5719062983989716
613 23.4360 -0.1661 pedestrian 0.8407854735851288
613 11.9311 0.7988 car 0.5380398482084274
614 23.4360 -0.1661 pedestrian 0.8521883189678192
614 11.9311 0.7988 car 0.49484483525156975
615 23.4360 -0.1661 pedestrian 0.8492764234542847
615 11.9311 0.7988 car 0.4542505443096161
616 23.4360 -0.1502 pedestrian 0.8514902889728546
617 23.4360 -0.1661 pedestrian 0.8571632206439972
618 23.6491 -0.1661 pedestrian 0.8575268387794495
619 23.6491 -0.1661 pedestrian 0.8657294511795044
620 23.6491 -0.1661 pedestrian 0.8698433041572571
621 23.6491 -0.1661 pedestrian 0.8717275559902191
622 23.6491 -0.1661 pedestrian 0.8716168999671936
623 23.6491 -0.1661 pedestrian 0.8622275590896606
624 23.8621 -0.1661 pedestrian 0.7977992296218872
625 23.8621 -0.1661 pedestrian 0.804951936006546
626 23.8621 -0.1661 pedestrian 0.7999551296234131
627 23.8621 -0.1661 pedestrian 0.7903567552566528
628 23.8621 -0.1661 pedestrian 0.7833750247955322
629 24.0752 -0.1661 pedestrian 0.782126784324646
630 24.0752 -0.1661 pedestrian 0.7882774174213409
631 24.0752 -0.1661 pedestrian 0.7746503353118896
632 24.0752 -0.1502 pedestrian 0.72756427526474
633 24.0752 -0.1502 pedestrian 0.725978434085846
634 24.0752 -0.1502 pedestrian 0.7209990322589874
635 24.0752 -0.1502 pedestrian 0.7112898528575897
636 24.0752 -0.1502 pedestrian 0.7023390829563141
637 24.0752 -0.1502 pedestrian 0.6902174949645996
638 24.0752 -0.1502 pedestrian 0.6553033590316772
639 24.0752 -0.1502 pedestrian 0.5948093384504318
816 24.5013 -0.0867 pedestrian 0.5155752897262573
817 24.5013 -0.1025 pedestrian 0.5367199033498764
818 24.5013 -0.1025 pedestrian 0.5495096743106842
819 24.5013 -0.1025 pedestrian 0.5503000915050507
820 24.5013 -0.1025 pedestrian 0.5514334589242935
821 24.5013 -0.1025 pedestrian 0.5661178976297379
822 24.5013 -0.1025 pedestrian 0.5692598819732666
823 24.5013 -0.0867 pedestrian 0.5478902161121368
824 24.5013 -0.0867 pedestrian 0.5928989052772522
825 24.5013 -0.0867 pedestrian 0.5920314192771912
826 24.5013 -0.0867 pedestrian 0.5910710096359253
827 24.5013 -0.0867 pedestrian 0.5746049880981445
828 24.5013 -0.0867 pedestrian 0.5682033151388168
829 24.5013 -0.0867 pedestrian 0.5743026882410049
830 24.5013 -0.0867 pedestrian 0.5550616234540939
831 24.5013 -0.0867 pedestrian 0.5042997151613235
832 24.2883 -0.1025 pedestrian 0.5791425108909607
833 24.2883 -0.1184 pedestrian 0.5969067215919495
834 24.2883 -0.1184 pedestrian 0.6057435572147369
835 24.2883 -0.1184 pedestrian 0.6113498508930206
836 24.2883 -0.1343 pedestrian 0.6259682178497314
837 24.2883 -0.1343 pedestrian 0.638761579990387
838 24.2883 -0.1343 pedestrian 0.6427230536937714
839 24.2883 -0.1343 pedestrian 0.6106109619140625
848 24.0752 -0.1502 pedestrian 0.4694536626338959
849 24.0752 -0.1502 pedestrian 0.513100877404213
850 24.0752 -0.1343 pedestrian 0.5599837005138397
851 24.0752 -0.1343 pedestrian 0.6065395176410675
852 24.0752 -0.1502 pedestrian 0.654232531785965
853 24.0752 -0.1502 pedestrian 0.7035459876060486
854 24.0752 -0.1502 pedestrian 0.7318225204944611
855 24.0752 -0.1502 pedestrian 0.7289530038833618
874 23.4360 -0.1821 pedestrian 0.4379032552242279
875 23.4360 -0.1821 pedestrian 0.4923206567764282
876 23.4360 -0.1821 pedestrian 0.531475305557251
877 23.4360 -0.1821 pedestrian 0.5612590610980988
878 23.4360 -0.1821 pedestrian 0.5853499472141266
879 23.4360 -0.1821 pedestrian 0.5654793232679367
880 23.4360 -0.1981 pedestrian 0.7242385745048523
881 23.4360 -0.1981 pedestrian 0.7291465699672699
882 23.2230 -0.1981 pedestrian 0.7297196686267853
883 23.2230 -0.1981 pedestrian 0.7238389849662781
884 23.2230 -0.1981 pedestrian 0.7216576337814331
885 23.2230 -0.1981 pedestrian 0.732707142829895
886 23.2230 -0.1981 pedestrian 0.7340871393680573
887 23.2230 -0.1981 pedestrian 0.7110388278961182
888 23.2230 -0.2142 pedestrian 0.8142469525337219
889 23.0099 -0.2142 pedestrian 0.8215675950050354
890 23.0099 -0.2142 pedestrian 0.8293174505233765
891 23.0099 -0.2142 pedestrian 0.8275837898254395
892 23.0099 -0.2142 pedestrian 0.8329504132270813
893 23.0099 -0.2142 pedestrian 0.8369640707969666
894 23.0099 -0.2142 pedestrian 0.8379502892494202
895 23.0099 -0.2142 pedestrian 0.8244295120239258
