0 5.7525 -0.5010 car 0.9129389524459839
0 16.6183 0.6317 pedestrian 0.8344820141792297
0 6.3916 0.0551 car 0.7381079792976379
0 13.6355 0.4831 pedestrian 0.6108684539794922
0 10.8658 0.5932 pedestrian 0.5315786600112915
1 5.7525 -0.4831 car 0.9360593557357788
1 16.6183 0.6317 pedestrian 0.8481093645095825
1 6.3916 0.0551 car 0.7486177682876587
1 13.6355 0.4831 pedestrian 0.6889908313751221
1 10.8658 0.5932 pedestrian 0.5972955822944641
2 5.7525 -0.4831 car 0.9425572752952576
2 16.6183 0.6317 pedestrian 0.8592143058776855
2 6.3916 0.0551 car 0.73809415102005
2 13.6355 0.5010 pedestrian 0.7337270975112915
2 10.8658 0.5932 pedestrian 0.6452155709266663
3 5.7525 -0.4831 car 0.9453384280204773
3 16.4052 0.6317 pedestrian 0.8621096611022949
3 13.6355 0.5010 pedestrian 0.7618914246559143
3 6.3916 0.0551 car 0.723788857460022
3 10.8658 0.6124 pedestrian 0.6721361875534058
3 12.3572 -0.1981 pedestrian 0.40812960267066956
4 5.7525 -0.4831 car 0.9494398832321167
4 16.4052 0.6317 pedestrian 0.8725822567939758
4 13.6355 0.5010 pedestrian 0.7940683364868164
4 6.1786 0.0551 car 0.7248494029045105
4 10.8658 0.6124 pedestrian 0.6917552351951599
4 12.3572 -0.1821 pedestrian 0.4649246633052826
5 5.7525 -0.4831 car 0.9481378793716431
5 16.4052 0.6317 pedestrian 0.8705464005470276
5 13.6355 0.5010 pedestrian 0.8047029972076416
5 6.1786 0.0551 car 0.7417948246002197
5 10.8658 0.6124 pedestrian 0.7000584006309509
5 12.3572 -0.1821 pedestrian 0.5036278963088989
6 5.7525 -0.4831 car 0.9456339478492737
6 16.4052 0.6317 pedestrian 0.8586429953575134
6 13.6355 0.5010 pedestrian 0.782166600227356
6 6.1786 0.0551 car 0.7543246150016785
6 10.6527 0.6124 pedestrian 0.6824058890342712
6 12.3572 -0.1821 pedestrian 0.52366703748703
7 5.7525 -0.5010 car 0.9436048865318298
7 16.4052 0.6317 pedestrian 0.8398799896240234
7 6.1786 0.0551 car 0.7619925141334534
7 13.6355 0.5010 pedestrian 0.7466821670532227
7 10.6527 0.6124 pedestrian 0.6788696050643921
7 12.1441 -0.1821 pedestrian 0.5207053422927856
8 5.5394 -0.5010 car 0.9198746681213379
8 6.1786 0.0551 car 0.7878206074237823
8 13.4225 0.5373 pedestrian 0.7338379919528961
8 16.1922 0.6514 pedestrian 0.6836588382720947
8 10.6527 0.6124 pedestrian 0.6379384398460388
9 5.5394 -0.5010 car 0.936373770236969
9 5.9655 0.0551 car 0.8014800846576691
9 13.4225 0.5373 pedestrian 0.7460439801216125
9 16.1922 0.6514 pedestrian 0.7211049199104309
9 10.6527 0.6124 pedestrian 0.6682416498661041
10 5.5394 -0.5010 car 0.9431719481945038
10 5.9655 0.0551 car 0.8063472509384155
10 13.4225 0.5373 pedestrian 0.7590018510818481
10 16.1922 0.6514 pedestrian 0.7542650997638702
10 10.6527 0.6124 pedestrian 0.6889121830463409
11 5.5394 -0.5010 car 0.9474490284919739
11 5.7525 0.0551 car 0.8109751641750336
11 16.1922 0.6514 pedestrian 0.7748568058013916
11 13.4225 0.5373 pedestrian 0.7573152780532837
11 10.6527 0.6317 pedestrian 0.7060282230377197
12 5.5394 -0.5010 car 0.9473368525505066
12 5.7525 0.0551 car 0.8172123432159424
12 16.1922 0.6514 pedestrian 0.7988335490226746
12 13.4225 0.5373 pedestrian 0.7591232061386108
12 10.6527 0.6317 pedestrian 0.7235433757305145
13 5.5394 -0.5010 car 0.942751407623291
13 5.7525 0.0551 car 0.8304365873336792
13 16.1922 0.6514 pedestrian 0.8069348335266113
13 13.4225 0.5373 pedestrian 0.7580615282058716
13 10.4397 0.6317 pedestrian 0.7280716001987457
14 5.5394 -0.5010 car 0.9337206780910492
14 5.7525 0.0551 car 0.8382850289344788
14 16.1922 0.6514 pedestrian 0.7852901518344879
14 13.4225 0.5373 pedestrian 0.7386696636676788
14 10.4397 0.6317 pedestrian 0.7092585861682892
15 5.3264 -0.5373 car 0.9180194139480591
15 5.7525 0.0551 car 0.8339586853981018
15 15.9791 0.6514 pedestrian 0.7541082501411438
15 13.4225 0.5373 pedestrian 0.6743322312831879
15 10.4397 0.6124 pedestrian 0.6687943041324615
16 5.7525 0.0551 car 0.8897889256477356
16 5.3264 -0.5373 car 0.8891156613826752
16 15.9791 0.6514 pedestrian 0.6285132467746735
16 10.4397 0.6124 pedestrian 0.4699256122112274
17 5.7525 0.0551 car 0.9050140678882599
17 5.3264 -0.5373 car 0.8971801102161407
17 15.9791 0.6514 pedestrian 0.6364698112010956
17 10.4397 0.6124 pedestrian 0.5003514587879181
18 5.5394 0.0551 car 0.9096138775348663
18 5.3264 -0.5373 car 0.8950690031051636
18 15.9791 0.6514 pedestrian 0.6549494564533234
18 10.4397 0.6124 pedestrian 0.5178884118795395
19 5.5394 0.0551 car 0.9129574000835419
19 5.3264 -0.5373 car 0.888339638710022
19 15.9791 0.6514 pedestrian 0.6568435430526733
19 10.2266 0.6124 pedestrian 0.5179963856935501
20 5.5394 0.0551 car 0.91317218542099
20 5.3264 -0.5373 car 0.8817565739154816
20 15.9791 0.6514 pedestrian 0.650604248046875
20 10.2266 0.6124 pedestrian 0.5459504276514053
21 5.5394 0.0551 car 0.9144133627414703
21 5.3264 -0.5373 car 0.8737698793411255
21 15.9791 0.6514 pedestrian 0.6281126141548157
21 10.2266 0.6124 pedestrian 0.5848666131496429
22 5.3264 0.0236 car 0.9144513607025146
22 5.3264 -0.5373 car 0.8632090091705322
22 15.9791 0.6514 pedestrian 0.5777626037597656
22 10.2266 0.6124 pedestrian 0.5770811438560486
23 5.3264 0.0236 car 0.9111097455024719
23 5.3264 -0.5373 car 0.8491785228252411
23 10.2266 0.5932 pedestrian 0.5376090407371521
23 15.7661 0.6514 pedestrian 0.5041766315698624
24 5.3264 0.0551 car 0.8807159960269928
24 5.3264 -0.5373 car 0.8624781668186188
24 10.0136 0.5932 pedestrian 0.5494101494550705
25 5.3264 0.0551 car 0.8996777534484863
25 5.3264 -0.5373 car 0.8779471814632416
25 10.0136 0.5932 pedestrian 0.5972456336021423
26 5.3264 0.0551 car 0.9053581953048706
26 5.3264 -0.5373 car 0.8865189850330353
26 10.0136 0.5932 pedestrian 0.6378373205661774
27 5.3264 0.0551 car 0.9070197641849518
27 5.3264 -0.5373 car 0.890629917383194
27 10.0136 0.5932 pedestrian 0.6635500192642212
28 5.3264 0.0551 car 0.9035502374172211
28 5.3264 -0.5373 car 0.892217755317688
28 10.0136 0.5932 pedestrian 0.6833469271659851
29 5.3264 0.0551 car 0.9014608263969421
29 5.3264 -0.5373 car 0.8889867663383484
29 10.0136 0.5932 pedestrian 0.6936505138874054
30 5.3264 0.0551 car 0.8962624073028564
30 5.3264 -0.5373 car 0.8799018561840057
30 10.0136 0.6124 pedestrian 0.6826249659061432
30 11.5050 -0.1661 pedestrian 0.40135835111141205
31 5.3264 0.0551 car 0.8840031325817108
31 5.3264 -0.5373 car 0.8623808324337006
31 10.0136 0.6124 pedestrian 0.6567079126834869
32 5.3264 0.0236 car 0.8344012200832367
32 5.5394 -0.5373 car 0.7868787050247192
32 12.7833 0.5744 pedestrian 0.7729319334030151
32 9.8005 0.6317 pedestrian 0.6682494282722473
33 5.3264 0.0236 car 0.8556658625602722
33 5.5394 -0.5373 car 0.80983966588974
33 12.7833 0.5744 pedestrian 0.7891103625297546
33 9.8005 0.6317 pedestrian 0.7009792923927307
34 5.3264 0.0236 car 0.8609931468963623
34 5.5394 -0.5373 car 0.8302075862884521
34 12.5702 0.5744 pedestrian 0.7996515929698944
34 9.8005 0.6317 pedestrian 0.7188685238361359
34 5.3264 -0.2629 car 0.7028892040252686
35 5.3264 0.0236 car 0.8582850694656372
35 5.3264 -0.5373 car 0.8464712202548981
35 12.5702 0.5744 pedestrian 0.8018245995044708
35 9.8005 0.6317 pedestrian 0.7315463721752167
35 5.3264 -0.2629 car 0.7189180552959442
36 5.3264 -0.5373 car 0.8553815186023712
36 5.3264 0.0236 car 0.8531411290168762
36 12.5702 0.5744 pedestrian 0.7977161705493927
36 9.8005 0.6317 pedestrian 0.7456031143665314
36 5.5394 -0.2629 car 0.7289058566093445
37 5.1133 -0.5373 car 0.8577570021152496
37 5.3264 0.0236 car 0.8505076169967651
37 12.5702 0.5744 pedestrian 0.7980132400989532
37 9.8005 0.6317 pedestrian 0.7536217868328094
37 5.5394 -0.2629 car 0.736133486032486
38 5.1133 -0.5373 car 0.8569884300231934
38 5.3264 0.0236 car 0.8460305035114288
38 12.5702 0.5744 pedestrian 0.7898697257041931
38 9.8005 0.6317 pedestrian 0.7353425323963165
38 5.3264 -0.2629 car 0.7320599853992462
39 5.1133 -0.5373 car 0.8422911763191223
39 5.1133 0.0236 car 0.8325403928756714
39 12.5702 0.5744 pedestrian 0.757722020149231
39 5.3264 -0.2629 car 0.7158588767051697
39 9.8005 0.6317 pedestrian 0.6880708932876587
40 4.9003 -0.5744 car 0.8067090809345245
40 12.5702 0.5932 pedestrian 0.7976389229297638
40 5.3264 -0.1821 car 0.7401825487613678
40 5.3264 -0.2629 car 0.7238884568214417
40 9.5875 0.6124 pedestrian 0.5404210388660431
41 4.9003 -0.5744 car 0.8170246183872223
41 12.5702 0.5744 pedestrian 0.7983373403549194
41 5.1133 0.0079 car 0.7777047157287598
41 5.3264 -0.2629 car 0.7402133345603943
41 9.5875 0.6124 pedestrian 0.5478973090648651
42 4.9003 -0.5744 car 0.8218224346637726
42 4.9003 0.0236 car 0.8065628111362457
42 12.5702 0.5744 pedestrian 0.7918281555175781
42 5.3264 -0.2629 car 0.7504810094833374
42 9.5875 0.6124 pedestrian 0.5588608384132385
43 4.9003 -0.0079 car 0.8275862336158752
43 4.9003 -0.5744 car 0.8164685964584351
43 12.5702 0.5744 pedestrian 0.772098183631897
43 5.3264 -0.2629 car 0.7541312277317047
43 9.5875 0.6124 pedestrian 0.5510574579238892
44 4.9003 -0.0079 car 0.8326722085475922
44 4.9003 -0.5744 car 0.8087671101093292
44 12.5702 0.5744 pedestrian 0.7588655650615692
44 5.3264 -0.2629 car 0.7539270222187042
44 9.5875 0.6124 pedestrian 0.5614094883203506
44 11.0789 -0.1981 pedestrian 0.4092041403055191
45 4.9003 -0.0079 car 0.8372363150119781
45 4.6872 -0.5744 car 0.7998791337013245
45 12.5702 0.5744 pedestrian 0.7542336583137512
45 9.5875 0.6124 pedestrian 0.5745298266410828
45 11.0789 -0.1981 pedestrian 0.44469423592090607
46 4.9003 -0.0079 car 0.8386159241199493
46 4.6872 -0.5744 car 0.7865940630435944
46 12.5702 0.5744 pedestrian 0.7258122563362122
46 9.5875 0.6124 pedestrian 0.5399485230445862
46 11.0789 -0.1981 pedestrian 0.4610797315835953
47 4.9003 -0.0079 car 0.8222317397594452
47 4.6872 -0.5744 car 0.7652727365493774
47 12.5702 0.5744 pedestrian 0.6593924462795258
47 9.5875 0.6124 pedestrian 0.460293248295784
47 11.0789 -0.1981 pedestrian 0.44563229382038116
48 4.9003 -0.0079 car 0.7504814267158508
48 4.6872 -0.6317 car 0.7363499701023102
48 12.3572 0.5744 pedestrian 0.6424612700939178
48 10.8658 -0.1343 cyclist 0.5909072607755661
49 4.9003 0.0236 car 0.7888547480106354
49 4.6872 -0.6317 car 0.7629886865615845
49 12.3572 0.5744 pedestrian 0.6555552184581757
49 10.8658 -0.1343 cyclist 0.6132518202066422
50 4.9003 0.0236 car 0.8117599785327911
50 4.6872 -0.6317 car 0.7773045301437378
50 12.3572 0.5744 pedestrian 0.6487414240837097
50 10.8658 -0.1343 cyclist 0.6190373003482819
50 5.1133 -1.0319 car 0.400272473692894
51 4.9003 0.0236 car 0.821501761674881
51 4.6872 -0.6317 car 0.78266841173172
51 12.3572 0.5744 pedestrian 0.6275400221347809
51 10.8658 -0.1343 cyclist 0.6245995759963989
51 5.1133 -1.0319 car 0.4094923287630081
52 4.9003 0.0236 car 0.8204495906829834
52 4.6872 -0.6317 car 0.7864627242088318
52 12.3572 0.5744 pedestrian 0.6319142878055573
52 10.8658 -0.1343 cyclist 0.6278684884309769
52 5.1133 -1.0319 car 0.4248170256614685
53 4.9003 0.0236 car 0.8206358551979065
53 4.6872 -0.6317 car 0.7894343733787537
53 12.3572 0.5744 pedestrian 0.6386753916740417
53 10.8658 -0.1502 cyclist 0.6349993944168091
53 4.6872 -1.0319 car 0.4412551522254944
54 4.9003 0.0236 car 0.8192997574806213
54 4.6872 -0.6317 car 0.7841855585575104
54 10.8658 -0.1502 cyclist 0.6337942183017731
54 12.3572 0.5744 pedestrian 0.6037999093532562
54 4.6872 -1.0319 car 0.4569515734910965
55 4.9003 0.0236 car 0.8034956753253937
55 4.6872 -0.5932 car 0.7653850615024567
55 10.8658 -0.1502 cyclist 0.6254625618457794
55 4.9003 -0.3287 car 0.6175431907176971
55 12.3572 0.5744 pedestrian 0.526253879070282
56 10.8658 -0.1502 cyclist 0.801984429359436
56 5.1133 -0.5010 car 0.7410837113857269
56 4.9003 0.0236 car 0.6682854890823364
56 12.3572 0.5557 pedestrian 0.42128968238830566
57 10.8658 -0.1661 cyclist 0.8107402920722961
57 5.1133 -0.5010 car 0.7828178703784943
57 4.9003 0.0236 car 0.69381183385849
57 12.3572 0.5557 pedestrian 0.443732887506485
58 4.9003 -0.5191 car 0.8186402916908264
58 10.8658 -0.1502 cyclist 0.8059453964233398
58 4.6872 0.0551 car 0.7060360312461853
58 4.9003 -0.1661 car 0.6387147903442383
58 12.3572 0.5557 pedestrian 0.4388507455587387
59 4.9003 -0.5191 car 0.8445390462875366
59 10.8658 -0.1502 cyclist 0.7988578081130981
59 4.6872 0.0551 car 0.7057976126670837
59 12.3572 0.5557 pedestrian 0.41928814351558685
60 4.9003 -0.5191 car 0.8564052879810333
60 10.8658 -0.1502 cyclist 0.7882285416126251
60 4.6872 0.0236 car 0.6815538108348846
60 12.1441 0.5557 pedestrian 0.4409075230360031
61 4.9003 -0.5191 car 0.8622480034828186
61 10.8658 -0.1502 cyclist 0.7745085060596466
61 4.4742 0.0236 car 0.6596161127090454
61 12.1441 0.5557 pedestrian 0.47143425047397614
62 4.6872 -0.5744 car 0.8582821488380432
62 10.8658 -0.1502 cyclist 0.7557337284088135
62 4.4742 0.0236 car 0.6324247121810913
62 12.1441 0.5557 pedestrian 0.4452855736017227
63 4.6872 -0.5744 car 0.8387098610401154
63 10.8658 -0.1502 cyclist 0.7342312335968018
63 4.9003 -0.1025 car 0.610670730471611
64 4.9003 -0.5010 car 0.7651974260807037
64 12.1441 0.5744 pedestrian 0.6349941492080688
64 10.8658 -0.1502 cyclist 0.5433975532650948
64 4.9003 -0.1025 car 0.5387015491724014
64 4.9003 -0.0079 car 0.48783814907073975
64 9.1614 0.6514 pedestrian 0.40614211559295654
65 4.9003 -0.5010 car 0.7684957385063171
65 12.1441 0.5744 pedestrian 0.6670093238353729
65 10.8658 -0.1502 cyclist 0.5189115703105927
65 4.6872 0.0551 car 0.5096924901008606
65 5.5394 -0.0236 car 0.46125125885009766
65 9.1614 0.6514 pedestrian 0.40772925317287445
66 4.9003 -0.5010 car 0.7633942067623138
66 12.1441 0.5744 pedestrian 0.6819447875022888
66 4.6872 0.0551 car 0.5219778120517731
66 10.8658 -0.1502 cyclist 0.4927958548069
66 9.1614 0.6514 pedestrian 0.4086953476071358
67 4.9003 -0.5010 car 0.7401140034198761
67 12.1441 0.5744 pedestrian 0.678717315196991
67 4.4742 0.0551 car 0.5302188992500305
67 10.8658 -0.1661 cyclist 0.47155212610960007
68 4.6872 -0.5010 car 0.717511922121048
68 12.1441 0.5744 pedestrian 0.6875399053096771
68 4.4742 0.0551 car 0.5354303568601608
68 10.8658 -0.1661 cyclist 0.45190173760056496
68 9.1614 0.6514 pedestrian 0.40223343670368195
69 12.1441 0.5744 pedestrian 0.7018752098083496
69 4.6872 -0.5010 car 0.6915766596794128
69 4.4742 0.0551 car 0.5304079204797745
69 10.8658 -0.1502 cyclist 0.4313758723437786
70 12.1441 0.5744 pedestrian 0.6868797838687897
70 4.6872 -0.5010 car 0.6576887965202332
70 4.9003 -0.2956 car 0.6324083507061005
70 4.4742 0.0551 car 0.5193886756896973
71 12.1441 0.5744 pedestrian 0.6508006006479263
71 4.6872 -0.5010 car 0.6071333587169647
71 4.9003 -0.2629 car 0.5950632691383362
71 4.4742 0.0551 car 0.5057706907391548
72 12.1441 0.5744 pedestrian 0.7892906069755554
72 4.4742 0.0551 car 0.7329238653182983
72 4.9003 -0.2629 car 0.6377895772457123
73 12.1441 0.5557 pedestrian 0.8055557906627655
73 4.4742 0.0551 car 0.7878740727901459
73 4.9003 -0.2629 car 0.6554805338382721
74 4.4742 0.0551 car 0.8191814720630646
74 12.1441 0.5557 pedestrian 0.8160454332828522
74 4.9003 -0.2629 car 0.6613044738769531
75 4.4742 0.0551 car 0.8325583338737488
75 12.1441 0.5557 pedestrian 0.8186143934726715
75 4.9003 -0.2629 car 0.6550188362598419
76 4.4742 0.0551 car 0.8304275274276733
76 12.1441 0.5557 pedestrian 0.8255898952484131
76 4.9003 -0.2629 car 0.6551298499107361
77 12.1441 0.5557 pedestrian 0.8266125321388245
77 4.4742 0.0551 car 0.8211049735546112
77 4.9003 -0.2629 car 0.6478036642074585
78 12.1441 0.5557 pedestrian 0.8142309486865997
78 4.4742 0.0551 car 0.8068563044071198
78 4.4742 -0.2629 car 0.6317657828330994
79 12.1441 0.5557 pedestrian 0.7861466705799103
79 4.4742 0.0551 car 0.7796083986759186
80 4.4742 0.0551 car 0.7383161783218384
80 12.1441 0.5557 pedestrian 0.733163058757782
81 4.4742 0.0551 car 0.7870119214057922
81 12.1441 0.5557 pedestrian 0.744105190038681
82 4.4742 0.0551 car 0.8182393908500671
82 12.1441 0.5557 pedestrian 0.7496829330921173
83 4.4742 0.0551 car 0.8347093164920807
83 12.1441 0.5557 pedestrian 0.7483173906803131
84 4.4742 0.0551 car 0.8343938291072845
84 12.1441 0.5557 pedestrian 0.7573778629302979
85 4.4742 0.0551 car 0.8294235467910767
85 12.1441 0.5557 pedestrian 0.7570586502552032
86 4.4742 0.0551 car 0.820186197757721
86 12.1441 0.5557 pedestrian 0.7274115085601807
87 4.4742 0.0551 car 0.7906383872032166
87 12.1441 0.5557 pedestrian 0.6650920212268829
88 4.4742 0.0551 car 0.8172079920768738
88 12.1441 0.5557 pedestrian 0.4576411545276642
89 4.4742 0.0551 car 0.8511810600757599
89 12.1441 0.5557 pedestrian 0.44081123173236847
90 4.4742 0.0551 car 0.8679021894931793
90 12.1441 0.5557 pedestrian 0.4101335182785988
91 4.4742 0.0551 car 0.8739065825939178
92 4.4742 0.0551 car 0.8724953532218933
93 4.4742 0.0551 car 0.8633693158626556
94 4.4742 0.0551 car 0.8493397831916809
95 4.4742 0.0551 car 0.8205673098564148
96 4.9003 -0.0394 car 0.8111886084079742
97 4.9003 -0.0394 car 0.8289528787136078
98 4.9003 -0.0394 car 0.8371116518974304
99 4.9003 -0.0394 car 0.8404221534729004
100 4.9003 -0.0394 car 0.8348528742790222
101 4.9003 -0.0394 car 0.8237687349319458
102 4.9003 -0.0394 car 0.8129242658615112
103 4.9003 -0.0394 car 0.7839558124542236
104 4.9003 -0.0394 car 0.8243253231048584
105 4.9003 -0.0394 car 0.8409649133682251
106 4.9003 -0.0394 car 0.8478500545024872
107 4.9003 -0.0394 car 0.847939670085907
108 4.9003 -0.0394 car 0.8404735624790192
109 4.9003 -0.0394 car 0.8295143246650696
110 4.9003 -0.0394 car 0.8184999823570251
111 4.9003 -0.0551 car 0.7899431884288788
112 4.9003 -0.0394 car 0.8063908219337463
113 4.9003 -0.0394 car 0.8224258422851562
114 4.9003 -0.0394 car 0.827870637178421
115 4.9003 -0.0394 car 0.8264864683151245
116 4.9003 -0.0551 car 0.8193841278553009
117 4.9003 -0.0551 car 0.8095130324363708
118 4.9003 -0.0551 car 0.7985361814498901
119 4.9003 -0.0551 car 0.7701874375343323
120 4.9003 -0.0394 car 0.8024298548698425
121 4.9003 -0.0394 car 0.8160193264484406
122 4.9003 -0.0551 car 0.8193114995956421
123 4.9003 -0.0551 car 0.8186269700527191
124 4.9003 -0.0551 car 0.8085554540157318
125 4.9003 -0.0551 car 0.7932843267917633
126 4.9003 -0.0551 car 0.7774540483951569
127 4.9003 -0.0551 car 0.7408236563205719
128 4.9003 -0.0394 car 0.8163272440433502
129 4.9003 -0.0394 car 0.8355144262313843
130 4.9003 -0.0551 car 0.8442001342773438
131 4.9003 -0.0551 car 0.8466219902038574
132 4.9003 -0.0551 car 0.8395805656909943
133 4.9003 -0.0551 car 0.8281983435153961
134 4.9003 -0.0551 car 0.8164711892604828
135 4.9003 -0.0551 car 0.7862812578678131
136 4.9003 -0.0394 car 0.8111602067947388
137 4.9003 -0.0394 car 0.8274194896221161
138 4.9003 -0.0394 car 0.8332469463348389
139 4.9003 -0.0394 car 0.8323597013950348
140 4.9003 -0.0394 car 0.8245806694030762
141 4.9003 -0.0394 car 0.8126833438873291
142 4.9003 -0.0551 car 0.7987705171108246
143 4.9003 -0.0551 car 0.7673030197620392
144 4.9003 -0.0394 car 0.7920993566513062
145 4.9003 -0.0394 car 0.8136464059352875
146 4.9003 -0.0394 car 0.8231154680252075
147 4.9003 -0.0394 car 0.8223323225975037
148 4.9003 -0.0394 car 0.8130972981452942
149 4.9003 -0.0551 car 0.7989152669906616
150 4.9003 -0.0551 car 0.7851859927177429
151 4.9003 -0.0551 car 0.7490617036819458
152 4.9003 -0.0394 car 0.8038305640220642
153 4.9003 -0.0394 car 0.822346419095993
154 4.9003 -0.0394 car 0.8296343386173248
155 4.9003 -0.0394 car 0.8285075724124908
156 4.9003 -0.0394 car 0.8202297389507294
157 4.9003 -0.0551 car 0.8077924251556396
158 4.9003 -0.0551 car 0.7950390875339508
159 4.9003 -0.0551 car 0.7629324197769165
160 4.9003 -0.0394 car 0.8024584949016571
161 4.9003 -0.0394 car 0.8164860606193542
162 4.9003 -0.0551 car 0.8217570781707764
163 4.9003 -0.0551 car 0.8211415112018585
164 4.9003 -0.0551 car 0.8117789626121521
165 4.9003 -0.0551 car 0.798567146062851
166 4.9003 -0.0551 car 0.7836159467697144
167 4.9003 -0.0551 car 0.7492802739143372
168 4.9003 -0.0394 car 0.788061261177063
169 4.9003 -0.0394 car 0.8062669336795807
170 4.9003 -0.0394 car 0.8131028115749359
171 4.9003 -0.0394 car 0.8099352717399597
172 4.9003 -0.0394 car 0.7990145683288574
173 4.9003 -0.0394 car 0.780087411403656
174 4.9003 -0.0394 car 0.7599380910396576
175 4.9003 -0.0551 car 0.7258120179176331
176 4.4742 0.0236 car 0.7903185188770294
177 4.4742 0.0394 car 0.8072922229766846
177 5.3264 -0.2956 car 0.6414674818515778
178 4.4742 0.0394 car 0.8157880306243896
178 5.3264 -0.3287 car 0.6816264092922211
179 4.4742 0.0394 car 0.8212527632713318
179 5.3264 -0.3287 car 0.7069357335567474
180 4.4742 0.0551 car 0.8252203166484833
180 5.3264 -0.3622 car 0.7334763407707214
181 4.4742 0.0551 car 0.8315309584140778
181 5.3264 -0.3961 car 0.7640404403209686
182 4.4742 0.0551 car 0.8385719060897827
182 5.1133 -0.4132 car 0.7880021035671234
183 4.4742 0.0551 car 0.832527756690979
183 4.9003 -0.5010 car 0.7963818907737732
184 4.6872 0.0551 car 0.8586547374725342
184 5.1133 -0.5010 car 0.7969577014446259
185 4.4742 0.0551 car 0.8788980543613434
185 4.9003 -0.5373 car 0.8274075090885162
186 4.4742 0.0551 car 0.8914553225040436
186 4.9003 -0.5373 car 0.8545867502689362
187 4.4742 0.0551 car 0.8994246125221252
187 4.9003 -0.5744 car 0.8726668655872345
188 4.4742 0.0551 car 0.9015898406505585
188 4.9003 -0.5744 car 0.8805859088897705
189 4.4742 0.0551 car 0.9023138582706451
189 4.6872 -0.5932 car 0.8841186165809631
190 4.4742 0.0551 car 0.9012481868267059
190 4.9003 -0.6124 car 0.8759388029575348
191 4.6872 0.0551 car 0.8912762403488159
191 4.9003 -0.6124 car 0.8494797348976135
192 4.6872 0.0709 car 0.8876379430294037
192 5.1133 -0.5191 car 0.7791053652763367
193 4.6872 0.0709 car 0.9046199023723602
193 5.1133 -0.5191 car 0.7627752721309662
193 5.1133 -0.3961 car 0.7170431017875671
194 4.6872 0.0709 car 0.9120966494083405
194 5.1133 -0.5191 car 0.7345664799213409
194 5.1133 -0.3961 car 0.7012553215026855
195 4.6872 0.0709 car 0.9157640933990479
195 5.1133 -0.5010 car 0.7014088332653046
195 5.1133 -0.6317 car 0.6733561158180237
196 4.6872 0.0551 car 0.9173915386199951
196 5.1133 -0.5010 car 0.6742413341999054
196 5.1133 -0.6317 car 0.6429013907909393
197 4.6872 0.0551 car 0.9176429510116577
197 5.1133 -0.5010 car 0.648553654551506
198 4.6872 0.0551 car 0.9151868224143982
198 5.1133 -0.4831 car 0.6247120499610901
199 4.6872 0.0551 car 0.9046626389026642
199 4.9003 -0.5010 car 0.5977384150028229
200 4.6872 0.0551 car 0.879118025302887
200 4.9003 -0.6317 car 0.8535937666893005
201 4.6872 0.0551 car 0.8977683484554291
201 4.9003 -0.6317 car 0.876692533493042
202 4.6872 0.0551 car 0.9015265107154846
202 4.9003 -0.6317 car 0.8917669057846069
203 4.9003 -0.6124 car 0.8999010920524597
203 4.9003 0.0551 car 0.8975464105606079
203 4.9003 -0.2629 car 0.6819631457328796
204 4.9003 -0.6124 car 0.9026995003223419
204 4.9003 0.0551 car 0.8953273594379425
204 4.9003 -0.2629 car 0.6830414831638336
205 4.9003 -0.6124 car 0.9016988575458527
205 4.9003 0.0551 car 0.8923563957214355
206 4.9003 -0.5744 car 0.8977306485176086
206 4.9003 0.0551 car 0.8865770101547241
207 4.9003 -0.5744 car 0.885121613740921
207 4.9003 0.0551 car 0.8720071315765381
208 5.1133 0.0551 car 0.8999800980091095
208 5.1133 -0.5373 car 0.8877032697200775
209 5.1133 0.0551 car 0.9174828231334686
209 5.1133 -0.5744 car 0.9091416001319885
210 5.1133 0.0551 car 0.9250899851322174
210 5.1133 -0.5744 car 0.9207242131233215
211 5.1133 0.0551 car 0.927873432636261
211 5.1133 -0.5744 car 0.9269554913043976
212 5.1133 -0.5744 car 0.9291838705539703
212 5.3264 0.0551 car 0.9268405735492706
213 5.1133 -0.5744 car 0.928724467754364
213 5.3264 0.0551 car 0.9266913533210754
214 5.1133 -0.5373 car 0.9248158931732178
214 5.3264 0.0551 car 0.9228337109088898
215 5.1133 -0.5373 car 0.91329625248909
215 5.3264 0.0551 car 0.9125878810882568
216 5.3264 -0.5010 car 0.9012042582035065
216 5.3264 0.0709 car 0.9006047546863556
216 12.1441 0.5744 pedestrian 0.5136790126562119
216 10.8658 -0.1821 pedestrian 0.4275556057691574
217 5.3264 -0.5010 car 0.9132408797740936
217 5.3264 0.0709 car 0.9124142825603485
217 12.1441 0.5744 pedestrian 0.5336534082889557
217 10.8658 -0.1661 pedestrian 0.4864274263381958
218 5.3264 -0.5010 car 0.9176355004310608
218 5.3264 0.0709 car 0.9133926630020142
218 12.1441 0.5744 pedestrian 0.5437155514955521
218 10.8658 -0.1661 pedestrian 0.5306583344936371
219 5.3264 -0.5010 car 0.9186491668224335
219 5.3264 0.0867 car 0.9125308394432068
219 10.8658 -0.1661 pedestrian 0.5526903867721558
219 12.1441 0.5744 pedestrian 0.5343407243490219
220 5.3264 -0.5010 car 0.9157623648643494
220 5.3264 0.0867 car 0.9099975526332855
220 10.8658 -0.1661 pedestrian 0.5748120546340942
220 12.1441 0.5744 pedestrian 0.5388282686471939
221 5.3264 -0.5010 car 0.9090493321418762
221 5.3264 0.0867 car 0.9070257842540741
221 10.8658 -0.1661 pedestrian 0.5947039425373077
221 12.1441 0.5744 pedestrian 0.5490316897630692
222 5.3264 0.0709 car 0.900149792432785
222 5.3264 -0.5010 car 0.89637091755867
222 10.8658 -0.1661 pedestrian 0.5939226746559143
222 12.1441 0.5744 pedestrian 0.5260574668645859
223 5.3264 0.0709 car 0.8838168680667877
223 5.5394 -0.5010 car 0.8779484033584595
223 10.6527 -0.1661 pedestrian 0.5553719699382782
223 12.1441 0.5557 pedestrian 0.4871443510055542
224 5.5394 -0.4831 car 0.8861831426620483
224 5.5394 0.0867 car 0.8712036609649658
224 12.1441 0.5557 pedestrian 0.7277871370315552
224 10.8658 -0.1502 pedestrian 0.46247202157974243
225 5.5394 -0.4831 car 0.8883082866668701
225 5.7525 0.0867 car 0.8805508017539978
225 12.1441 0.5557 pedestrian 0.7334829866886139
225 10.8658 -0.1502 pedestrian 0.48261578381061554
226 5.7525 -0.4831 car 0.884356826543808
226 5.7525 0.0709 car 0.8804080486297607
226 12.1441 0.5557 pedestrian 0.7364480197429657
226 10.8658 -0.1502 pedestrian 0.49276958405971527
227 5.7525 -0.4831 car 0.8796833157539368
227 5.7525 0.0867 car 0.8764584362506866
227 12.1441 0.5557 pedestrian 0.7282727658748627
227 10.8658 -0.1502 pedestrian 0.49351824820041656
228 5.9655 -0.4831 car 0.8784210681915283
228 5.7525 0.0867 car 0.8708263635635376
228 12.1441 0.5557 pedestrian 0.7269949018955231
228 10.8658 -0.1502 pedestrian 0.505050465464592
229 5.9655 -0.4831 car 0.8765239417552948
229 5.7525 0.0867 car 0.8637517392635345
229 12.1441 0.5557 pedestrian 0.7309727668762207
229 10.8658 -0.1502 pedestrian 0.5120052248239517
230 6.1786 -0.4831 car 0.871209055185318
230 5.9655 0.0867 car 0.8509860634803772
230 12.1441 0.5557 pedestrian 0.7088014185428619
230 10.8658 -0.1502 pedestrian 0.48067866265773773
231 6.1786 -0.4831 car 0.8582632541656494
231 5.9655 0.0551 car 0.8322448134422302
231 12.1441 0.5557 pedestrian 0.6589290201663971
231 10.6527 -0.1502 pedestrian 0.4256857931613922
232 6.1786 -0.4305 car 0.844650387763977
232 12.1441 0.5557 pedestrian 0.7892010509967804
232 5.9655 0.0551 car 0.7003251016139984
232 10.6527 -0.1661 pedestrian 0.5791372060775757
233 6.3916 -0.4305 car 0.8466505706310272
233 12.1441 0.5557 pedestrian 0.7906211912631989
233 5.9655 0.0551 car 0.6973866522312164
233 10.6527 -0.1661 pedestrian 0.6030392646789551
234 6.3916 -0.4305 car 0.8451266586780548
234 12.1441 0.5557 pedestrian 0.7866292595863342
234 6.1786 0.0551 car 0.6961327493190765
234 10.6527 -0.1661 pedestrian 0.6150001287460327
235 6.6047 -0.4305 car 0.8432819247245789
235 12.1441 0.5557 pedestrian 0.7708025872707367
235 6.1786 0.0551 car 0.6894254386425018
235 10.6527 -0.1661 pedestrian 0.6291337609291077
236 6.6047 -0.4305 car 0.84666708111763
236 12.1441 0.5557 pedestrian 0.7605985701084137
236 6.1786 0.0551 car 0.6952691376209259
236 10.6527 -0.1661 pedestrian 0.6568149924278259
237 6.6047 -0.4305 car 0.8479269742965698
237 12.1441 0.5557 pedestrian 0.7524623572826385
237 6.1786 0.0551 car 0.7171767950057983
237 10.6527 -0.1661 pedestrian 0.6859842538833618
238 6.8178 -0.4305 car 0.843535840511322
238 6.1786 0.0867 car 0.7308597266674042
238 12.1441 0.5557 pedestrian 0.7264741361141205
238 10.4397 -0.1661 pedestrian 0.6839994788169861
239 6.8178 -0.4305 car 0.8343499898910522
239 6.1786 0.0867 car 0.729329913854599
239 10.4397 -0.1821 pedestrian 0.668565034866333
239 11.9311 0.5373 pedestrian 0.665934145450592
240 7.0308 -0.3961 car 0.7918972671031952
240 6.3916 0.0867 car 0.7484172284603119
240 11.9311 0.5557 pedestrian 0.6915997564792633
240 10.4397 -0.1981 pedestrian 0.5865803062915802
241 7.0308 -0.3961 car 0.8033834099769592
241 6.3916 0.1025 car 0.7618520259857178
241 11.9311 0.5557 pedestrian 0.6951925456523895
241 10.4397 -0.1981 pedestrian 0.6064196527004242
242 7.0308 -0.3961 car 0.8123446106910706
242 6.3916 0.1025 car 0.7693373560905457
242 11.9311 0.5557 pedestrian 0.6926486790180206
242 10.4397 -0.1981 pedestrian 0.6173804104328156
243 7.0308 -0.3961 car 0.8239528834819794
243 6.6047 0.1025 car 0.7784821689128876
243 11.9311 0.5557 pedestrian 0.6858757436275482
243 10.4397 -0.1981 pedestrian 0.632794201374054
244 7.2439 -0.3961 car 0.8365757167339325
244 6.6047 0.0867 car 0.7883675396442413
244 11.9311 0.5557 pedestrian 0.690920501947403
244 10.4397 -0.2142 pedestrian 0.6514613032341003
245 7.2439 -0.4132 car 0.849944680929184
245 6.6047 0.1025 car 0.8018883168697357
245 11.9311 0.5557 pedestrian 0.7093799114227295
245 10.4397 -0.2142 pedestrian 0.6523132026195526
246 7.2439 -0.4132 car 0.8539616465568542
246 6.6047 0.1025 car 0.8072917461395264
246 11.9311 0.5557 pedestrian 0.6890620589256287
246 10.4397 -0.2142 pedestrian 0.6151099801063538
247 7.2439 -0.4132 car 0.8444757163524628
247 6.6047 0.1025 car 0.8023716509342194
247 11.7180 0.5557 pedestrian 0.634307473897934
247 10.4397 -0.2142 pedestrian 0.5336664766073227
248 7.4569 -0.3622 car 0.8799249231815338
248 6.8178 0.1184 car 0.7846541702747345
248 11.7180 0.5744 pedestrian 0.6898305118083954
249 7.4569 -0.3622 car 0.8945685923099518
249 6.8178 0.1184 car 0.7898542881011963
249 11.7180 0.5744 pedestrian 0.7101775705814362
250 7.4569 -0.3622 car 0.9031606614589691
250 6.8178 0.1184 car 0.7843098342418671
250 11.7180 0.5744 pedestrian 0.7178374826908112
251 7.4569 -0.3622 car 0.911303699016571
251 6.8178 0.1184 car 0.7739484012126923
251 11.7180 0.5744 pedestrian 0.7175478041172028
252 7.6700 -0.3622 car 0.9187954068183899
252 7.0308 0.1184 car 0.771949052810669
252 11.7180 0.5932 pedestrian 0.7302252650260925
253 7.6700 -0.3622 car 0.9239081740379333
253 7.0308 0.1184 car 0.7745750844478607
253 11.5050 0.5744 pedestrian 0.7550533413887024
254 7.6700 -0.3622 car 0.9228857159614563
254 7.0308 0.1184 car 0.7680265009403229
254 11.5050 0.5932 pedestrian 0.7506284415721893
255 7.8830 -0.3622 car 0.9147369861602783
255 7.0308 0.1184 car 0.7513198554515839
255 11.5050 0.5744 pedestrian 0.7187938690185547
256 7.8830 -0.3454 car 0.9246968328952789
256 11.5050 0.5932 pedestrian 0.7540200054645538
256 7.0308 0.1502 car 0.6472673714160919
257 7.8830 -0.3454 car 0.9347887933254242
257 11.5050 0.5932 pedestrian 0.766031414270401
257 7.0308 0.1502 car 0.6469410061836243
258 7.8830 -0.3454 car 0.9377099573612213
258 11.5050 0.5932 pedestrian 0.7697578966617584
258 7.0308 0.1502 car 0.6388155221939087
259 8.0961 -0.3287 car 0.9403420686721802
259 11.5050 0.5932 pedestrian 0.7678201794624329
259 7.4569 0.1502 car 0.6208872199058533
260 8.0961 -0.3287 car 0.9447682499885559
260 11.2919 0.5932 pedestrian 0.783927708864212
260 7.4569 0.1502 car 0.6103798151016235
261 8.0961 -0.3287 car 0.9467871189117432
261 11.2919 0.5932 pedestrian 0.7906971573829651
261 7.4569 0.1502 car 0.6035146564245224
262 8.0961 -0.3287 car 0.9444047808647156
262 11.2919 0.5932 pedestrian 0.7743896245956421
262 7.4569 0.1502 car 0.5801843106746674
263 8.0961 -0.3287 car 0.9364424645900726
263 11.2919 0.5932 pedestrian 0.7179103791713715
263 7.4569 0.1502 car 0.544755294919014
264 8.3091 -0.3287 car 0.9190782904624939
265 8.3091 -0.3121 car 0.9271624386310577
266 8.5222 -0.3287 car 0.9294346570968628
267 8.5222 -0.3287 car 0.9351481795310974
268 8.5222 -0.3121 car 0.9409545361995697
269 8.5222 -0.3121 car 0.9428620934486389
269 11.2919 0.3121 pedestrian 0.41663744300603867
270 8.5222 -0.3121 car 0.9405949413776398
270 11.2919 0.3287 pedestrian 0.439485639333725
271 8.7352 -0.3121 car 0.9317488670349121
271 11.2919 0.3287 pedestrian 0.4396503269672394
272 8.9483 -0.3121 car 0.9347714483737946
272 11.2919 0.3454 pedestrian 0.5428380519151688
272 10.8658 0.5744 pedestrian 0.45684124529361725
273 8.9483 -0.3121 car 0.9457443952560425
273 11.2919 0.3454 pedestrian 0.5622039288282394
273 10.8658 0.5744 pedestrian 0.5084901005029678
274 8.9483 -0.3121 car 0.9502205550670624
274 11.2919 0.3454 pedestrian 0.5650094151496887
274 10.6527 0.5744 pedestrian 0.5643079578876495
275 8.9483 -0.3121 car 0.9530502259731293
275 10.6527 0.5744 pedestrian 0.6030777394771576
275 11.2919 0.3454 pedestrian 0.5604191273450851
276 8.9483 -0.3121 car 0.9531838893890381
276 10.6527 0.5744 pedestrian 0.6338979005813599
276 11.2919 0.3454 pedestrian 0.5643813461065292
277 8.9483 -0.3121 car 0.9494910538196564
277 10.6527 0.5744 pedestrian 0.6506687700748444
277 11.2919 0.3454 pedestrian 0.5597166866064072
278 9.1614 -0.3121 car 0.9438143074512482
278 10.6527 0.5744 pedestrian 0.6452590823173523
278 11.2919 0.3454 pedestrian 0.5170769542455673
279 9.1614 -0.3121 car 0.932490348815918
279 10.6527 0.5744 pedestrian 0.5861286818981171
279 11.2919 0.3454 pedestrian 0.43684157729148865
280 9.3744 -0.3121 car 0.9355984330177307
280 8.7352 0.2466 car 0.7471770644187927
281 9.3744 -0.3121 car 0.9450080692768097
281 8.7352 0.2792 car 0.7995466589927673
282 9.3744 -0.3121 car 0.9487959444522858
282 8.7352 0.2792 car 0.8458533585071564
283 9.3744 -0.3121 car 0.9523875713348389
283 8.7352 0.2792 car 0.8753093183040619
284 9.3744 -0.3121 car 0.9554043114185333
284 8.7352 0.2792 car 0.8882684111595154
285 9.3744 -0.3121 car 0.9565564393997192
285 8.7352 0.2792 car 0.8958856463432312
286 9.3744 -0.3121 car 0.9538136720657349
286 8.9483 0.2792 car 0.8992778062820435
287 9.3744 -0.3121 car 0.9459011554718018
287 8.9483 0.2792 car 0.8937487602233887
288 9.3744 -0.3287 car 0.9153193533420563
288 8.9483 0.2956 car 0.8041368126869202
289 9.3744 -0.3287 car 0.9216890931129456
289 8.9483 0.2956 car 0.8311788439750671
290 9.3744 -0.3287 car 0.9195640981197357
290 8.9483 0.2956 car 0.8453892469406128
291 9.5875 -0.3287 car 0.9206850826740265
291 8.9483 0.2956 car 0.8511563539505005
292 9.5875 -0.3287 car 0.9243420660495758
292 8.9483 0.2956 car 0.8479152023792267
293 9.5875 -0.3287 car 0.9268446862697601
293 9.1614 0.2956 car 0.8449916243553162
294 9.8005 -0.3454 car 0.9252302944660187
294 9.1614 0.2956 car 0.8373149931430817
295 9.8005 -0.3454 car 0.9233018457889557
295 9.1614 0.2956 car 0.8139783143997192
296 9.8005 -0.3287 car 0.9135978817939758
296 9.5875 0.3454 car 0.630934327840805
297 9.8005 -0.3454 car 0.9314137101173401
297 9.5875 0.3454 car 0.6805281043052673
298 9.8005 -0.3287 car 0.9391056895256042
298 9.5875 0.3454 car 0.7140161991119385
299 10.0136 -0.3454 car 0.9486574828624725
299 9.5875 0.3454 car 0.7190609574317932
300 10.0136 -0.3454 car 0.9532085657119751
300 9.5875 0.3454 car 0.705379992723465
301 10.0136 -0.3454 car 0.9566797316074371
301 9.8005 0.3622 car 0.7038953900337219
302 10.0136 -0.3454 car 0.9554924666881561
302 9.8005 0.3622 car 0.6930662393569946
303 10.2266 -0.3454 car 0.9490095674991608
303 9.8005 0.3622 car 0.6596972644329071
304 10.2266 -0.3622 car 0.938747227191925
304 9.8005 0.3791 car 0.4255930930376053
305 10.2266 -0.3622 car 0.9464844465255737
305 10.0136 0.3622 car 0.4475313574075699
306 10.2266 -0.3622 car 0.946709156036377
306 10.0136 0.3791 car 0.5020761638879776
307 10.2266 -0.3622 car 0.9443309903144836
307 10.0136 0.3791 car 0.5510331988334656
308 10.2266 -0.3622 car 0.9405182301998138
308 10.2266 0.3622 car 0.5958982706069946
309 10.4397 -0.3622 car 0.9363837242126465
309 10.2266 0.3622 car 0.6511430144309998
310 10.4397 -0.3622 car 0.9278178215026855
310 10.2266 0.3791 car 0.6852070391178131
311 10.4397 -0.3622 car 0.912368506193161
311 10.2266 0.4132 car 0.6895346641540527
312 10.6527 -0.3961 car 0.88438281416893
312 10.2266 0.4132 car 0.7089606523513794
313 10.6527 -0.3961 car 0.8952344059944153
313 10.2266 0.4305 car 0.7459037899971008
314 10.6527 -0.3961 car 0.8947485685348511
314 10.2266 0.4305 car 0.7770979702472687
315 10.6527 -0.3961 car 0.8917252123355865
315 10.2266 0.4305 car 0.7997074723243713
316 10.8658 -0.3961 car 0.8914569616317749
316 10.4397 0.4654 car 0.8199620544910431
317 10.8658 -0.3961 car 0.8907590210437775
317 10.4397 0.4654 car 0.8406526744365692
318 11.0789 -0.4132 car 0.8891278803348541
318 10.4397 0.4831 car 0.8523559272289276
319 11.0789 -0.4132 car 0.8841529488563538
319 10.4397 0.4831 car 0.8492028415203094
320 10.4397 0.5010 car 0.8659934103488922
320 11.2919 -0.4305 car 0.8568104207515717
321 10.4397 0.5191 car 0.8806431889533997
321 11.2919 -0.4305 car 0.8798913061618805
322 11.5050 -0.4305 car 0.8955920338630676
322 10.6527 0.5191 car 0.8899822533130646
323 11.5050 -0.4305 car 0.9066687822341919
323 10.6527 0.5373 car 0.8980300426483154
324 11.7180 -0.4305 car 0.909317135810852
324 10.6527 0.5373 car 0.9005390405654907
325 11.7180 -0.4305 car 0.9150958359241486
325 10.6527 0.5557 car 0.8985430002212524
326 11.9311 -0.4479 car 0.9126640558242798
326 10.6527 0.5557 car 0.8918380737304688
327 11.9311 -0.4479 car 0.9107217788696289
327 10.6527 0.5557 car 0.8738844096660614
328 11.9311 -0.4654 car 0.8703318238258362
328 10.8658 0.6124 car 0.655551552772522
329 12.1441 -0.4831 car 0.8809303045272827
329 10.8658 0.6124 car 0.6426576226949692
330 12.1441 -0.4831 car 0.8822509348392487
330 10.8658 0.6124 car 0.6303915083408356
331 12.1441 -0.5010 car 0.8761274814605713
331 10.8658 0.5932 car 0.5971701890230179
332 12.3572 -0.5010 car 0.8649740517139435
332 11.0789 0.6124 car 0.559916540980339
333 12.3572 -0.5010 car 0.8431118130683899
333 10.8658 0.6124 car 0.5176786482334137
334 12.5702 -0.5010 car 0.8197651505470276
334 10.8658 0.6124 car 0.46497246623039246
335 12.7833 -0.5010 car 0.7819329500198364
336 12.7833 -0.5373 car 0.7450046539306641
336 5.7525 -0.1025 car 0.43821650743484497
337 12.9963 -0.5373 car 0.7087971866130829
337 5.5394 -0.1025 car 0.4874648004770279
337 24.2883 -0.2304 car 0.439211368560791
338 12.9963 -0.5373 car 0.6683473587036133
338 5.5394 -0.1025 car 0.5428665280342102
338 5.7525 -0.0236 car 0.5356787592172623
338 24.0752 -0.2304 car 0.4900163561105728
339 13.2094 -0.5373 car 0.648680180311203
339 5.7525 0.0236 car 0.5944916903972626
339 5.5394 -0.1025 car 0.5892001390457153
339 24.0752 -0.2304 car 0.4897085577249527
340 13.4225 -0.5557 car 0.6565053761005402
340 5.7525 -0.0236 car 0.634052038192749
340 5.5394 -0.1025 car 0.6264799535274506
340 23.8621 -0.2304 car 0.4371619075536728
341 13.4225 -0.5557 car 0.6908987760543823
341 5.7525 -0.0394 car 0.6487710177898407
341 5.5394 -0.1025 car 0.6400197446346283
342 13.6355 -0.5557 car 0.7286302745342255
342 5.5394 -0.0394 car 0.6536262035369873
343 13.6355 -0.5557 car 0.7460828125476837
343 5.5394 -0.0394 car 0.6291404068470001
344 13.6355 -0.5744 car 0.7000536918640137
344 23.2230 -0.2304 car 0.543194979429245
344 5.5394 -0.1025 car 0.5000835359096527
344 5.7525 -0.0236 car 0.46517276763916016
345 13.8486 -0.5744 car 0.7077446281909943
345 23.0099 -0.2304 car 0.5588852763175964
345 5.5394 -0.1025 car 0.47962889075279236
345 5.5394 -0.2304 car 0.43641631305217743
346 13.8486 -0.5744 car 0.7053794264793396
346 22.7969 -0.2304 car 0.5818572342395782
346 5.3264 -0.1025 car 0.4360349327325821
346 5.3264 -0.1661 car 0.40791909396648407
347 13.8486 -0.5744 car 0.6737377047538757
347 22.5838 -0.2304 car 0.5745285749435425
348 14.0616 -0.6124 car 0.625744104385376
348 22.3708 -0.2304 car 0.5458762645721436
349 14.0616 -0.6124 car 0.5893906503915787
349 22.3708 -0.2629 car 0.5170253664255142
350 14.2747 -0.6124 car 0.5533371865749359
350 22.3708 -0.2629 car 0.4828409403562546
351 14.4877 -0.6124 car 0.49552449584007263
351 22.1577 -0.2956 car 0.4376467168331146
352 21.9447 -0.3287 car 0.581029623746872
353 21.9447 -0.3287 car 0.6277680397033691
354 21.7316 -0.3287 car 0.6718097627162933
355 21.5185 -0.3287 car 0.6916555464267731
356 21.5185 -0.3287 car 0.6698037087917328
357 21.3055 -0.3454 car 0.6348617076873779
358 21.0924 -0.3454 car 0.6026355028152466
359 20.8794 -0.3454 car 0.5450189411640167
360 20.8794 -0.3622 car 0.5765479803085327
360 5.5394 -0.0867 car 0.5054080486297607
360 24.5013 0.1502 car 0.464566633105278
361 5.5394 -0.0867 car 0.5965774208307266
361 20.6663 -0.3622 car 0.5560218989849091
361 24.5013 0.1502 car 0.4724678546190262
362 5.1133 -0.0867 car 0.6990039944648743
362 20.6663 -0.3622 car 0.5338165313005447
362 24.2883 0.1502 car 0.45727095007896423
363 5.1133 -0.0867 car 0.7731210291385651
363 20.2402 -0.3622 car 0.48171335458755493
363 23.8621 0.1502 car 0.4135885089635849
364 5.3264 -0.0867 car 0.7890734672546387
364 20.2402 -0.3622 car 0.42142072319984436
365 5.3264 -0.0867 car 0.7746400535106659
366 5.3264 -0.0867 car 0.727742612361908
367 5.5394 -0.0867 car 0.6457778662443161
367 5.3264 -0.2304 car 0.6301435083150864
380 20.0272 0.1502 car 0.4120767414569855
381 19.8141 0.1502 car 0.45096348226070404
382 19.6010 0.1502 car 0.47773049771785736
383 19.6010 0.1502 car 0.4815056622028351
383 24.7144 -0.1502 car 0.43014755845069885
384 24.7144 -0.1661 car 0.6361546814441681
385 24.7144 -0.1821 car 0.6813288927078247
386 24.7144 -0.1981 car 0.7055818736553192
387 24.5013 -0.1981 car 0.7118915021419525
388 24.2883 -0.2142 car 0.7028885781764984
389 24.2883 -0.2142 car 0.6921825706958771
390 24.2883 -0.2142 car 0.6633898913860321
391 24.0752 -0.1981 car 0.6327238082885742
392 24.2883 -0.1981 car 0.5727917551994324
393 24.2883 -0.1981 car 0.5766384154558182
393 19.3880 0.0709 car 0.4213179796934128
394 24.2883 -0.1981 car 0.5742397457361221
394 19.1749 0.0551 car 0.4751669764518738
395 23.8621 -0.2142 car 0.5806491076946259
395 18.9619 0.0551 car 0.5384285300970078
396 23.8621 -0.2304 car 0.6003747880458832
396 18.5358 0.0551 car 0.597449392080307
397 18.5358 0.0551 car 0.647030383348465
397 23.8621 -0.2304 car 0.6170046031475067
398 18.3227 0.0551 car 0.6760923564434052
398 23.8621 -0.2304 car 0.6216929256916046
399 18.3227 0.0551 car 0.6648827791213989
399 23.4360 -0.2792 car 0.6019236445426941
400 23.8621 -0.2466 car 0.6616665124893188
400 18.5358 0.0551 car 0.5478353798389435
401 23.4360 -0.2792 car 0.6487337648868561
401 18.3227 0.0079 car 0.5338798463344574
402 23.0099 -0.3121 car 0.6562378406524658
402 18.1097 0.0079 car 0.5358052402734756
403 22.7969 -0.3287 car 0.666395902633667
403 17.8966 0.0079 car 0.537165179848671
404 22.7969 -0.3287 car 0.6762347519397736
404 17.6836 -0.0079 car 0.5571187734603882
405 22.5838 -0.3287 car 0.6807454824447632
405 17.4705 -0.0551 car 0.5843845307826996
405 23.0099 0.2629 car 0.40777336061000824
406 22.5838 -0.3287 car 0.6673482358455658
406 17.2574 -0.0551 car 0.6126483082771301
406 22.7969 0.2629 car 0.4878002554178238
407 22.5838 -0.3287 car 0.6309546828269958
407 17.0444 -0.0709 car 0.6283542811870575
407 22.7969 0.2466 car 0.5398804694414139
408 22.7969 0.2466 car 0.5951524674892426
408 23.0099 -0.2792 car 0.43567006289958954
408 17.0444 -0.1343 car 0.4013616368174553
409 22.3708 0.2466 car 0.6368427574634552
409 23.2230 -0.2956 car 0.4337921142578125
409 17.0444 -0.1184 car 0.420772947371006
410 22.3708 0.2466 car 0.6838876903057098
410 16.8313 -0.1343 car 0.44939282536506653
410 23.0099 -0.3121 car 0.4391395300626755
411 21.9447 0.2466 car 0.6993148922920227
411 16.8313 -0.1821 car 0.47997331619262695
411 23.0099 -0.3121 car 0.4541305601596832
412 21.9447 0.2466 car 0.7036272883415222
412 16.6183 -0.1981 car 0.5140061378479004
412 23.0099 -0.3287 car 0.49283093214035034
413 21.7316 0.2142 car 0.7061800062656403
413 16.4052 -0.1981 car 0.5608659535646439
413 22.5838 -0.3622 car 0.5444371700286865
414 21.5185 0.2142 car 0.6992718875408173
414 16.1922 -0.1981 car 0.5973608791828156
414 22.5838 -0.3622 car 0.5929430425167084
415 21.3055 0.2142 car 0.674852043390274
415 15.9791 -0.2304 car 0.6199637651443481
415 22.5838 -0.3622 car 0.6115549206733704
416 21.3055 0.1981 car 0.6223591864109039
416 15.9791 -0.2304 car 0.6223452389240265
416 22.3708 -0.3961 car 0.5724503099918365
417 21.0924 0.1821 car 0.657695084810257
417 15.9791 -0.2304 car 0.6467148959636688
417 22.1577 -0.3791 car 0.5740201473236084
418 20.8794 0.1661 car 0.694887101650238
418 15.7661 -0.2466 car 0.6705881357192993
418 22.1577 -0.3961 car 0.5558218359947205
419 20.6663 0.1502 car 0.7185474038124084
419 15.5530 -0.2629 car 0.6831312775611877
419 21.7316 -0.4132 car 0.5307114571332932
420 20.4533 0.1343 car 0.718771368265152
420 15.3400 -0.2956 car 0.6780887544155121
420 21.7316 -0.4132 car 0.5228331536054611
421 20.2402 0.1025 car 0.7235633134841919
421 15.1269 -0.3121 car 0.688420444726944
421 21.3055 -0.4132 car 0.5043314695358276
422 20.0272 0.0867 car 0.7266703844070435
422 14.9138 -0.3287 car 0.6893479526042938
422 21.3055 -0.4479 car 0.48557476699352264
423 20.0272 0.0709 car 0.7162028551101685
423 14.9138 -0.3287 car 0.673483282327652
423 21.3055 -0.4831 car 0.4454972892999649
424 20.2402 0.0394 car 0.6949514746665955
424 21.0924 -0.5744 car 0.6093719154596329
424 14.7008 -0.3961 car 0.5535732805728912
425 20.0272 0.0394 car 0.6966524422168732
425 21.0924 -0.6124 car 0.6251019984483719
425 14.4877 -0.4305 car 0.5643199682235718
426 19.8141 0.0236 car 0.6999639272689819
426 20.8794 -0.6124 car 0.6289501190185547
426 14.4877 -0.4305 car 0.5722479820251465
427 19.6010 0.0079 car 0.6818409562110901
427 20.8794 -0.6124 car 0.6187060177326202
427 14.2747 -0.4654 car 0.5728783011436462
428 19.3880 -0.0079 car 0.6763421297073364
428 20.8794 -0.6124 car 0.5906825363636017
428 14.2747 -0.4654 car 0.5699219256639481
429 19.1749 -0.0079 car 0.6859189569950104
429 14.0616 -0.4654 car 0.5678878277540207
429 20.6663 -0.6124 car 0.5304088443517685
430 19.1749 -0.0236 car 0.69769486784935
430 14.0616 -0.4654 car 0.5570188164710999
430 20.4533 -0.5557 car 0.44555917382240295
431 18.9619 -0.0394 car 0.7072030901908875
431 13.8486 -0.5010 car 0.5456744730472565
432 18.7488 -0.1025 car 0.7173881530761719
432 13.8486 -0.5373 car 0.5613879859447479
433 18.5358 -0.1343 car 0.7522014081478119
433 13.6355 -0.5557 car 0.5651306807994843
434 18.3227 -0.1343 car 0.7821067571640015
434 13.6355 -0.6124 car 0.5764248371124268
435 18.1097 -0.1661 car 0.7922413349151611
435 13.4225 -0.6124 car 0.5823976248502731
436 18.1097 -0.1821 car 0.7898256182670593
436 13.2094 -0.6124 car 0.5841172635555267
437 17.8966 -0.1981 car 0.7892334163188934
437 13.2094 -0.6124 car 0.5905196666717529
438 17.6836 -0.1981 car 0.7784125506877899
438 12.9963 -0.6124 car 0.5960046350955963
439 17.6836 -0.2142 car 0.7608312368392944
439 12.9963 -0.6124 car 0.5869398713111877
440 17.4705 -0.2792 car 0.671451985836029
440 12.9963 -0.6916 car 0.6479895412921906
441 17.4705 -0.2792 car 0.6911925971508026
441 12.7833 -0.6916 car 0.6574926674365997
442 17.2574 -0.2956 car 0.7020232081413269
442 12.7833 -0.6916 car 0.6460593044757843
443 17.0444 -0.3121 car 0.6836831867694855
443 12.7833 -0.7123 car 0.6082258224487305
444 16.8313 -0.3287 car 0.6623044908046722
444 12.7833 -0.7123 car 0.5586085766553879
445 16.6183 -0.3622 car 0.6439125239849091
445 12.7833 -0.7123 car 0.4995359182357788
446 16.6183 -0.3622 car 0.6472695767879486
446 12.7833 -0.6714 car 0.4557042568922043
447 16.4052 -0.3961 car 0.6338367164134979
447 12.7833 -0.6714 car 0.4204118847846985
448 16.1922 -0.4305 car 0.7045103013515472
448 24.5013 -0.0079 car 0.6406928896903992
448 22.3708 0.4831 car 0.5481141209602356
449 15.9791 -0.4305 car 0.7352485060691833
449 24.0752 -0.0394 car 0.7260211706161499
449 22.3708 0.4831 car 0.6408235877752304
450 23.8621 -0.0394 car 0.7970147430896759
450 15.7661 -0.4305 car 0.7455911040306091
450 22.3708 0.4479 car 0.7344488203525543
451 23.4360 -0.0394 car 0.8350603580474854
451 22.3708 0.4479 car 0.8059584200382233
451 15.7661 -0.4305 car 0.7417273223400116
452 23.2230 -0.0551 car 0.8475964367389679
452 22.5838 0.4132 car 0.838996022939682
452 15.5530 -0.4654 car 0.7257375121116638
453 22.5838 0.4132 car 0.8577250838279724
453 23.0099 -0.0551 car 0.8540521264076233
453 15.5530 -0.4654 car 0.719620555639267
454 22.5838 -0.0551 car 0.862002968788147
454 22.5838 0.4132 car 0.856311708688736
454 15.3400 -0.4831 car 0.7067427635192871
455 22.3708 -0.0709 car 0.8578706681728363
455 22.5838 0.4132 car 0.8272441625595093
455 15.3400 -0.4831 car 0.6745825707912445
456 22.1577 -0.0867 car 0.7947543859481812
456 22.7969 0.3287 car 0.7413759529590607
456 15.3400 -0.5010 car 0.5095944255590439
457 22.1577 -0.0867 car 0.7781617343425751
457 22.7969 0.3287 car 0.7190980911254883
457 15.1269 -0.5010 car 0.4336945414543152
458 21.7316 -0.0867 car 0.7488295435905457
458 22.7969 0.2956 car 0.6824278831481934
459 21.5185 -0.1343 car 0.7010292410850525
459 22.7969 0.2792 car 0.6282197833061218
460 21.0924 -0.1343 car 0.6455160677433014
460 23.0099 0.2792 car 0.6038831770420074
461 20.8794 -0.1661 car 0.6062986850738525
461 23.2230 0.2792 car 0.597295492887497
462 23.4360 0.2792 car 0.635418713092804
462 20.4533 -0.1981 car 0.5879480242729187
463 23.6491 0.2792 car 0.6701136231422424
463 20.0272 -0.1981 car 0.5671050697565079
464 23.8621 0.2792 car 0.6628136336803436
464 20.0272 -0.2304 car 0.6153946369886398
465 23.8621 0.2792 car 0.6872864067554474
465 19.8141 -0.2466 car 0.5953691005706787
466 23.8621 0.2792 car 0.7263756096363068
466 19.3880 -0.2466 car 0.5863994061946869
467 24.0752 0.2792 car 0.759303867816925
467 18.9619 -0.2629 car 0.5708942860364914
468 24.0752 0.2792 car 0.7944244146347046
468 18.7488 -0.2956 car 0.5630905479192734
469 24.0752 0.2792 car 0.829656183719635
469 18.3227 -0.3287 car 0.5727720856666565
470 24.0752 0.2466 car 0.8582173883914948
470 17.6836 -0.3454 car 0.6263917982578278
471 24.0752 0.2466 car 0.866693377494812
471 17.4705 -0.3454 car 0.6667896509170532
472 24.2883 0.2142 car 0.7983840107917786
472 17.6836 -0.3622 car 0.6167902946472168
473 24.2883 0.2142 car 0.8033473193645477
473 17.2574 -0.3622 car 0.607243537902832
474 24.0752 0.2142 car 0.8005111515522003
474 16.8313 -0.3622 car 0.6263431906700134
475 24.2883 0.1821 car 0.7892941534519196
475 16.6183 -0.3791 car 0.6282015740871429
476 24.2883 0.1821 car 0.7827856242656708
476 16.1922 -0.3961 car 0.608101487159729
477 24.2883 0.1821 car 0.7766813337802887
477 15.9791 -0.4132 car 0.5937424898147583
478 24.2883 0.1821 car 0.7655620276927948
478 15.7661 -0.4305 car 0.5866211652755737
479 24.2883 0.1821 car 0.7412749230861664
479 15.3400 -0.4654 car 0.5686026513576508
480 24.2883 0.1821 car 0.6449203193187714
480 15.3400 -0.4831 car 0.6008711755275726
481 24.2883 0.1821 car 0.6323752999305725
481 15.1269 -0.4831 car 0.5915579795837402
482 24.2883 0.1821 car 0.6096950173377991
482 14.7008 -0.5373 car 0.602985143661499
483 14.4877 -0.5373 car 0.6100135147571564
483 24.0752 0.1981 car 0.5813760459423065
484 14.2747 -0.5744 car 0.6265432238578796
484 24.0752 0.1502 car 0.5606843531131744
485 14.0616 -0.5744 car 0.645046204328537
485 23.8621 0.1502 car 0.5444968789815903
486 13.8486 -0.6124 car 0.6603578627109528
486 23.8621 0.1502 car 0.5273536592721939
487 13.6355 -0.6124 car 0.6628881394863129
487 23.8621 0.1502 car 0.48876650631427765
488 13.2094 -0.6124 car 0.6961201727390289
488 24.5013 0.0551 car 0.608466774225235
489 12.9963 -0.6514 car 0.6964854896068573
489 24.5013 0.0551 car 0.6055991053581238
490 12.9963 -0.6514 car 0.666725218296051
490 24.5013 0.0551 car 0.5985864996910095
491 12.7833 -0.6514 car 0.5956988781690598
491 24.5013 0.0551 car 0.5909068882465363
492 24.5013 0.0551 car 0.5891146957874298
492 12.5702 -0.6514 car 0.510090783238411
493 24.5013 0.0551 car 0.5924869477748871
493 12.3572 -0.6514 car 0.42576714605093
494 24.5013 0.0551 car 0.5795476138591766
495 24.7144 0.0236 car 0.5439506024122238
496 24.7144 -0.0394 car 0.4099646508693695
528 24.7144 0.0236 car 0.5495136380195618
529 24.7144 0.0236 car 0.5589415729045868
530 24.7144 0.0236 car 0.5701767802238464
531 24.7144 0.0236 car 0.5858359932899475
532 24.7144 0.0236 car 0.6150888502597809
533 24.7144 0.0236 car 0.6564583778381348
534 24.7144 0.0236 car 0.6848243474960327
535 24.7144 0.0236 car 0.6845199763774872
536 24.7144 0.0236 car 0.7054539024829865
537 24.7144 0.0236 car 0.7396865785121918
538 24.7144 0.0394 car 0.7604513466358185
539 24.7144 0.0394 car 0.7673778831958771
540 24.5013 0.0394 car 0.773208349943161
541 24.2883 0.0394 car 0.7872211933135986
542 24.2883 0.0709 car 0.7956951260566711
543 24.2883 0.0709 car 0.7816539108753204
544 23.8621 0.1025 car 0.8089771270751953
545 23.8621 0.1025 car 0.8134564161300659
546 23.8621 0.1025 car 0.809124231338501
547 23.8621 0.1025 car 0.7903507053852081
548 23.8621 0.1025 car 0.7741687297821045
549 23.8621 0.0709 car 0.7591838240623474
550 23.8621 0.0709 car 0.7454638183116913
551 23.8621 0.0709 car 0.7213719189167023
552 24.0752 0.0236 car 0.7353979349136353
553 24.0752 0.0236 car 0.7168005406856537
554 23.8621 0.0236 car 0.6804218590259552
555 23.8621 0.0236 car 0.629040002822876
556 23.8621 0.0236 car 0.5773746818304062
557 23.8621 0.0236 car 0.5250256210565567
558 23.8621 0.0236 car 0.47887563705444336
559 23.8621 0.0236 car 0.4430413842201233
560 23.6491 0.0236 car 0.4888276532292366
561 23.6491 0.0236 car 0.49624305218458176
562 23.6491 0.0236 car 0.5079928264021873
563 23.6491 0.0236 car 0.5206773653626442
564 23.6491 0.0236 car 0.5342888832092285
565 23.6491 0.0236 car 0.5496203899383545
566 23.6491 0.0236 car 0.5707209259271622
567 23.6491 0.0236 car 0.5773780941963196
568 23.4360 0.0236 car 0.6472461223602295
569 23.4360 0.0236 car 0.6478449404239655
570 23.2230 0.0236 car 0.6540735960006714
571 23.0099 0.0236 car 0.639117419719696
572 23.0099 0.0236 car 0.6221562623977661
573 23.0099 0.0236 car 0.5871556550264359
574 22.5838 0.0236 car 0.5507733821868896
575 22.5838 0.0236 car 0.5018568783998489
576 17.8966 0.1502 car 0.4686250239610672
577 17.6836 0.1502 car 0.4676315039396286
578 17.4705 0.1502 car 0.4608014076948166
579 17.2574 0.1502 car 0.43813131749629974
580 17.0444 0.1661 car 0.415397971868515
581 17.0444 0.1661 car 0.4005802422761917
584 16.6183 0.2142 car 0.6058764606714249
584 21.9447 -0.0079 car 0.5089462101459503
585 16.6183 0.2142 car 0.6454144418239594
585 21.9447 -0.0079 car 0.5524506121873856
586 16.4052 0.2142 car 0.6898533403873444
586 21.7316 -0.0079 car 0.5949138551950455
587 16.1922 0.2142 car 0.7145351469516754
587 21.7316 -0.0079 car 0.6174232810735703
588 16.1922 0.2142 car 0.7242531478404999
588 21.5185 -0.0079 car 0.6371154338121414
589 15.9791 0.2142 car 0.7338048815727234
589 21.3055 -0.0079 car 0.6599752306938171
590 15.7661 0.2142 car 0.7310692965984344
590 21.0924 -0.0079 car 0.6790278851985931
591 15.7661 0.2142 car 0.6988771557807922
591 21.0924 -0.0079 car 0.6709092110395432
592 20.8794 -0.0079 car 0.8821818828582764
592 15.5530 0.2304 car 0.4157726764678955
593 20.8794 -0.0079 car 0.9052427411079407
594 20.6663 -0.0079 car 0.9221872985363007
595 20.6663 -0.0079 car 0.9269456267356873
596 20.4533 -0.0079 car 0.922837644815445
596 14.7008 0.2304 car 0.436824232339859
597 20.4533 -0.0079 car 0.9105633199214935
597 14.4877 0.2304 car 0.48176635801792145
598 20.4533 0.0079 car 0.8904343843460083
598 14.4877 0.2304 car 0.5053470730781555
599 20.4533 0.0079 car 0.8596855401992798
599 14.2747 0.2304 car 0.5037132799625397
600 20.2402 0.0079 car 0.8458365499973297
601 20.0272 0.0079 car 0.8650874495506287
602 20.0272 0.0079 car 0.8806061446666718
603 19.8141 0.0079 car 0.891364187002182
604 19.6010 0.0079 car 0.8975154161453247
605 19.6010 0.0079 car 0.9052891433238983
606 19.6010 0.0079 car 0.9017653167247772
607 19.3880 0.0079 car 0.8897944390773773
608 19.1749 -0.0079 car 0.8885789811611176
609 19.1749 0.0079 car 0.9054672122001648
610 19.1749 -0.0079 car 0.9131483435630798
611 18.9619 0.0079 car 0.9151386618614197
612 18.9619 -0.0079 car 0.9144254922866821
613 18.7488 0.0079 car 0.9075792729854584
613 12.1441 0.2466 car 0.4418002963066101
614 18.7488 0.0079 car 0.9014123976230621
614 12.1441 0.2466 car 0.48201751708984375
615 18.7488 0.0079 car 0.8766676187515259
615 11.9311 0.2466 car 0.5036595612764359
616 18.3227 -0.0079 car 0.8706281185150146
617 18.1097 0.0079 car 0.8777534365653992
617 11.5050 0.2792 cyclist 0.41107361018657684
618 17.8966 0.0079 car 0.8835258781909943
618 11.5050 0.2792 cyclist 0.44855785369873047
619 17.8966 0.0079 car 0.8844920992851257
619 11.2919 0.2792 cyclist 0.4347619563341141
620 17.6836 0.0079 car 0.8857566714286804
620 11.2919 0.2792 cyclist 0.4098922312259674
621 17.4705 0.0236 car 0.8838850557804108
621 11.2919 0.2792 cyclist 0.4075610637664795
622 17.4705 0.0236 car 0.8812297880649567
623 17.4705 0.0236 car 0.8657116293907166
624 17.2574 0.0236 car 0.8102079033851624
624 10.4397 0.2792 cyclist 0.4008357748389244
625 17.0444 0.0236 car 0.8385566473007202
625 10.4397 0.2792 cyclist 0.4256710261106491
626 17.0444 0.0236 car 0.8628032505512238
626 10.2266 0.3454 car 0.4241396486759186
626 10.2266 0.2792 cyclist 0.41609857976436615
627 17.0444 0.0236 car 0.8727792501449585
627 10.0136 0.3454 car 0.459278866648674
628 17.0444 0.0236 car 0.8720797896385193
628 10.0136 0.3454 car 0.4857942461967468
629 16.8313 0.0079 car 0.8714926242828369
629 9.8005 0.3454 car 0.5098893642425537
630 16.8313 0.0079 car 0.8690843284130096
630 9.5875 0.3454 car 0.5357125401496887
631 16.6183 0.0079 car 0.8618734180927277
631 9.5875 0.3454 car 0.5384185165166855
632 16.4052 0.0236 car 0.8290217518806458
632 9.3744 0.3454 cyclist 0.6583846509456635
633 16.1922 0.0236 car 0.8562623262405396
633 9.3744 0.3454 cyclist 0.6825666725635529
634 16.1922 0.0236 car 0.8697189092636108
634 9.1614 0.3454 cyclist 0.6835436224937439
635 15.9791 0.0236 car 0.8788792192935944
635 9.1614 0.3454 cyclist 0.6470853686332703
636 15.7661 0.0236 car 0.8823917806148529
636 8.9483 0.3454 cyclist 0.6155951023101807
637 15.7661 0.0236 car 0.883802056312561
637 8.9483 0.3454 cyclist 0.5877286940813065
638 15.5530 0.0236 car 0.8793119490146637
638 8.7352 0.3454 cyclist 0.5470538884401321
639 15.5530 0.0079 car 0.8670687079429626
639 8.7352 0.3454 cyclist 0.5343467444181442
640 15.3400 0.0236 car 0.8757115304470062
640 8.3091 0.3791 cyclist 0.5948446244001389
641 15.3400 0.0236 car 0.8848948180675507
641 8.0961 0.3791 cyclist 0.6340040862560272
642 15.1269 0.0236 car 0.8922734558582306
642 8.0961 0.3791 cyclist 0.6587589383125305
643 14.9138 0.0236 car 0.8961943686008453
643 7.8830 0.3791 cyclist 0.670372486114502
644 14.9138 0.0236 car 0.8890683054924011
644 7.8830 0.3791 cyclist 0.6642746031284332
645 14.7008 0.0236 car 0.8795821666717529
645 7.8830 0.3791 cyclist 0.6597989797592163
646 14.4877 0.0079 car 0.8672908842563629
646 7.8830 0.3791 cyclist 0.6244889497756958
647 14.4877 0.0236 car 0.8521705865859985
647 7.6700 0.4132 cyclist 0.6027078330516815
648 14.4877 0.0236 car 0.8131045699119568
648 7.2439 0.4479 cyclist 0.49269992113113403
649 14.4877 0.0236 car 0.8235089480876923
649 7.0308 0.4831 cyclist 0.6003196239471436
650 14.4877 0.0236 car 0.8274981081485748
650 7.0308 0.4831 cyclist 0.6844558715820312
651 14.2747 0.0236 car 0.8250640630722046
651 7.0308 0.4831 cyclist 0.7233694493770599
652 14.0616 0.0236 car 0.823117733001709
652 6.8178 0.4831 cyclist 0.7208799421787262
653 14.0616 0.0236 car 0.8201070427894592
653 6.8178 0.4831 cyclist 0.7191546559333801
654 13.8486 0.0079 car 0.8119683265686035
654 6.6047 0.4831 cyclist 0.6770327985286713
655 13.6355 0.0079 car 0.8022225201129913
655 6.6047 0.4831 cyclist 0.6494771838188171
656 6.3916 0.5373 cyclist 0.8785192668437958
656 13.2094 0.0236 car 0.7351906597614288
657 6.1786 0.5557 cyclist 0.8908977806568146
657 13.2094 0.0236 car 0.7554551362991333
658 6.1786 0.5557 cyclist 0.8960603475570679
658 12.9963 0.0236 car 0.7716132402420044
659 6.1786 0.5557 cyclist 0.8909086287021637
659 12.9963 -0.0079 car 0.776694267988205
660 6.1786 0.5557 cyclist 0.8688519597053528
660 12.7833 -0.0079 car 0.7760562598705292
661 5.9655 0.5557 cyclist 0.8507406413555145
661 12.7833 -0.0079 car 0.7719999253749847
662 5.9655 0.5557 cyclist 0.840428352355957
662 12.5702 0.0079 car 0.7710354030132294
663 5.9655 0.5744 cyclist 0.8221779465675354
663 12.3572 0.0236 car 0.766788899898529
664 5.7525 0.5932 cyclist 0.8886378705501556
664 12.1441 0.0236 car 0.7030194997787476
665 5.5394 0.6317 cyclist 0.8818203806877136
665 11.9311 0.0551 car 0.7494279444217682
666 5.5394 0.6317 cyclist 0.8652025461196899
666 11.9311 0.0394 car 0.7935469746589661
667 5.5394 0.6317 cyclist 0.8400791883468628
667 11.7180 0.0394 car 0.8156758248806
668 11.7180 0.0394 car 0.8282910585403442
668 5.5394 0.6317 cyclist 0.7789006531238556
669 11.5050 0.0394 car 0.8393102288246155
669 5.3264 0.6317 cyclist 0.6571262776851654
669 16.6183 0.1821 car 0.47559410333633423
670 11.5050 0.0394 car 0.8482577800750732
670 16.6183 0.1821 car 0.5350394695997238
670 5.3264 0.6317 cyclist 0.5001277774572372
671 11.2919 0.0394 car 0.8416360020637512
671 16.6183 0.1821 car 0.5479515045881271
672 11.2919 0.0236 car 0.8720749020576477
673 11.0789 0.0236 car 0.8904930055141449
674 11.0789 0.0236 car 0.9032633304595947
675 11.0789 0.0236 car 0.90704345703125
676 10.8658 0.0236 car 0.9047784805297852
677 10.8658 0.0236 car 0.8999278247356415
678 10.8658 0.0079 car 0.8856336772441864
679 10.6527 0.0079 car 0.8687969744205475
680 10.4397 -0.0079 car 0.804866760969162
681 10.2266 -0.0079 car 0.8211922645568848
682 10.2266 -0.0079 car 0.8329831957817078
683 10.2266 -0.0079 car 0.8347728848457336
684 10.0136 -0.0079 car 0.8308551907539368
684 15.5530 0.2304 car 0.4095897227525711
685 10.0136 -0.0079 car 0.8336023092269897
685 15.3400 0.2142 car 0.4815969914197922
686 10.0136 -0.0079 car 0.8283553421497345
686 15.3400 0.2142 car 0.5538229793310165
687 9.8005 -0.0079 car 0.813448965549469
687 15.3400 0.2142 car 0.5860171914100647
688 9.8005 -0.0079 car 0.8331218063831329
688 15.1269 0.2466 car 0.6020825803279877
689 9.8005 -0.0079 car 0.8420529961585999
689 14.9138 0.2466 car 0.6328858435153961
690 9.8005 -0.0079 car 0.8457600474357605
690 14.9138 0.2466 car 0.6712765693664551
691 9.8005 -0.0236 car 0.8433985710144043
691 14.9138 0.2466 car 0.6922220289707184
692 9.5875 -0.0079 car 0.8375853002071381
692 14.9138 0.2466 car 0.7028996646404266
693 9.5875 -0.0079 car 0.833858072757721
693 14.7008 0.2466 car 0.7285738885402679
693 23.4360 0.2142 car 0.4110928326845169
694 9.5875 -0.0079 car 0.8271314203739166
694 14.7008 0.2629 car 0.7516112327575684
694 23.2230 0.2142 car 0.4172432869672775
695 9.3744 -0.0079 car 0.8153081834316254
695 14.7008 0.2466 car 0.7548231482505798
696 9.1614 0.0079 car 0.7726050913333893
696 14.4877 0.2466 car 0.7678861021995544
697 14.2747 0.2304 car 0.7983117401599884
697 8.9483 -0.0079 car 0.7722508013248444
698 14.2747 0.2304 car 0.8269298374652863
698 8.9483 -0.0079 car 0.7781680524349213
699 14.0616 0.2466 car 0.841832309961319
699 8.7352 0.0079 car 0.7880861759185791
700 14.0616 0.2304 car 0.8445397913455963
700 8.7352 0.0079 car 0.7906609177589417
701 14.0616 0.2466 car 0.8407079875469208
701 8.5222 0.0079 car 0.8089193105697632
702 13.8486 0.2304 car 0.8360942900180817
702 8.5222 0.0079 car 0.8164205253124237
703 13.8486 0.2304 car 0.8180516362190247
703 8.3091 0.0079 car 0.8096795678138733
704 8.0961 0.0236 car 0.8347702026367188
704 13.6355 0.3454 cyclist 0.504147008061409
704 13.8486 0.2304 car 0.4235060214996338
705 8.0961 0.0236 car 0.8565519452095032
705 13.6355 0.3454 cyclist 0.5396590232849121
705 13.6355 0.2142 car 0.4192340150475502
706 7.8830 0.0236 car 0.8783235251903534
706 13.4225 0.3454 cyclist 0.5375658273696899
706 13.6355 0.2142 car 0.42036857083439827
707 7.8830 0.0236 car 0.8939135670661926
707 13.4225 0.3454 cyclist 0.5105122178792953
707 13.6355 0.2142 car 0.4139772765338421
708 7.8830 0.0236 car 0.8967640995979309
708 13.4225 0.3454 cyclist 0.4802783280611038
708 13.4225 0.2304 car 0.4123015161603689
709 7.6700 0.0236 car 0.899868369102478
709 13.2094 0.3454 cyclist 0.4775039851665497
709 13.4225 0.2304 car 0.41340430453419685
710 7.6700 0.0236 car 0.8987825214862823
710 13.2094 0.3454 cyclist 0.47186851501464844
710 13.2094 0.2142 car 0.412225391715765
711 7.6700 0.0236 car 0.8878176212310791
711 13.2094 0.3287 cyclist 0.47928575426340103
711 12.9963 0.2142 car 0.40012088790535927
712 7.4569 0.0236 car 0.9139556288719177
712 13.2094 0.3121 cyclist 0.678216427564621
713 7.4569 0.0236 car 0.9226453602313995
713 13.2094 0.3121 cyclist 0.6820967793464661
714 7.4569 0.0236 car 0.9239441156387329
714 13.2094 0.3121 cyclist 0.6768028736114502
715 7.4569 0.0236 car 0.9235020577907562
715 12.9963 0.3121 cyclist 0.6771804094314575
716 7.4569 0.0236 car 0.9222574234008789
716 12.9963 0.3121 cyclist 0.6652205884456635
717 7.4569 0.0079 car 0.9212631285190582
717 12.9963 0.3121 cyclist 0.6594603955745697
718 7.2439 0.0236 car 0.9178681671619415
718 12.9963 0.3121 cyclist 0.629378080368042
719 7.2439 0.0236 car 0.9131775200366974
719 12.7833 0.3121 cyclist 0.6028030514717102
720 7.2439 0.0236 car 0.9068014621734619
720 12.5702 0.2956 cyclist 0.474261149764061
721 7.2439 0.0236 car 0.9175502061843872
721 12.5702 0.2792 cyclist 0.48929712176322937
722 7.2439 0.0236 car 0.9220344126224518
722 12.5702 0.2792 cyclist 0.4960142523050308
723 7.2439 0.0236 car 0.9254442155361176
723 12.5702 0.2792 cyclist 0.4943678230047226
724 7.2439 0.0236 car 0.9271828234195709
724 12.5702 0.2792 cyclist 0.4968767315149307
725 7.0308 0.0079 car 0.926598459482193
725 12.5702 0.2792 cyclist 0.48514412343502045
726 7.0308 0.0079 car 0.9240742921829224
726 12.5702 0.2792 cyclist 0.45603491365909576
727 7.0308 0.0079 car 0.9149324595928192
727 12.3572 0.2629 cyclist 0.4298213794827461
728 6.8178 -0.0079 car 0.8726537525653839
729 6.8178 -0.0079 car 0.8877179324626923
730 6.6047 -0.0079 car 0.8947076499462128
731 6.6047 -0.0079 car 0.9016329050064087
732 6.6047 -0.0079 car 0.9055541753768921
732 11.9311 0.3791 pedestrian 0.4062696471810341
733 6.6047 -0.0079 car 0.9085946381092072
733 11.9311 0.3622 pedestrian 0.4119821786880493
734 6.6047 -0.0079 car 0.9080450236797333
734 11.7180 0.3622 pedestrian 0.4144902899861336
735 6.3916 -0.0079 car 0.9016251862049103
735 11.7180 0.3622 pedestrian 0.44298018515110016
736 6.3916 -0.0079 car 0.9246875643730164
736 11.7180 0.3622 pedestrian 0.5977776199579239
736 17.6836 0.5557 pedestrian 0.5389183759689331
736 11.7180 0.2956 car 0.5060366094112396
737 6.3916 -0.0079 car 0.9369793236255646
737 11.7180 0.3622 pedestrian 0.6154142618179321
737 17.6836 0.5373 pedestrian 0.5535351037979126
737 11.7180 0.2956 car 0.5093159824609756
738 6.1786 -0.0236 car 0.9438274204730988
738 11.7180 0.3622 pedestrian 0.6185790747404099
738 17.6836 0.5373 pedestrian 0.5623668283224106
738 11.7180 0.2956 car 0.5003105998039246
739 6.1786 -0.0079 car 0.9510662257671356
739 11.7180 0.3622 pedestrian 0.6158508360385895
739 17.6836 0.5373 pedestrian 0.5521441102027893
739 11.7180 0.2956 car 0.4833057075738907
740 6.1786 -0.0079 car 0.9532052278518677
740 11.5050 0.3622 pedestrian 0.6252264082431793
740 17.6836 0.5373 pedestrian 0.5517773330211639
740 11.7180 0.2956 car 0.47860807180404663
741 6.1786 -0.0236 car 0.9530062079429626
741 11.5050 0.3622 pedestrian 0.6255079507827759
741 17.6836 0.5373 pedestrian 0.5538164526224136
741 11.7180 0.2956 car 0.47555337846279144
742 6.1786 -0.0079 car 0.9491490721702576
742 11.5050 0.3622 pedestrian 0.6304668486118317
742 17.6836 0.5373 pedestrian 0.5316721946001053
742 11.7180 0.2956 car 0.4609411507844925
743 6.1786 -0.0079 car 0.9392606019973755
743 11.5050 0.3622 pedestrian 0.621076375246048
743 17.4705 0.5373 pedestrian 0.4894987493753433
743 11.7180 0.3287 car 0.44965969026088715
744 6.1786 0.0079 car 0.9378865361213684
744 17.6836 0.5373 pedestrian 0.5773511528968811
744 11.5050 0.3622 pedestrian 0.5072721093893051
744 11.7180 0.3287 car 0.45866621285676956
745 6.1786 0.0079 car 0.9455037415027618
745 17.4705 0.5373 pedestrian 0.5985442698001862
745 11.5050 0.3622 pedestrian 0.5302850604057312
745 11.7180 0.3287 car 0.45848701894283295
746 6.1786 0.0079 car 0.9472792446613312
746 17.4705 0.5373 pedestrian 0.6088864505290985
746 11.5050 0.3622 pedestrian 0.5383475571870804
746 11.7180 0.3287 car 0.45845621824264526
747 6.1786 0.0236 car 0.946587473154068
747 17.4705 0.5373 pedestrian 0.5977234840393066
747 11.5050 0.3791 pedestrian 0.5349956452846527
747 11.7180 0.3287 car 0.45122310519218445
748 6.1786 0.0236 car 0.9436162114143372
748 17.4705 0.5373 pedestrian 0.5966179966926575
748 11.5050 0.3622 pedestrian 0.5490172654390335
748 11.7180 0.3287 car 0.4368661716580391
749 6.1786 0.0236 car 0.9369268119335175
749 17.4705 0.5373 pedestrian 0.6049675941467285
749 11.5050 0.3622 pedestrian 0.5423900187015533
749 11.7180 0.3287 car 0.4379289820790291
750 6.1786 0.0236 car 0.9273239970207214
750 17.4705 0.5373 pedestrian 0.5807957947254181
750 11.5050 0.3622 pedestrian 0.5405440479516983
750 11.7180 0.3287 car 0.4309941306710243
751 5.9655 0.0236 car 0.9116670489311218
751 11.5050 0.3622 pedestrian 0.5486392080783844
751 17.4705 0.5373 pedestrian 0.5320409685373306
751 11.7180 0.3287 car 0.4134063571691513
752 5.9655 0.0236 car 0.9017165899276733
752 11.5050 0.3622 pedestrian 0.8153205215930939
752 17.4705 0.5373 pedestrian 0.6110953092575073
753 5.9655 0.0236 car 0.9168482720851898
753 11.5050 0.3622 pedestrian 0.8368356823921204
753 17.4705 0.5557 pedestrian 0.6305072903633118
754 5.9655 0.0236 car 0.9211059212684631
754 11.5050 0.3622 pedestrian 0.8461420238018036
754 17.4705 0.5373 pedestrian 0.6413929164409637
755 5.9655 0.0236 car 0.9224602282047272
755 11.5050 0.3622 pedestrian 0.8472501635551453
755 17.4705 0.5373 pedestrian 0.6372364163398743
756 5.9655 0.0236 car 0.9196605980396271
756 11.5050 0.3622 pedestrian 0.8504041433334351
756 17.4705 0.5373 pedestrian 0.6409330368041992
757 5.9655 0.0236 car 0.9163649380207062
757 11.5050 0.3622 pedestrian 0.8466186225414276
757 17.4705 0.5373 pedestrian 0.644631415605545
758 5.9655 0.0236 car 0.9105110764503479
758 11.5050 0.3622 pedestrian 0.8425597548484802
758 17.4705 0.5557 pedestrian 0.6299572885036469
759 5.9655 0.0236 car 0.8988653719425201
759 11.5050 0.3622 pedestrian 0.8364854454994202
759 17.4705 0.5557 pedestrian 0.592469722032547
760 6.1786 0.0236 car 0.9175102412700653
760 11.2919 0.3622 pedestrian 0.8547390997409821
760 17.4705 0.5557 pedestrian 0.6072705090045929
761 6.1786 0.0236 car 0.9293999671936035
761 11.2919 0.3622 pedestrian 0.8698326349258423
761 17.4705 0.5557 pedestrian 0.6065992116928101
762 6.1786 0.0236 car 0.9338172972202301
762 11.2919 0.3622 pedestrian 0.8822302520275116
762 17.4705 0.5557 pedestrian 0.5957898497581482
763 6.1786 0.0236 car 0.9375434815883636
763 11.2919 0.3622 pedestrian 0.8855259716510773
763 17.4705 0.5557 pedestrian 0.5743354111909866
764 6.1786 0.0236 car 0.9381997883319855
764 11.2919 0.3622 pedestrian 0.887401282787323
764 17.4705 0.5557 pedestrian 0.5683813542127609
765 6.1786 0.0236 car 0.9372020661830902
765 11.2919 0.3622 pedestrian 0.8856759667396545
765 17.4705 0.5744 pedestrian 0.5757374316453934
766 6.1786 0.0236 car 0.9333825707435608
766 11.2919 0.3622 pedestrian 0.8790015280246735
766 17.4705 0.5744 pedestrian 0.5485184788703918
767 6.1786 0.0236 car 0.9219938516616821
767 11.2919 0.3622 pedestrian 0.8636937141418457
767 17.4705 0.5744 pedestrian 0.4917280226945877
768 5.9655 0.0236 car 0.9349534213542938
768 11.2919 0.3622 pedestrian 0.8520458042621613
768 17.4705 0.5744 pedestrian 0.628972053527832
769 5.9655 0.0236 car 0.9443405866622925
769 11.2919 0.3622 pedestrian 0.8636981248855591
769 17.4705 0.5557 pedestrian 0.6275733709335327
770 6.1786 0.0236 car 0.9468381404876709
770 11.2919 0.3622 pedestrian 0.8707935810089111
770 17.4705 0.5557 pedestrian 0.6313773095607758
771 6.1786 0.0236 car 0.9487679898738861
771 11.2919 0.3622 pedestrian 0.8713243305683136
771 17.4705 0.5557 pedestrian 0.6299961805343628
772 6.1786 0.0236 car 0.9480107426643372
772 11.2919 0.3622 pedestrian 0.8702978193759918
772 17.4705 0.5557 pedestrian 0.6375832259654999
773 6.1786 0.0236 car 0.9454253017902374
773 11.2919 0.3622 pedestrian 0.8635890483856201
773 17.4705 0.5557 pedestrian 0.6458644568920135
774 6.1786 0.0236 car 0.9404380023479462
774 11.2919 0.3622 pedestrian 0.8511379957199097
774 17.4705 0.5557 pedestrian 0.6325103640556335
775 5.9655 0.0236 car 0.9288368821144104
775 11.2919 0.3622 pedestrian 0.8287853598594666
775 17.4705 0.5557 pedestrian 0.5904185473918915
776 6.1786 0.0079 car 0.9392410814762115
776 11.2919 0.3622 pedestrian 0.6485104709863663
776 17.2574 0.5557 pedestrian 0.46298180520534515
777 6.1786 0.0079 car 0.9499608874320984
777 11.2919 0.3622 pedestrian 0.6393651217222214
777 17.2574 0.5557 pedestrian 0.45370498299598694
778 6.1786 0.0079 car 0.9532430469989777
778 11.2919 0.3622 pedestrian 0.6211153566837311
778 17.2574 0.5557 pedestrian 0.44586101174354553
779 6.1786 0.0079 car 0.9546781778335571
779 11.2919 0.3622 pedestrian 0.6017834544181824
779 17.2574 0.5557 pedestrian 0.4273810088634491
780 6.1786 0.0079 car 0.9545438885688782
780 11.5050 0.3622 pedestrian 0.5856916308403015
780 17.2574 0.5557 pedestrian 0.4129171371459961
781 6.1786 0.0079 car 0.9535331428050995
781 11.5050 0.3622 pedestrian 0.5544751137495041
782 6.1786 0.0079 car 0.9496852457523346
782 11.5050 0.3622 pedestrian 0.49339988082647324
783 6.1786 0.0079 car 0.9394060969352722
783 11.5050 0.3622 pedestrian 0.419101282954216
784 6.1786 0.0394 car 0.9067209959030151
785 6.1786 0.0236 car 0.9247057437896729
786 6.1786 0.0394 car 0.9293781518936157
787 5.9655 0.0394 car 0.9286235570907593
788 5.9655 0.0394 car 0.9256464242935181
789 5.9655 0.0394 car 0.9172190129756927
790 6.1786 0.0236 car 0.904814600944519
791 6.1786 0.0394 car 0.8850559294223785
792 6.1786 0.0551 car 0.6782370805740356
793 6.1786 0.0551 car 0.7313081324100494
794 6.1786 0.0394 car 0.761787086725235
795 6.1786 0.0394 car 0.7731702923774719
796 6.1786 0.0394 car 0.7710278630256653
797 6.1786 0.0394 car 0.7557846307754517
798 6.1786 0.0394 car 0.7498198449611664
799 6.1786 0.0394 car 0.7366405725479126
800 6.1786 0.0236 car 0.7862750291824341
801 6.1786 0.0236 car 0.8236563801765442
802 6.1786 0.0394 car 0.852620393037796
803 6.1786 0.0394 car 0.8706032931804657
804 6.1786 0.0394 car 0.8697411417961121
805 6.1786 0.0394 car 0.8649396300315857
806 6.1786 0.0394 car 0.8594600260257721
807 6.1786 0.0394 car 0.8392846286296844
808 6.1786 0.0236 car 0.4458536026068032
809 6.1786 0.0236 car 0.4491751017048955
810 6.1786 0.0236 car 0.45437372848391533
811 6.1786 0.0079 car 0.4630770292133093
812 6.3916 0.0079 car 0.4615387059748173
813 6.3916 0.0079 car 0.4629180394113064
814 6.3916 0.0079 car 0.46556462347507477
815 6.3916 0.0079 car 0.4601309075951576
