0 13.6355 0.1502 pedestrian 0.6093817353248596
0 16.6183 -0.0079 cyclist 0.5426282286643982
1 13.6355 0.1502 pedestrian 0.6344813704490662
1 16.8313 -0.0079 cyclist 0.6211524605751038
2 16.8313 -0.0394 cyclist 0.6791829466819763
2 13.6355 0.1502 pedestrian 0.6725680828094482
3 13.6355 0.1502 pedestrian 0.72053062915802
3 16.8313 -0.0394 cyclist 0.7138547301292419
4 13.6355 0.1502 pedestrian 0.7670757174491882
4 16.8313 -0.0709 cyclist 0.7372352480888367
5 16.8313 -0.0709 cyclist 0.7701323628425598
5 13.6355 0.1661 pedestrian 0.7625436186790466
6 16.8313 -0.0709 cyclist 0.7675690054893494
6 13.6355 0.1661 pedestrian 0.7439581751823425
7 16.6183 -0.0709 cyclist 0.748744547367096
7 13.6355 0.1661 pedestrian 0.7088332176208496
8 16.6183 -0.0709 cyclist 0.7809631824493408
8 13.8486 0.1821 pedestrian 0.6791005730628967
9 16.8313 -0.0709 cyclist 0.7810876965522766
9 13.8486 0.1821 pedestrian 0.6859657168388367
10 16.6183 -0.0709 cyclist 0.7804093360900879
10 13.8486 0.1981 pedestrian 0.6901337802410126
11 16.6183 -0.0709 cyclist 0.7755999267101288
11 13.8486 0.1981 pedestrian 0.6741087436676025
12 16.6183 -0.0709 cyclist 0.7503983080387115
12 13.8486 0.1981 pedestrian 0.6576118171215057
13 16.6183 -0.0709 cyclist 0.714907705783844
13 13.8486 0.1981 pedestrian 0.6456574350595474
14 16.6183 -0.0709 cyclist 0.667635515332222
14 13.6355 0.1981 pedestrian 0.6227944195270538
15 16.6183 -0.0709 cyclist 0.6202979236841202
15 13.6355 0.1981 pedestrian 0.5847674906253815
16 13.6355 0.1981 pedestrian 0.7824922502040863
16 16.8313 -0.0867 cyclist 0.7491440176963806
17 13.6355 0.1981 pedestrian 0.7976239323616028
17 16.8313 -0.0867 cyclist 0.7259138822555542
18 13.6355 0.1981 pedestrian 0.8101384341716766
18 16.8313 -0.1025 cyclist 0.7055829167366028
19 13.6355 0.1981 pedestrian 0.8174282014369965
19 16.8313 -0.1025 cyclist 0.6855707168579102
20 13.6355 0.1981 pedestrian 0.8262339234352112
20 16.8313 -0.1025 cyclist 0.6589823961257935
21 13.8486 0.1981 pedestrian 0.8427262306213379
21 16.8313 -0.1025 cyclist 0.6192600280046463
22 13.8486 0.1981 pedestrian 0.8552297949790955
22 16.8313 -0.1025 cyclist 0.563810795545578
23 13.8486 0.1981 pedestrian 0.8519922196865082
23 16.8313 -0.1025 cyclist 0.5254173576831818
24 13.8486 0.1981 pedestrian 0.8382038176059723
24 16.8313 -0.1343 cyclist 0.6959950625896454
25 13.8486 0.1981 pedestrian 0.8526415824890137
25 16.8313 -0.1343 cyclist 0.6972255706787109
26 13.8486 0.1981 pedestrian 0.8569798767566681
26 16.8313 -0.1343 cyclist 0.6984887421131134
27 13.8486 0.1981 pedestrian 0.8520300090312958
27 16.8313 -0.1343 cyclist 0.6931633055210114
28 13.8486 0.1981 pedestrian 0.8432080745697021
28 16.8313 -0.1343 cyclist 0.6684316098690033
29 14.0616 0.2142 pedestrian 0.8387089669704437
29 16.8313 -0.1502 cyclist 0.6424050331115723
30 14.0616 0.2142 pedestrian 0.8468338847160339
30 16.8313 -0.1502 cyclist 0.6085435599088669
31 14.0616 0.2142 pedestrian 0.8395611047744751
31 16.8313 -0.1502 cyclist 0.5867026448249817
32 16.8313 -0.1502 cyclist 0.7613516449928284
32 14.0616 0.2304 pedestrian 0.7590369582176208
33 16.8313 -0.1502 cyclist 0.7861181199550629
33 14.0616 0.2304 pedestrian 0.7828843295574188
34 14.0616 0.2304 pedestrian 0.8035122752189636
34 16.8313 -0.1502 cyclist 0.7918153703212738
35 14.0616 0.2466 pedestrian 0.817872166633606
35 16.8313 -0.1502 cyclist 0.7870531976222992
36 14.0616 0.2466 pedestrian 0.8269966542720795
36 16.8313 -0.1661 cyclist 0.7695932984352112
37 14.2747 0.2466 pedestrian 0.834340900182724
37 16.8313 -0.1661 cyclist 0.7527397572994232
38 14.2747 0.2466 pedestrian 0.8380469083786011
38 16.8313 -0.1661 cyclist 0.7267687916755676
39 14.2747 0.2466 pedestrian 0.8251532912254333
39 16.8313 -0.1661 cyclist 0.7084614336490631
40 16.8313 -0.1821 cyclist 0.9011710584163666
40 14.2747 0.2304 pedestrian 0.7210176587104797
41 16.8313 -0.1821 cyclist 0.9055559933185577
41 14.2747 0.2466 pedestrian 0.7368587553501129
42 16.8313 -0.1821 cyclist 0.9061081111431122
42 14.2747 0.2466 pedestrian 0.7471545040607452
43 16.8313 -0.1821 cyclist 0.9069588482379913
43 14.2747 0.2466 pedestrian 0.7384671270847321
44 16.8313 -0.1821 cyclist 0.9017320275306702
44 14.2747 0.2466 pedestrian 0.7279793918132782
45 16.8313 -0.1821 cyclist 0.8899558782577515
45 14.2747 0.2466 pedestrian 0.7143820524215698
46 16.8313 -0.1821 cyclist 0.8694197833538055
46 14.2747 0.2466 pedestrian 0.6923803091049194
47 16.8313 -0.1821 cyclist 0.8412649929523468
47 14.2747 0.2466 pedestrian 0.6448260992765427
48 16.8313 -0.1661 cyclist 0.8825346827507019
48 14.2747 0.2304 pedestrian 0.6811171770095825
49 16.8313 -0.1661 cyclist 0.8863641619682312
49 14.2747 0.2304 pedestrian 0.709191232919693
50 16.8313 -0.1661 cyclist 0.8909127116203308
50 14.2747 0.2304 pedestrian 0.7348167300224304
51 16.8313 -0.1661 cyclist 0.8977648913860321
51 14.4877 0.2466 pedestrian 0.7519374191761017
52 16.8313 -0.1661 cyclist 0.8972360491752625
52 14.4877 0.2466 pedestrian 0.7728157937526703
53 16.8313 -0.1821 cyclist 0.8903544843196869
53 14.4877 0.2466 pedestrian 0.781793624162674
54 16.8313 -0.1821 cyclist 0.8751770555973053
54 14.4877 0.2466 pedestrian 0.7718403339385986
55 16.8313 -0.1821 cyclist 0.8539689481258392
55 14.4877 0.2466 pedestrian 0.7356509268283844
56 16.6183 -0.1981 cyclist 0.8920499384403229
56 14.4877 0.2629 pedestrian 0.8085984289646149
57 16.6183 -0.1981 cyclist 0.8975507020950317
57 14.4877 0.2629 pedestrian 0.8185351490974426
58 16.6183 -0.1981 cyclist 0.8938765823841095
58 14.4877 0.2629 pedestrian 0.8172501027584076
59 16.6183 -0.1981 cyclist 0.885549008846283
59 14.7008 0.2792 pedestrian 0.8274017572402954
60 16.6183 -0.1981 cyclist 0.862104058265686
60 14.7008 0.2792 pedestrian 0.8385857343673706
61 14.7008 0.2792 pedestrian 0.8523475527763367
61 16.6183 -0.1981 cyclist 0.8316850364208221
62 14.7008 0.2792 pedestrian 0.8530330061912537
62 16.6183 -0.2142 cyclist 0.7998347282409668
63 14.7008 0.2956 pedestrian 0.8428204655647278
63 16.4052 -0.2142 cyclist 0.7822210192680359
64 14.7008 0.2956 pedestrian 0.8410342633724213
64 16.4052 -0.2629 cyclist 0.8347259759902954
65 16.4052 -0.2629 cyclist 0.8576757311820984
65 14.7008 0.3121 pedestrian 0.8537348806858063
66 16.4052 -0.2629 cyclist 0.8734189867973328
66 14.9138 0.3121 pedestrian 0.8658949434757233
67 16.4052 -0.2629 cyclist 0.8868856132030487
67 14.9138 0.3121 pedestrian 0.8819316029548645
68 14.9138 0.3121 pedestrian 0.8931550085544586
68 16.4052 -0.2629 cyclist 0.8884640634059906
69 14.9138 0.3121 pedestrian 0.8980970084667206
69 16.1922 -0.2629 cyclist 0.8883489370346069
70 14.9138 0.3121 pedestrian 0.8949623107910156
70 16.1922 -0.2792 cyclist 0.8798353970050812
71 14.9138 0.3121 pedestrian 0.8810909986495972
71 16.1922 -0.2629 cyclist 0.8653878271579742
72 16.1922 -0.2629 cyclist 0.8973201811313629
72 14.9138 0.3121 pedestrian 0.7970014214515686
73 16.1922 -0.2629 cyclist 0.9014785885810852
73 15.1269 0.2956 pedestrian 0.8121697008609772
74 16.1922 -0.2792 cyclist 0.8961515426635742
74 15.1269 0.2956 pedestrian 0.8315528333187103
75 16.1922 -0.2792 cyclist 0.8863933086395264
75 15.1269 0.2956 pedestrian 0.8470724523067474
76 15.9791 -0.2792 cyclist 0.8797609508037567
76 15.1269 0.2956 pedestrian 0.8637056350708008
77 15.1269 0.2956 pedestrian 0.8742847144603729
77 15.9791 -0.2792 cyclist 0.8703388571739197
78 15.1269 0.2956 pedestrian 0.8716265857219696
78 15.9791 -0.2792 cyclist 0.8519993722438812
79 15.1269 0.2956 pedestrian 0.8477922677993774
79 15.7661 -0.2792 cyclist 0.8303264081478119
80 15.9791 -0.2792 cyclist 0.8923189640045166
80 15.3400 0.2956 pedestrian 0.8212769329547882
81 15.7661 -0.2956 cyclist 0.9040517807006836
81 15.3400 0.2956 pedestrian 0.8492766618728638
82 15.7661 -0.2956 cyclist 0.9133313000202179
82 15.3400 0.2956 pedestrian 0.8657344579696655
83 15.7661 -0.2956 cyclist 0.9184185266494751
83 15.3400 0.2956 pedestrian 0.8763464391231537
84 15.7661 -0.2956 cyclist 0.9174812138080597
84 15.3400 0.2956 pedestrian 0.8861502110958099
85 15.7661 -0.2956 cyclist 0.9123189747333527
85 15.3400 0.2956 pedestrian 0.8899321556091309
86 15.7661 -0.2956 cyclist 0.8949363231658936
86 15.5530 0.2956 pedestrian 0.8836769759654999
87 15.5530 -0.2956 cyclist 0.8749751150608063
87 15.5530 0.2956 pedestrian 0.873642235994339
88 15.5530 -0.2792 cyclist 0.9160466194152832
88 15.5530 0.2956 pedestrian 0.8697670996189117
89 15.3400 -0.2792 cyclist 0.9259967505931854
89 15.5530 0.2956 pedestrian 0.8826610743999481
90 15.3400 -0.2792 cyclist 0.9283574223518372
90 15.5530 0.2956 pedestrian 0.8919974863529205
91 15.3400 -0.2792 cyclist 0.9261964857578278
91 15.5530 0.2956 pedestrian 0.8967105746269226
92 15.3400 -0.2792 cyclist 0.9179681241512299
92 15.5530 0.2956 pedestrian 0.9006410837173462
93 15.3400 -0.2792 cyclist 0.9050365090370178
93 15.5530 0.2956 pedestrian 0.904553234577179
94 15.5530 0.2956 pedestrian 0.9025994539260864
94 15.3400 -0.2792 cyclist 0.881933867931366
95 15.5530 0.2956 pedestrian 0.8897302150726318
95 15.3400 -0.2792 cyclist 0.8469104468822479
96 14.9138 -0.2792 cyclist 0.8826338350772858
96 15.5530 0.2792 pedestrian 0.8730522096157074
97 14.9138 -0.2792 cyclist 0.8966041803359985
97 15.5530 0.2792 pedestrian 0.8863816857337952
98 14.9138 -0.2792 cyclist 0.8986842036247253
98 15.5530 0.2792 pedestrian 0.894698292016983
99 14.7008 -0.2792 cyclist 0.9040754735469818
99 15.5530 0.2792 pedestrian 0.8972349166870117
100 14.7008 -0.2792 cyclist 0.9080730080604553
100 15.5530 0.2792 pedestrian 0.9004287123680115
101 14.7008 -0.2792 cyclist 0.9065335392951965
101 15.5530 0.2792 pedestrian 0.9034155309200287
102 15.7661 0.2792 pedestrian 0.9043781757354736
102 14.4877 -0.2792 cyclist 0.8993664383888245
103 14.4877 -0.2792 cyclist 0.8956477046012878
103 15.7661 0.2792 pedestrian 0.8948814570903778
104 14.4877 -0.2792 cyclist 0.9097178876399994
104 15.5530 0.2629 pedestrian 0.7736968100070953
105 14.2747 -0.2792 cyclist 0.9242993295192719
105 15.5530 0.2629 pedestrian 0.8101780414581299
106 14.2747 -0.2792 cyclist 0.9349808096885681
106 15.5530 0.2629 pedestrian 0.8425730466842651
107 14.2747 -0.2792 cyclist 0.9419849514961243
107 15.5530 0.2629 pedestrian 0.8616443872451782
108 14.2747 -0.2792 cyclist 0.9425475299358368
108 15.5530 0.2629 pedestrian 0.8733168244361877
109 14.2747 -0.2792 cyclist 0.9395039081573486
109 15.5530 0.2629 pedestrian 0.8774509131908417
110 14.2747 -0.2792 cyclist 0.9335239231586456
110 15.5530 0.2629 pedestrian 0.8821399211883545
111 14.0616 -0.2792 cyclist 0.925556480884552
111 15.5530 0.2629 pedestrian 0.8829475045204163
112 14.0616 -0.2629 cyclist 0.9242464005947113
112 15.5530 0.2466 pedestrian 0.8098359405994415
113 14.0616 -0.2629 cyclist 0.9320610463619232
113 15.5530 0.2466 pedestrian 0.8301255106925964
114 14.0616 -0.2629 cyclist 0.9335379600524902
114 15.5530 0.2466 pedestrian 0.8403214514255524
115 14.0616 -0.2629 cyclist 0.9347915947437286
115 15.5530 0.2466 pedestrian 0.8434514701366425
116 13.8486 -0.2629 cyclist 0.9354266226291656
116 15.7661 0.2466 pedestrian 0.8504276871681213
117 13.8486 -0.2629 cyclist 0.9344007968902588
117 15.7661 0.2466 pedestrian 0.857900470495224
118 13.8486 -0.2629 cyclist 0.928907036781311
118 15.7661 0.2466 pedestrian 0.8648773431777954
119 13.8486 -0.2629 cyclist 0.9199585318565369
119 15.7661 0.2466 pedestrian 0.8606743812561035
120 13.6355 -0.2304 cyclist 0.8956013023853302
120 15.7661 0.2466 pedestrian 0.64707812666893
121 13.6355 -0.2466 cyclist 0.9161970615386963
121 15.7661 0.2466 pedestrian 0.6532163769006729
122 13.6355 -0.2466 cyclist 0.9279410541057587
122 15.7661 0.2466 pedestrian 0.6668417453765869
123 13.6355 -0.2466 cyclist 0.9333604574203491
123 15.7661 0.2466 pedestrian 0.6861156523227692
124 13.4225 -0.2466 cyclist 0.9356196820735931
124 15.7661 0.2466 pedestrian 0.7085250318050385
125 13.4225 -0.2466 cyclist 0.9347321093082428
125 15.7661 0.2466 pedestrian 0.7098053395748138
126 13.4225 -0.2466 cyclist 0.9244680404663086
126 15.7661 0.2466 pedestrian 0.7086182236671448
127 13.4225 -0.2304 cyclist 0.9100606739521027
127 15.7661 0.2304 pedestrian 0.6802716851234436
128 13.4225 -0.2304 cyclist 0.9169628918170929
128 15.7661 0.2304 pedestrian 0.6789677739143372
129 13.4225 -0.2304 cyclist 0.9272211492061615
129 15.7661 0.2304 pedestrian 0.7012176513671875
130 13.2094 -0.2304 cyclist 0.930884063243866
130 15.7661 0.2304 pedestrian 0.7139177322387695
131 13.2094 -0.2304 cyclist 0.9367548823356628
131 15.7661 0.2304 pedestrian 0.7162021398544312
132 13.2094 -0.2304 cyclist 0.9363763928413391
132 15.7661 0.2304 pedestrian 0.7085313498973846
133 13.2094 -0.2304 cyclist 0.931873083114624
133 15.7661 0.2304 pedestrian 0.7082782685756683
134 13.2094 -0.2304 cyclist 0.9218028485774994
134 15.7661 0.2142 pedestrian 0.7184285521507263
135 13.2094 -0.2142 cyclist 0.9075277745723724
135 15.7661 0.2142 pedestrian 0.717831939458847
136 12.9963 -0.2142 cyclist 0.8877169191837311
136 15.7661 0.1981 pedestrian 0.8528360724449158
137 12.9963 -0.2142 cyclist 0.9016452133655548
137 15.7661 0.1981 pedestrian 0.8634183406829834
138 12.9963 -0.2142 cyclist 0.9098545908927917
138 15.7661 0.1981 pedestrian 0.8646575510501862
139 12.9963 -0.2142 cyclist 0.914433091878891
139 15.7661 0.1981 pedestrian 0.8629902899265289
140 12.9963 -0.2142 cyclist 0.9095254242420197
140 15.7661 0.1981 pedestrian 0.8639985918998718
141 12.9963 -0.2142 cyclist 0.8983687162399292
141 15.7661 0.1981 pedestrian 0.8624096810817719
142 12.9963 -0.2142 cyclist 0.8785737156867981
142 15.7661 0.1981 pedestrian 0.8604797422885895
143 12.9963 -0.2142 cyclist 0.8560782074928284
143 15.7661 0.1981 pedestrian 0.8549543023109436
144 12.7833 -0.1981 cyclist 0.8853252232074738
144 15.7661 0.1821 pedestrian 0.825184166431427
145 12.7833 -0.1981 cyclist 0.8912074863910675
145 15.7661 0.1821 pedestrian 0.8341579735279083
146 12.7833 -0.1981 cyclist 0.8917044401168823
146 15.7661 0.1821 pedestrian 0.8354168832302094
147 12.7833 -0.1981 cyclist 0.89435875415802
147 15.7661 0.1821 pedestrian 0.8309112787246704
148 12.7833 -0.1981 cyclist 0.8914797902107239
148 15.7661 0.1821 pedestrian 0.8278881013393402
149 12.7833 -0.1821 cyclist 0.8871650099754333
149 15.7661 0.1821 pedestrian 0.8311471343040466
150 12.5702 -0.1821 cyclist 0.8785648345947266
150 15.9791 0.1821 pedestrian 0.8344244658946991
151 12.5702 -0.1821 cyclist 0.8724456131458282
151 15.9791 0.1821 pedestrian 0.8277320563793182
152 12.5702 -0.1821 cyclist 0.8835305571556091
152 15.9791 0.1661 pedestrian 0.846136063337326
153 12.5702 -0.1821 cyclist 0.8860779702663422
153 15.9791 0.1661 pedestrian 0.8542880713939667
154 12.5702 -0.1661 cyclist 0.883623331785202
154 15.9791 0.1661 pedestrian 0.8567241728305817
155 12.5702 -0.1661 cyclist 0.8794066905975342
155 15.9791 0.1661 pedestrian 0.8564708530902863
156 12.3572 -0.1661 cyclist 0.8773332834243774
156 15.9791 0.1661 pedestrian 0.8587879836559296
157 12.3572 -0.1661 cyclist 0.8738546669483185
157 15.9791 0.1661 pedestrian 0.8624666631221771
158 15.9791 0.1661 pedestrian 0.8646751344203949
158 12.3572 -0.1661 cyclist 0.86264967918396
159 15.9791 0.1661 pedestrian 0.8633340895175934
159 12.3572 -0.1502 cyclist 0.8436450362205505
160 15.7661 0.1502 pedestrian 0.7997384071350098
160 12.3572 -0.1502 cyclist 0.7585448324680328
161 15.7661 0.1502 pedestrian 0.8140029609203339
161 12.3572 -0.1502 cyclist 0.7755914032459259
162 15.7661 0.1343 pedestrian 0.8232312500476837
162 12.3572 -0.1502 cyclist 0.7912350296974182
163 15.7661 0.1343 pedestrian 0.8310330212116241
163 12.3572 -0.1502 cyclist 0.8084402978420258
164 15.7661 0.1343 pedestrian 0.8406814932823181
164 12.3572 -0.1502 cyclist 0.8198977410793304
165 15.7661 0.1343 pedestrian 0.8417475521564484
165 12.3572 -0.1502 cyclist 0.8259596228599548
166 15.7661 0.1343 pedestrian 0.8422245979309082
166 12.3572 -0.1502 cyclist 0.8149493634700775
167 15.7661 0.1343 pedestrian 0.8403789103031158
167 12.3572 -0.1343 cyclist 0.7934635281562805
168 12.3572 -0.1343 cyclist 0.845953494310379
168 15.9791 0.1343 pedestrian 0.819389820098877
169 12.3572 -0.1343 cyclist 0.8449121713638306
169 15.7661 0.1343 pedestrian 0.8240194022655487
170 12.3572 -0.1184 cyclist 0.8345257043838501
170 15.7661 0.1343 pedestrian 0.8203757703304291
171 12.3572 -0.1184 cyclist 0.826216071844101
171 15.7661 0.1184 pedestrian 0.8184879124164581
172 15.7661 0.1184 pedestrian 0.8230822682380676
172 12.3572 -0.1184 cyclist 0.8134885132312775
173 15.7661 0.1184 pedestrian 0.8325434327125549
173 12.3572 -0.1184 cyclist 0.80501389503479
174 15.7661 0.1184 pedestrian 0.8330248594284058
174 12.1441 -0.1025 cyclist 0.7967778146266937
175 15.7661 0.1184 pedestrian 0.822530061006546
175 12.1441 -0.1025 cyclist 0.796286016702652
176 15.7661 0.1184 pedestrian 0.8165632486343384
176 12.1441 -0.0867 cyclist 0.7344271242618561
177 15.7661 0.1025 pedestrian 0.8270232379436493
177 12.1441 -0.0867 cyclist 0.7260051667690277
178 15.7661 0.1025 pedestrian 0.8345502316951752
178 12.1441 -0.0709 cyclist 0.7170893251895905
178 12.1441 -0.1184 pedestrian 0.4164658822119236
179 15.7661 0.1025 pedestrian 0.839385986328125
179 12.1441 -0.0709 cyclist 0.724560558795929
179 12.1441 -0.1184 pedestrian 0.42794203013181686
180 15.7661 0.1025 pedestrian 0.8446031808853149
180 12.1441 -0.0709 cyclist 0.7265059053897858
180 12.1441 -0.1184 pedestrian 0.433614157140255
181 15.7661 0.1025 pedestrian 0.8542055785655975
181 12.1441 -0.0709 cyclist 0.7115107774734497
181 12.1441 -0.1184 pedestrian 0.4280652031302452
182 15.7661 0.1025 pedestrian 0.859407901763916
182 12.1441 -0.0551 cyclist 0.6895982027053833
182 12.1441 -0.1184 pedestrian 0.4272587224841118
183 15.7661 0.1025 pedestrian 0.8593651056289673
183 12.1441 -0.0551 cyclist 0.6590953767299652
183 12.1441 -0.1184 pedestrian 0.43684426695108414
184 15.7661 0.1025 pedestrian 0.8559417128562927
184 11.9311 -0.0709 pedestrian 0.6903608441352844
185 15.7661 0.1025 pedestrian 0.8662276566028595
185 11.9311 -0.0551 pedestrian 0.7134290337562561
186 15.7661 0.1025 pedestrian 0.8735536634922028
186 11.9311 -0.0551 pedestrian 0.7263124883174896
187 15.7661 0.1025 pedestrian 0.8749098777770996
187 11.9311 -0.0551 pedestrian 0.7261874079704285
188 15.7661 0.1025 pedestrian 0.8754452168941498
188 11.9311 -0.0551 pedestrian 0.7281583249568939
189 15.7661 0.1025 pedestrian 0.8757875561714172
189 11.9311 -0.0394 pedestrian 0.7253905832767487
190 15.7661 0.1025 pedestrian 0.8734074831008911
190 11.9311 -0.0394 pedestrian 0.7291121780872345
191 15.7661 0.1025 pedestrian 0.8635226488113403
191 11.7180 -0.0394 pedestrian 0.7343377470970154
192 15.7661 0.0867 pedestrian 0.8460456728935242
192 11.7180 -0.0236 pedestrian 0.7011721134185791
192 11.7180 0.0079 cyclist 0.41760361194610596
193 15.7661 0.0867 pedestrian 0.8531240820884705
193 11.7180 -0.0236 pedestrian 0.7160317003726959
193 11.7180 0.0236 cyclist 0.4252822697162628
194 15.7661 0.0867 pedestrian 0.8580873608589172
194 11.7180 -0.0079 pedestrian 0.7260711193084717
194 11.7180 0.0394 cyclist 0.432085245847702
195 15.7661 0.0867 pedestrian 0.8605296611785889
195 11.7180 -0.0079 pedestrian 0.7231997549533844
195 11.7180 0.0394 cyclist 0.4434860348701477
196 15.7661 0.0867 pedestrian 0.8608832955360413
196 11.7180 -0.0079 pedestrian 0.7146590650081635
196 11.7180 0.0394 cyclist 0.4532129764556885
197 15.7661 0.0867 pedestrian 0.8639122843742371
197 11.7180 0.0079 pedestrian 0.6978707611560822
197 11.7180 0.0394 cyclist 0.46604248881340027
198 15.7661 0.0867 pedestrian 0.8614464402198792
198 11.7180 0.0079 pedestrian 0.6844064593315125
198 11.5050 0.0394 cyclist 0.47398148477077484
199 15.7661 0.0867 pedestrian 0.8487499952316284
199 11.7180 0.0079 pedestrian 0.6694298088550568
199 11.5050 0.0394 cyclist 0.48577800393104553
200 15.7661 0.0709 pedestrian 0.8005596697330475
200 11.7180 0.0079 pedestrian 0.6913020312786102
200 11.5050 0.0709 cyclist 0.47988930344581604
201 15.7661 0.0709 pedestrian 0.8168241679668427
201 11.7180 0.0079 pedestrian 0.6733643710613251
201 11.5050 0.0709 cyclist 0.5160518735647202
202 15.7661 0.0709 pedestrian 0.8232662677764893
202 11.7180 0.0079 pedestrian 0.6474558115005493
202 11.5050 0.0709 cyclist 0.5507152378559113
203 15.7661 0.0709 pedestrian 0.8246384859085083
203 11.7180 0.0079 pedestrian 0.6110818684101105
203 11.2919 0.0867 cyclist 0.5875643491744995
204 15.7661 0.0551 pedestrian 0.8281023800373077
204 11.2919 0.0867 cyclist 0.6103255450725555
204 11.5050 0.0236 pedestrian 0.5875622928142548
205 15.7661 0.0551 pedestrian 0.8380223214626312
205 11.2919 0.0867 cyclist 0.6343336999416351
205 11.5050 0.0236 pedestrian 0.5566423982381821
206 15.7661 0.0551 pedestrian 0.8384745419025421
206 11.2919 0.0867 cyclist 0.6419298648834229
206 11.5050 0.0236 pedestrian 0.527321383357048
207 15.7661 0.0551 pedestrian 0.8323164880275726
207 11.2919 0.1025 cyclist 0.6461588740348816
207 11.5050 0.0236 pedestrian 0.5007365196943283
208 11.2919 0.1025 cyclist 0.844287782907486
208 15.7661 0.0394 pedestrian 0.8264945149421692
209 11.2919 0.1025 cyclist 0.8608641028404236
209 15.7661 0.0394 pedestrian 0.8444115519523621
210 11.2919 0.1184 cyclist 0.8720104694366455
210 15.7661 0.0394 pedestrian 0.8540612161159515
211 11.2919 0.1184 cyclist 0.8843978345394135
211 15.7661 0.0394 pedestrian 0.8582194447517395
212 11.2919 0.1184 cyclist 0.8862208724021912
212 15.7661 0.0394 pedestrian 0.8609247803688049
213 11.2919 0.1343 cyclist 0.89163738489151
213 15.7661 0.0394 pedestrian 0.8642131686210632
214 11.2919 0.1343 cyclist 0.8944715261459351
214 15.7661 0.0236 pedestrian 0.864831417798996
215 11.2919 0.1343 cyclist 0.891030341386795
215 15.7661 0.0236 pedestrian 0.8646346628665924
216 11.2919 0.1343 cyclist 0.9320217967033386
216 15.7661 0.0236 pedestrian 0.835801362991333
217 11.2919 0.1502 cyclist 0.9372954666614532
217 15.7661 0.0236 pedestrian 0.8469114899635315
218 11.2919 0.1502 cyclist 0.9397308826446533
218 15.7661 0.0079 pedestrian 0.8564692735671997
219 11.2919 0.1502 cyclist 0.9408757388591766
219 15.7661 0.0079 pedestrian 0.8641530871391296
220 11.2919 0.1502 cyclist 0.936142235994339
220 15.7661 0.0079 pedestrian 0.8704768121242523
221 11.2919 0.1502 cyclist 0.9312210977077484
221 15.7661 0.0079 pedestrian 0.8779833316802979
222 11.2919 0.1661 cyclist 0.9233486950397491
222 15.7661 0.0079 pedestrian 0.8841617703437805
223 11.2919 0.1661 cyclist 0.9097568690776825
223 15.7661 0.0079 pedestrian 0.8878318965435028
224 11.2919 0.1821 cyclist 0.9457121193408966
224 15.7661 0.0079 pedestrian 0.8784020841121674
225 11.2919 0.1821 cyclist 0.9490713775157928
225 15.7661 -0.0079 pedestrian 0.8863141536712646
226 11.2919 0.1821 cyclist 0.9511513113975525
226 15.7661 -0.0079 pedestrian 0.8914777636528015
227 11.2919 0.1821 cyclist 0.9516369700431824
227 15.7661 -0.0079 pedestrian 0.893755704164505
228 11.2919 0.1821 cyclist 0.9454264938831329
228 15.7661 -0.0079 pedestrian 0.893536239862442
229 11.2919 0.1821 cyclist 0.9403992593288422
229 15.7661 -0.0079 pedestrian 0.895726203918457
230 11.2919 0.1821 cyclist 0.9316058158874512
230 15.7661 -0.0079 pedestrian 0.8956875503063202
231 11.2919 0.1821 cyclist 0.9163826406002045
231 15.7661 -0.0079 pedestrian 0.8902561366558075
232 11.2919 0.1821 cyclist 0.9463412463665009
232 15.7661 -0.0236 pedestrian 0.8531087934970856
233 11.2919 0.1821 cyclist 0.9494069814682007
233 15.7661 -0.0236 pedestrian 0.8639265298843384
234 11.2919 0.1821 cyclist 0.951378732919693
234 15.7661 -0.0236 pedestrian 0.8708419501781464
235 11.2919 0.1821 cyclist 0.9520164728164673
235 15.7661 -0.0236 pedestrian 0.8714456558227539
236 11.2919 0.1821 cyclist 0.9472140669822693
236 15.7661 -0.0236 pedestrian 0.8706661462783813
237 11.2919 0.1821 cyclist 0.9421693086624146
237 15.7661 -0.0236 pedestrian 0.8741870820522308
238 11.2919 0.1821 cyclist 0.9344338476657867
238 15.7661 -0.0236 pedestrian 0.8756674826145172
239 11.2919 0.1821 cyclist 0.9237164855003357
239 15.7661 -0.0236 pedestrian 0.868123859167099
240 11.2919 0.1661 cyclist 0.9329091906547546
240 15.7661 -0.0394 pedestrian 0.873035728931427
241 11.2919 0.1661 cyclist 0.9371715784072876
241 15.7661 -0.0394 pedestrian 0.8792327046394348
242 11.2919 0.1661 cyclist 0.938860684633255
242 15.7661 -0.0394 pedestrian 0.8818787634372711
243 11.2919 0.1661 cyclist 0.9394828379154205
243 15.7661 -0.0394 pedestrian 0.879560649394989
244 11.2919 0.1661 cyclist 0.9339631795883179
244 15.7661 -0.0394 pedestrian 0.8785235285758972
245 11.2919 0.1821 cyclist 0.9272079765796661
245 15.7661 -0.0394 pedestrian 0.8789952099323273
246 11.2919 0.1821 cyclist 0.918178528547287
246 15.7661 -0.0394 pedestrian 0.8755372762680054
247 11.2919 0.1821 cyclist 0.9045801758766174
247 15.7661 -0.0394 pedestrian 0.8603820502758026
248 11.2919 0.1981 cyclist 0.9226620197296143
248 15.7661 -0.0551 pedestrian 0.8620907068252563
249 11.5050 0.2142 cyclist 0.9289580285549164
249 15.7661 -0.0551 pedestrian 0.8709800839424133
250 11.5050 0.2142 cyclist 0.9340071380138397
250 15.7661 -0.0551 pedestrian 0.8754456043243408
251 11.5050 0.2142 cyclist 0.9364482760429382
251 15.5530 -0.0551 pedestrian 0.8821949660778046
252 11.5050 0.2304 cyclist 0.9328761398792267
252 15.5530 -0.0551 pedestrian 0.890824556350708
253 11.5050 0.2304 cyclist 0.9244042932987213
253 15.5530 -0.0551 pedestrian 0.8959653377532959
254 11.5050 0.2304 cyclist 0.9071680903434753
254 15.5530 -0.0551 pedestrian 0.8962289094924927
255 15.5530 -0.0551 pedestrian 0.8887960612773895
255 11.5050 0.2466 cyclist 0.8776676654815674
256 11.7180 0.2629 cyclist 0.9421221911907196
256 15.5530 -0.0709 pedestrian 0.87509685754776
257 11.7180 0.2629 cyclist 0.9505888521671295
257 15.5530 -0.0709 pedestrian 0.8859536945819855
258 11.7180 0.2629 cyclist 0.9563600718975067
258 15.5530 -0.0709 pedestrian 0.8920786678791046
259 11.7180 0.2629 cyclist 0.9605352580547333
259 15.5530 -0.0709 pedestrian 0.8957061469554901
260 11.7180 0.2792 cyclist 0.9599887728691101
260 15.5530 -0.0709 pedestrian 0.8988605737686157
261 11.7180 0.2792 cyclist 0.9574674367904663
261 15.5530 -0.0709 pedestrian 0.900479644536972
262 11.7180 0.2792 cyclist 0.9508163034915924
262 15.5530 -0.0709 pedestrian 0.8974129259586334
263 11.9311 0.2792 cyclist 0.9400832653045654
263 15.5530 -0.0709 pedestrian 0.8892069756984711
264 11.9311 0.2956 cyclist 0.9365216493606567
264 15.3400 -0.0867 pedestrian 0.8635213971138
265 11.9311 0.2956 cyclist 0.9428708553314209
265 15.3400 -0.0867 pedestrian 0.876679539680481
266 11.9311 0.2956 cyclist 0.9450712502002716
266 15.3400 -0.0867 pedestrian 0.8837622106075287
267 11.9311 0.3121 cyclist 0.944932609796524
267 15.3400 -0.0867 pedestrian 0.8873624503612518
268 12.1441 0.3121 cyclist 0.944448709487915
268 15.3400 -0.0867 pedestrian 0.890715479850769
269 12.1441 0.3121 cyclist 0.9431337416172028
269 15.3400 -0.0867 pedestrian 0.8929247260093689
270 12.1441 0.3121 cyclist 0.9356566071510315
270 15.3400 -0.1025 pedestrian 0.8947352766990662
271 12.1441 0.3121 cyclist 0.9195695221424103
271 15.3400 -0.1025 pedestrian 0.8876323103904724
272 12.1441 0.3121 cyclist 0.9346720576286316
272 15.3400 -0.1184 pedestrian 0.9031876027584076
273 12.1441 0.3121 cyclist 0.9400202035903931
273 15.3400 -0.1184 pedestrian 0.9080812931060791
274 12.1441 0.3121 cyclist 0.9401113986968994
274 15.3400 -0.1343 pedestrian 0.9107353389263153
275 12.1441 0.3121 cyclist 0.9368283152580261
275 15.3400 -0.1343 pedestrian 0.9138542413711548
276 12.3572 0.3121 cyclist 0.9330927431583405
276 15.3400 -0.1343 pedestrian 0.9156446754932404
277 12.3572 0.3121 cyclist 0.9326155781745911
277 15.3400 -0.1343 pedestrian 0.9145348370075226
278 12.3572 0.3287 cyclist 0.9303421080112457
278 15.3400 -0.1343 pedestrian 0.9118151962757111
279 12.3572 0.3287 cyclist 0.9238016307353973
279 15.3400 -0.1343 pedestrian 0.902508944272995
280 12.5702 0.3454 cyclist 0.9213939011096954
280 15.1269 -0.1502 pedestrian 0.8672831952571869
281 12.5702 0.3454 cyclist 0.9353927075862885
281 15.1269 -0.1502 pedestrian 0.8819998502731323
282 12.5702 0.3454 cyclist 0.9427993297576904
282 15.1269 -0.1502 pedestrian 0.892168402671814
283 12.5702 0.3454 cyclist 0.9444628357887268
283 15.1269 -0.1502 pedestrian 0.8983493447303772
284 12.5702 0.3454 cyclist 0.941663384437561
284 15.1269 -0.1502 pedestrian 0.9023560285568237
285 12.5702 0.3454 cyclist 0.9368926882743835
285 15.1269 -0.1502 pedestrian 0.9028700888156891
286 12.5702 0.3454 cyclist 0.9294499158859253
286 15.1269 -0.1502 pedestrian 0.8995023369789124
287 12.5702 0.3454 cyclist 0.9132402837276459
287 15.1269 -0.1502 pedestrian 0.8875640034675598
288 12.7833 0.3287 cyclist 0.9431218504905701
288 15.1269 -0.1661 pedestrian 0.7700853943824768
289 12.7833 0.3287 cyclist 0.9475832581520081
289 15.1269 -0.1661 pedestrian 0.8043066263198853
290 12.7833 0.3287 cyclist 0.9497396647930145
290 15.1269 -0.1661 pedestrian 0.827421635389328
291 12.7833 0.3287 cyclist 0.9499391913414001
291 15.1269 -0.1661 pedestrian 0.8405388295650482
292 12.7833 0.3287 cyclist 0.9431700110435486
292 15.1269 -0.1661 pedestrian 0.8554359674453735
293 12.9963 0.3287 cyclist 0.9376964867115021
293 15.1269 -0.1661 pedestrian 0.8628445565700531
294 12.9963 0.3287 cyclist 0.93327996134758
294 15.1269 -0.1661 pedestrian 0.8548131287097931
295 12.9963 0.3287 cyclist 0.9230684340000153
295 14.9138 -0.1661 pedestrian 0.8347926139831543
296 14.9138 -0.1661 pedestrian 0.8694801330566406
296 12.9963 0.3454 cyclist 0.5130888149142265
297 14.9138 -0.1661 pedestrian 0.8884249925613403
297 12.9963 0.3454 cyclist 0.49388977885246277
298 14.9138 -0.1502 pedestrian 0.8992025852203369
298 13.2094 0.3454 cyclist 0.475678700953722
299 14.9138 -0.1502 pedestrian 0.903846800327301
299 13.2094 0.3454 cyclist 0.4466303028166294
300 14.9138 -0.1661 pedestrian 0.9080748558044434
300 13.4225 0.3454 cyclist 0.4184817485511303
301 14.9138 -0.1661 pedestrian 0.9131072461605072
302 14.9138 -0.1661 pedestrian 0.9158714413642883
303 14.9138 -0.1661 pedestrian 0.9108321070671082
304 14.9138 -0.1661 pedestrian 0.8953779637813568
304 13.8486 0.3454 car 0.5947324484586716
305 14.9138 -0.1661 pedestrian 0.9104742407798767
305 13.8486 0.3454 car 0.6306829005479813
306 14.9138 -0.1661 pedestrian 0.920526385307312
306 13.8486 0.3121 car 0.6629714369773865
307 14.9138 -0.1661 pedestrian 0.9270042479038239
307 13.8486 0.3121 car 0.6833947598934174
308 14.9138 -0.1661 pedestrian 0.9315943717956543
308 13.8486 0.3121 car 0.6765266954898834
309 14.9138 -0.1661 pedestrian 0.9329914748668671
309 13.8486 0.3121 car 0.6446434855461121
310 14.9138 -0.1661 pedestrian 0.9312011301517487
310 13.8486 0.2792 car 0.6109968721866608
311 14.9138 -0.1661 pedestrian 0.9233534038066864
311 13.8486 0.2792 car 0.5594454705715179
312 14.9138 -0.1821 pedestrian 0.8976098597049713
312 14.0616 0.3121 cyclist 0.730769693851471
313 14.9138 -0.1821 pedestrian 0.9096315801143646
313 14.0616 0.3121 cyclist 0.7765737175941467
314 14.9138 -0.1821 pedestrian 0.9176368415355682
314 14.0616 0.3121 cyclist 0.802370697259903
315 14.9138 -0.1821 pedestrian 0.9230130612850189
315 14.0616 0.2956 cyclist 0.8169644474983215
316 14.9138 -0.1821 pedestrian 0.9278474152088165
316 14.0616 0.2956 cyclist 0.8143839240074158
317 14.9138 -0.1821 pedestrian 0.9288000464439392
317 14.0616 0.2956 cyclist 0.8150795102119446
318 14.9138 -0.1821 pedestrian 0.927986353635788
318 14.0616 0.2956 cyclist 0.8055562973022461
319 14.9138 -0.1821 pedestrian 0.9215165972709656
319 14.0616 0.2956 cyclist 0.7931580245494843
320 14.9138 -0.1981 pedestrian 0.8581552505493164
320 14.2747 0.2956 cyclist 0.562854453921318
321 14.9138 -0.1981 pedestrian 0.876195102930069
321 14.2747 0.2792 cyclist 0.5977742969989777
322 14.9138 -0.1981 pedestrian 0.8846854567527771
322 14.2747 0.2792 cyclist 0.6440548300743103
323 14.9138 -0.1981 pedestrian 0.8883851766586304
323 14.2747 0.2792 cyclist 0.6734888106584549
324 14.9138 -0.1981 pedestrian 0.8924954533576965
324 14.4877 0.2792 cyclist 0.6839517652988434
325 14.9138 -0.1981 pedestrian 0.8895040452480316
325 14.4877 0.2792 cyclist 0.7212914228439331
326 14.9138 -0.1981 pedestrian 0.8790490925312042
326 14.4877 0.2629 cyclist 0.7348048090934753
327 14.9138 -0.1981 pedestrian 0.8544095456600189
327 14.4877 0.2466 cyclist 0.7215442061424255
328 14.7008 0.2466 cyclist 0.8224333822727203
328 14.9138 -0.2142 pedestrian 0.7963821887969971
329 14.7008 0.2466 cyclist 0.8439232110977173
329 14.9138 -0.2142 pedestrian 0.8160168826580048
330 14.7008 0.2466 cyclist 0.8532741367816925
330 14.9138 -0.2142 pedestrian 0.8243212997913361
331 14.7008 0.2466 cyclist 0.8573316037654877
331 14.9138 -0.2142 pedestrian 0.8259744048118591
332 14.7008 0.2466 cyclist 0.8551218509674072
332 14.9138 -0.2142 pedestrian 0.8321526944637299
333 14.7008 0.2466 cyclist 0.8590777218341827
333 14.9138 -0.2142 pedestrian 0.8413927853107452
334 14.7008 0.2466 cyclist 0.8545927107334137
334 14.9138 -0.2304 pedestrian 0.8367525935173035
335 14.7008 0.2304 cyclist 0.8457567095756531
335 14.9138 -0.2304 pedestrian 0.8074808120727539
336 14.9138 0.2466 cyclist 0.8910132944583893
336 14.9138 -0.2304 pedestrian 0.8683397769927979
337 14.9138 0.2304 cyclist 0.8968373537063599
337 14.9138 -0.2304 pedestrian 0.8756459653377533
338 14.9138 0.2304 cyclist 0.8969025611877441
338 14.7008 -0.2304 pedestrian 0.8850692510604858
339 14.7008 -0.2304 pedestrian 0.8950709402561188
339 14.9138 0.2304 cyclist 0.894418478012085
340 14.7008 -0.2304 pedestrian 0.906895101070404
340 14.9138 0.2304 cyclist 0.8847448825836182
341 14.7008 -0.2304 pedestrian 0.9142463207244873
341 14.9138 0.2304 cyclist 0.8765674531459808
342 14.7008 -0.2466 pedestrian 0.9165460765361786
342 14.9138 0.2304 cyclist 0.8634185492992401
343 14.7008 -0.2466 pedestrian 0.9099432826042175
343 14.9138 0.2304 cyclist 0.8414574563503265
344 14.9138 0.2142 cyclist 0.8524909019470215
344 14.7008 -0.2466 pedestrian 0.8217480182647705
345 14.9138 0.2142 cyclist 0.8578844964504242
345 14.7008 -0.2466 pedestrian 0.852788656949997
346 14.7008 -0.2466 pedestrian 0.8721396923065186
346 14.9138 0.2142 cyclist 0.8551784753799438
347 14.7008 -0.2466 pedestrian 0.8825978338718414
347 14.9138 0.2142 cyclist 0.8478951156139374
348 14.7008 -0.2466 pedestrian 0.8899359107017517
348 15.1269 0.1821 cyclist 0.8433293700218201
349 14.7008 -0.2466 pedestrian 0.8907313048839569
349 15.1269 0.1821 cyclist 0.8449929058551788
350 14.7008 -0.2466 pedestrian 0.8830408453941345
350 15.1269 0.1821 cyclist 0.8278962671756744
351 14.7008 -0.2466 pedestrian 0.8608554303646088
351 15.1269 0.1821 cyclist 0.7960330247879028
352 14.4877 -0.2466 pedestrian 0.7794319987297058
352 15.1269 0.1821 cyclist 0.7598859667778015
353 14.4877 -0.2466 pedestrian 0.8211898505687714
353 15.1269 0.1821 cyclist 0.7653643488883972
354 14.4877 -0.2466 pedestrian 0.8458910584449768
354 15.1269 0.1821 cyclist 0.7654883563518524
355 14.4877 -0.2466 pedestrian 0.8593437969684601
355 15.1269 0.1821 cyclist 0.7624630928039551
356 14.4877 -0.2466 pedestrian 0.870919793844223
356 15.1269 0.1821 cyclist 0.7516389191150665
357 14.4877 -0.2466 pedestrian 0.8750195205211639
357 15.1269 0.1821 cyclist 0.7290119528770447
358 14.4877 -0.2466 pedestrian 0.8667156398296356
358 15.1269 0.1821 cyclist 0.6769002974033356
359 14.4877 -0.2466 pedestrian 0.8460906147956848
359 15.1269 0.1821 cyclist 0.6217263042926788
360 14.4877 -0.2466 pedestrian 0.8530106544494629
360 15.1269 0.1821 cyclist 0.7567631900310516
361 14.4877 -0.2466 pedestrian 0.8634204864501953
361 15.1269 0.1821 cyclist 0.7680179476737976
362 14.2747 -0.2466 pedestrian 0.8688617050647736
362 15.1269 0.1821 cyclist 0.7656850814819336
363 14.2747 -0.2466 pedestrian 0.8732764720916748
363 15.1269 0.1821 cyclist 0.7586922645568848
363 15.3400 0.0709 pedestrian 0.4128652960062027
364 14.2747 -0.2466 pedestrian 0.8727345168590546
364 15.1269 0.1821 cyclist 0.7422233819961548
364 15.3400 0.0709 pedestrian 0.43056026101112366
365 14.2747 -0.2466 pedestrian 0.8706746399402618
365 15.1269 0.1821 cyclist 0.723554253578186
365 15.3400 0.0709 pedestrian 0.44910330325365067
366 14.2747 -0.2466 pedestrian 0.8630642294883728
366 15.1269 0.1821 cyclist 0.690727561712265
366 15.3400 0.0709 pedestrian 0.4714609608054161
367 14.2747 -0.2466 pedestrian 0.8395540118217468
367 15.1269 0.1661 cyclist 0.6607372164726257
367 15.3400 0.0709 pedestrian 0.48547203838825226
368 14.0616 -0.2466 pedestrian 0.8407576680183411
368 15.3400 0.1821 cyclist 0.6654881089925766
368 15.3400 0.0867 pedestrian 0.41360776871442795
369 14.0616 -0.2466 pedestrian 0.857949435710907
369 15.3400 0.1821 cyclist 0.6998537480831146
370 14.0616 -0.2466 pedestrian 0.8683853447437286
370 15.3400 0.1661 cyclist 0.7367205023765564
371 14.0616 -0.2466 pedestrian 0.8689036965370178
371 15.3400 0.1661 cyclist 0.7678177356719971
372 14.0616 -0.2466 pedestrian 0.8671270906925201
372 15.3400 0.1502 cyclist 0.7848851382732391
373 14.0616 -0.2466 pedestrian 0.8649386763572693
373 15.3400 0.1502 cyclist 0.7991601824760437
374 14.0616 -0.2466 pedestrian 0.8591119050979614
374 15.3400 0.1661 cyclist 0.7947623431682587
375 14.0616 -0.2466 pedestrian 0.8388988077640533
375 15.3400 0.1661 cyclist 0.7811535000801086
376 15.3400 0.1343 cyclist 0.8392966389656067
376 14.0616 -0.2304 pedestrian 0.7284460365772247
377 15.3400 0.1343 cyclist 0.8515016138553619
377 14.0616 -0.2304 pedestrian 0.7559843361377716
378 15.3400 0.1343 cyclist 0.8567241430282593
378 14.0616 -0.2304 pedestrian 0.7744218111038208
379 15.3400 0.1343 cyclist 0.863219827413559
379 14.0616 -0.2304 pedestrian 0.7785581648349762
380 15.3400 0.1343 cyclist 0.8610955476760864
380 14.0616 -0.2304 pedestrian 0.77822545170784
381 15.1269 0.1343 cyclist 0.8611455261707306
381 13.8486 -0.2466 pedestrian 0.7771093845367432
382 15.1269 0.1343 cyclist 0.8587674796581268
382 13.8486 -0.2466 pedestrian 0.7566008865833282
383 15.1269 0.1343 cyclist 0.8523224592208862
383 13.8486 -0.2466 pedestrian 0.6974080502986908
384 15.1269 0.1184 cyclist 0.9294968843460083
384 13.8486 -0.2304 pedestrian 0.6027815788984299
385 15.1269 0.1184 cyclist 0.9411135613918304
385 13.8486 -0.2304 pedestrian 0.6410118937492371
386 15.1269 0.1184 cyclist 0.9485339820384979
386 13.6355 -0.2304 pedestrian 0.678094893693924
387 15.1269 0.1184 cyclist 0.9534948468208313
387 13.6355 -0.2304 pedestrian 0.7097715437412262
388 15.1269 0.1184 cyclist 0.9517976641654968
388 13.6355 -0.2304 pedestrian 0.7315253019332886
389 15.1269 0.1184 cyclist 0.9483886957168579
389 13.6355 -0.2304 pedestrian 0.7527283132076263
390 15.1269 0.1184 cyclist 0.9414859414100647
390 13.6355 -0.2304 pedestrian 0.7493885457515717
391 15.1269 0.1025 cyclist 0.9293645918369293
391 13.6355 -0.2142 pedestrian 0.7214807868003845
392 15.3400 0.1184 cyclist 0.9460346102714539
392 13.4225 -0.2142 pedestrian 0.8108883798122406
393 15.3400 0.1025 cyclist 0.9517693221569061
393 13.4225 -0.1981 pedestrian 0.83342444896698
394 15.3400 0.1025 cyclist 0.9562094509601593
394 13.4225 -0.1981 pedestrian 0.8551328778266907
395 15.3400 0.1025 cyclist 0.9594990015029907
395 13.4225 -0.1981 pedestrian 0.8673069179058075
396 15.3400 0.1025 cyclist 0.956782877445221
396 13.4225 -0.1981 pedestrian 0.8726143836975098
397 15.3400 0.1025 cyclist 0.9512874186038971
397 13.4225 -0.1981 pedestrian 0.8723936676979065
398 15.3400 0.1025 cyclist 0.942785918712616
398 13.4225 -0.1981 pedestrian 0.8683764338493347
399 15.3400 0.1025 cyclist 0.9297432899475098
399 13.4225 -0.1981 pedestrian 0.8545718193054199
400 15.3400 0.0709 cyclist 0.9189681112766266
400 13.2094 -0.1981 pedestrian 0.6823054552078247
401 15.3400 0.0709 cyclist 0.9280894994735718
401 13.2094 -0.1981 pedestrian 0.715658038854599
402 15.3400 0.0709 cyclist 0.9340271353721619
402 13.2094 -0.1981 pedestrian 0.7481659054756165
403 15.3400 0.0551 cyclist 0.9418369233608246
403 13.2094 -0.1981 pedestrian 0.7682882249355316
404 15.3400 0.0551 cyclist 0.9408356547355652
404 13.2094 -0.1821 pedestrian 0.7734419405460358
405 15.1269 0.0551 cyclist 0.9331685602664948
405 13.2094 -0.1821 pedestrian 0.7728037238121033
406 15.1269 0.0551 cyclist 0.9188572764396667
406 13.2094 -0.1821 pedestrian 0.7525186240673065
407 15.1269 0.0551 cyclist 0.8961070775985718
407 13.2094 -0.1821 pedestrian 0.717291533946991
408 12.9963 -0.1661 pedestrian 0.8063012063503265
408 15.1269 0.0551 cyclist 0.764472246170044
409 12.9963 -0.1502 pedestrian 0.8324429094791412
409 15.1269 0.0551 cyclist 0.7672412097454071
410 12.9963 -0.1502 pedestrian 0.8468760550022125
410 15.1269 0.0551 cyclist 0.7720581591129303
411 12.9963 -0.1502 pedestrian 0.8467155396938324
411 15.1269 0.0236 cyclist 0.7876717448234558
412 12.9963 -0.1502 pedestrian 0.8296753168106079
412 15.1269 0.0394 cyclist 0.7927627265453339
412 15.1269 0.0236 pedestrian 0.4024153333157301
413 12.9963 -0.1502 pedestrian 0.8191304504871368
413 15.1269 0.0394 cyclist 0.7802528738975525
413 14.9138 0.0079 pedestrian 0.4122436195611954
414 12.9963 -0.1502 pedestrian 0.8085605800151825
414 15.1269 0.0394 cyclist 0.7476289868354797
414 14.9138 0.0079 pedestrian 0.4323080778121948
415 12.9963 -0.1502 pedestrian 0.77899369597435
415 15.1269 0.0394 cyclist 0.7059168815612793
415 14.9138 0.0079 pedestrian 0.4529567062854767
416 12.9963 -0.1661 pedestrian 0.8160941898822784
416 15.1269 0.0236 cyclist 0.4853697866201401
416 15.1269 0.0079 pedestrian 0.4662554860115051
417 12.9963 -0.1502 pedestrian 0.8425496816635132
417 15.1269 0.0236 cyclist 0.5028449594974518
417 14.9138 0.0079 pedestrian 0.45104194432497025
418 12.9963 -0.1502 pedestrian 0.8687657415866852
418 15.1269 0.0236 cyclist 0.5248664319515228
418 14.9138 0.0079 pedestrian 0.44412487372756004
419 12.9963 -0.1502 pedestrian 0.8839702606201172
419 15.1269 0.0236 cyclist 0.5370306670665741
419 14.9138 0.0079 pedestrian 0.437197208404541
420 12.9963 -0.1502 pedestrian 0.891782134771347
420 15.1269 0.0236 cyclist 0.5415162444114685
420 14.9138 0.0079 pedestrian 0.42678822949528694
421 12.7833 -0.1502 pedestrian 0.891236811876297
421 14.9138 0.0236 cyclist 0.5473490208387375
421 14.9138 0.0079 pedestrian 0.4185597859323025
422 12.7833 -0.1502 pedestrian 0.885272741317749
422 14.9138 0.0236 cyclist 0.5304741412401199
422 14.9138 -0.0079 pedestrian 0.41234022937715054
423 12.7833 -0.1502 pedestrian 0.8671260476112366
423 14.9138 0.0079 cyclist 0.5096616297960281
424 14.9138 -0.0079 cyclist 0.8232444524765015
424 12.7833 -0.1502 pedestrian 0.7013767063617706
425 14.9138 -0.0236 cyclist 0.8436029553413391
425 12.7833 -0.1502 pedestrian 0.7400257289409637
426 14.9138 -0.0236 cyclist 0.8465156853199005
426 12.7833 -0.1343 pedestrian 0.7648877203464508
427 14.9138 -0.0236 cyclist 0.8435268700122833
427 12.7833 -0.1343 pedestrian 0.7795289754867554
428 14.9138 -0.0236 cyclist 0.8312303423881531
428 12.7833 -0.1343 pedestrian 0.7846653163433075
429 14.9138 -0.0236 cyclist 0.8161550760269165
429 12.7833 -0.1184 pedestrian 0.7858594357967377
430 14.9138 -0.0236 cyclist 0.7882665693759918
430 12.7833 -0.1184 pedestrian 0.776093065738678
431 12.5702 -0.1184 pedestrian 0.765922486782074
431 14.7008 -0.0236 cyclist 0.7630027532577515
432 14.9138 -0.0709 cyclist 0.9316729307174683
432 12.5702 -0.0867 pedestrian 0.8054559826850891
433 14.9138 -0.0709 cyclist 0.9410338699817657
433 12.5702 -0.0867 pedestrian 0.8393607437610626
434 14.9138 -0.0709 cyclist 0.946696013212204
434 12.5702 -0.0867 pedestrian 0.860527902841568
435 14.9138 -0.0709 cyclist 0.9520266354084015
435 12.5702 -0.0867 pedestrian 0.8700346946716309
436 14.9138 -0.0709 cyclist 0.9499838650226593
436 12.5702 -0.0867 pedestrian 0.8648419380187988
437 14.7008 -0.0867 cyclist 0.94430211186409
437 12.5702 -0.0867 pedestrian 0.8565508723258972
438 14.7008 -0.0867 cyclist 0.9324997067451477
438 12.5702 -0.0867 pedestrian 0.8475033640861511
439 14.7008 -0.0867 cyclist 0.9169384837150574
439 12.5702 -0.0867 pedestrian 0.8329497873783112
440 12.5702 -0.0551 pedestrian 0.8679713308811188
440 14.7008 -0.0551 cyclist 0.7689362466335297
441 12.5702 -0.0551 pedestrian 0.8766967356204987
441 14.7008 -0.0551 cyclist 0.7623998820781708
442 12.5702 -0.0551 pedestrian 0.8807190954685211
442 14.7008 -0.0551 cyclist 0.7612374126911163
443 12.5702 -0.0551 pedestrian 0.8800060451030731
443 14.7008 -0.0709 cyclist 0.7701586782932281
444 12.5702 -0.0551 pedestrian 0.8755774796009064
444 14.7008 -0.0551 cyclist 0.7726412713527679
445 12.5702 -0.0394 pedestrian 0.8742879629135132
445 14.7008 -0.0551 cyclist 0.7473138570785522
446 12.5702 -0.0394 pedestrian 0.874829113483429
446 14.7008 -0.0551 cyclist 0.6966003775596619
447 12.5702 -0.0394 pedestrian 0.8686318397521973
447 14.7008 -0.0551 cyclist 0.6237070262432098
448 14.9138 -0.0394 cyclist 0.7080558240413666
448 12.5702 -0.0236 pedestrian 0.6939516961574554
449 12.5702 -0.0236 pedestrian 0.7449568808078766
449 14.9138 -0.0394 cyclist 0.7262387573719025
450 12.5702 -0.0236 pedestrian 0.7847908735275269
450 14.7008 -0.0551 cyclist 0.7403627038002014
451 12.5702 -0.0079 pedestrian 0.8154879808425903
451 14.7008 -0.0551 cyclist 0.7500665187835693
452 12.5702 -0.0079 pedestrian 0.8369664549827576
452 14.7008 -0.0551 cyclist 0.7328655123710632
453 12.5702 -0.0079 pedestrian 0.8526359498500824
453 14.7008 -0.0551 cyclist 0.7021506130695343
454 12.5702 0.0079 pedestrian 0.8489177823066711
454 14.7008 -0.0551 cyclist 0.6626057028770447
455 12.5702 0.0079 pedestrian 0.8381428420543671
455 14.7008 -0.0551 cyclist 0.6294557750225067
456 14.9138 -0.0709 cyclist 0.8878580629825592
456 12.3572 0.0079 pedestrian 0.7685094475746155
457 14.9138 -0.0709 cyclist 0.8951590061187744
457 12.3572 0.0079 pedestrian 0.7876602709293365
458 14.9138 -0.0709 cyclist 0.8986761271953583
458 12.3572 0.0079 pedestrian 0.791924387216568
459 14.9138 -0.0709 cyclist 0.9023257195949554
459 12.3572 0.0079 pedestrian 0.7827044427394867
460 14.9138 -0.0709 cyclist 0.8974692821502686
460 12.5702 0.0236 pedestrian 0.7681419551372528
461 14.9138 -0.0709 cyclist 0.8822982311248779
461 12.5702 0.0236 pedestrian 0.7535737156867981
462 14.9138 -0.0709 cyclist 0.852413147687912
462 12.5702 0.0236 pedestrian 0.7347528040409088
463 14.9138 -0.0709 cyclist 0.8130978345870972
463 12.5702 0.0236 pedestrian 0.6980407238006592
464 12.3572 0.0394 pedestrian 0.8517173230648041
464 14.9138 -0.0867 cyclist 0.7137676775455475
465 12.3572 0.0394 pedestrian 0.8625737726688385
465 14.9138 -0.0867 cyclist 0.6803343147039413
466 12.3572 0.0394 pedestrian 0.8675453364849091
466 14.9138 -0.0867 cyclist 0.6477685123682022
467 12.3572 0.0394 pedestrian 0.8695442378520966
467 14.7008 -0.0867 cyclist 0.6304459422826767
468 12.3572 0.0394 pedestrian 0.866483062505722
468 14.7008 -0.0867 cyclist 0.6099131405353546
469 12.3572 0.0394 pedestrian 0.8667582869529724
469 14.7008 -0.0867 cyclist 0.5539234280586243
470 12.3572 0.0394 pedestrian 0.8636604249477386
470 14.7008 -0.0867 cyclist 0.47201403975486755
471 12.3572 0.0394 pedestrian 0.8487805426120758
472 12.3572 0.0709 pedestrian 0.8893208503723145
472 14.9138 -0.1502 pedestrian 0.7500537633895874
473 12.3572 0.0709 pedestrian 0.9022902548313141
473 14.9138 -0.1502 pedestrian 0.7445749342441559
474 12.3572 0.0709 pedestrian 0.9102237224578857
474 14.9138 -0.1502 pedestrian 0.7292430400848389
475 12.3572 0.0709 pedestrian 0.913822203874588
475 14.7008 -0.1502 pedestrian 0.7077363431453705
476 12.5702 0.0709 pedestrian 0.9220600724220276
476 14.7008 -0.1502 pedestrian 0.7018356025218964
477 12.5702 0.0709 pedestrian 0.9281121790409088
477 14.7008 -0.1502 pedestrian 0.6958762407302856
478 12.5702 0.0709 pedestrian 0.9294478893280029
478 14.7008 -0.1502 pedestrian 0.6811028122901917
479 12.5702 0.0709 pedestrian 0.9250198304653168
479 14.7008 -0.1502 pedestrian 0.6488070040941238
480 12.5702 0.0867 pedestrian 0.8955301344394684
480 14.7008 -0.1502 cyclist 0.7617573440074921
481 12.5702 0.0867 pedestrian 0.9122557938098907
481 14.7008 -0.1661 cyclist 0.7694007158279419
482 12.5702 0.0867 pedestrian 0.9256332516670227
482 14.7008 -0.1661 cyclist 0.7679100632667542
483 12.5702 0.0867 pedestrian 0.9330774247646332
483 14.4877 -0.1661 cyclist 0.7658062875270844
484 12.5702 0.0867 pedestrian 0.9372090697288513
484 14.4877 -0.1661 cyclist 0.7562370598316193
485 12.7833 0.0867 pedestrian 0.9402933716773987
485 14.4877 -0.1821 cyclist 0.7501634359359741
486 12.7833 0.0867 pedestrian 0.9407354295253754
486 14.4877 -0.1821 cyclist 0.7411845028400421
487 12.7833 0.0867 pedestrian 0.9343200623989105
487 14.4877 -0.1821 cyclist 0.7384099960327148
488 14.4877 -0.1981 cyclist 0.9336937963962555
488 12.7833 0.0867 pedestrian 0.9195496737957001
489 14.2747 -0.1981 cyclist 0.9354220330715179
489 12.7833 0.0867 pedestrian 0.9304589033126831
490 12.7833 0.0867 pedestrian 0.9381508231163025
490 14.2747 -0.1981 cyclist 0.9343914091587067
491 12.7833 0.0867 pedestrian 0.9412937164306641
491 14.2747 -0.1981 cyclist 0.9327229559421539
492 12.7833 0.0867 pedestrian 0.9422186017036438
492 14.2747 -0.1981 cyclist 0.9264206290245056
493 12.7833 0.1025 pedestrian 0.9419837296009064
493 14.2747 -0.1981 cyclist 0.9176427721977234
494 12.7833 0.1025 pedestrian 0.9388825297355652
494 14.2747 -0.1981 cyclist 0.9027177095413208
495 12.7833 0.1025 pedestrian 0.9307074248790741
495 14.2747 -0.1981 cyclist 0.8883749842643738
496 12.9963 0.1025 pedestrian 0.8997950553894043
496 14.2747 -0.2142 cyclist 0.5360518768429756
496 14.2747 -0.1821 pedestrian 0.45936527103185654
497 12.9963 0.1025 pedestrian 0.9119385182857513
497 14.2747 -0.2142 cyclist 0.5193608552217484
497 14.2747 -0.1821 pedestrian 0.49003929644823074
498 12.9963 0.1025 pedestrian 0.922913670539856
498 14.2747 -0.1821 pedestrian 0.5185426324605942
498 14.2747 -0.2304 cyclist 0.5103810802102089
499 12.9963 0.1025 pedestrian 0.9318054616451263
499 14.2747 -0.1821 pedestrian 0.5503501147031784
499 14.2747 -0.2304 cyclist 0.5105274692177773
500 12.9963 0.1025 pedestrian 0.9378913342952728
500 14.2747 -0.1821 pedestrian 0.5863282382488251
500 14.0616 -0.2629 cyclist 0.5181174650788307
501 12.9963 0.1025 pedestrian 0.9394243657588959
501 14.2747 -0.1821 pedestrian 0.6273107975721359
501 14.0616 -0.2629 cyclist 0.5201950371265411
502 12.9963 0.1025 pedestrian 0.9362594187259674
502 14.2747 -0.1821 pedestrian 0.6699258834123611
502 14.0616 -0.2629 cyclist 0.4976450651884079
503 12.9963 0.1025 pedestrian 0.9264284670352936
503 14.2747 -0.1821 pedestrian 0.6972909271717072
503 13.8486 -0.2629 cyclist 0.45374783873558044
504 12.9963 0.1025 pedestrian 0.6945775598287582
504 14.2747 -0.1821 pedestrian 0.4457467207685113
505 12.9963 0.1025 pedestrian 0.7156224846839905
505 14.2747 -0.1821 pedestrian 0.4314526077359915
506 12.9963 0.1025 pedestrian 0.7452633678913116
506 14.2747 -0.1821 pedestrian 0.40952271595597267
507 12.9963 0.1184 pedestrian 0.775075227022171
508 12.9963 0.1184 pedestrian 0.801194429397583
509 12.9963 0.1184 pedestrian 0.8119049966335297
510 12.9963 0.1184 pedestrian 0.7964233458042145
511 13.2094 0.1025 pedestrian 0.7511888742446899
512 13.2094 0.1184 pedestrian 0.6799550652503967
512 13.6355 -0.2466 cyclist 0.604100301861763
513 13.2094 0.1184 pedestrian 0.6890963017940521
513 13.4225 -0.2466 cyclist 0.6378487944602966
514 13.2094 0.1184 pedestrian 0.6651389002799988
514 13.4225 -0.2629 cyclist 0.6316447705030441
515 13.2094 0.1343 pedestrian 0.6221588253974915
515 13.2094 -0.2792 cyclist 0.6050681173801422
516 13.2094 -0.2792 cyclist 0.5927525013685226
516 13.2094 0.1343 pedestrian 0.5841602385044098
517 13.2094 -0.2792 cyclist 0.5667419284582138
517 13.2094 0.1343 pedestrian 0.5538343638181686
518 13.2094 -0.2629 cyclist 0.5283329784870148
518 13.2094 0.1343 pedestrian 0.5185211077332497
519 13.2094 -0.2466 cyclist 0.5120495781302452
519 13.4225 0.1661 pedestrian 0.48707297071814537
520 12.7833 -0.2304 cyclist 0.848800390958786
520 13.4225 0.1821 pedestrian 0.8441077768802643
521 13.4225 0.1821 pedestrian 0.8735794126987457
521 12.7833 -0.2304 cyclist 0.8662052154541016
522 13.4225 0.1821 pedestrian 0.8922070264816284
522 12.7833 -0.2304 cyclist 0.8680030703544617
523 13.4225 0.1821 pedestrian 0.8998569250106812
523 12.7833 -0.2304 cyclist 0.8659651577472687
524 13.4225 0.1821 pedestrian 0.9004288911819458
524 12.7833 -0.2304 cyclist 0.8601665198802948
525 13.4225 0.1821 pedestrian 0.8961822390556335
525 12.7833 -0.2304 cyclist 0.8554379940032959
526 13.4225 0.1821 pedestrian 0.8839495778083801
526 12.7833 -0.2142 cyclist 0.8510296642780304
527 13.4225 0.1821 pedestrian 0.8621700704097748
527 12.7833 -0.2304 cyclist 0.8466232419013977
528 12.7833 -0.2142 cyclist 0.8611283004283905
528 13.4225 0.1821 pedestrian 0.8419904410839081
529 12.5702 -0.2304 cyclist 0.886822372674942
529 13.4225 0.1821 pedestrian 0.8547301292419434
530 12.5702 -0.2304 cyclist 0.8978331685066223
530 13.4225 0.1821 pedestrian 0.8642204701900482
531 12.5702 -0.2304 cyclist 0.9028286635875702
531 13.4225 0.1821 pedestrian 0.8686119914054871
532 12.5702 -0.2304 cyclist 0.9031955599784851
532 13.6355 0.1821 pedestrian 0.8634947538375854
533 12.5702 -0.2304 cyclist 0.8988262414932251
533 13.6355 0.1981 pedestrian 0.8580390214920044
534 12.3572 -0.2142 cyclist 0.8840397000312805
534 13.6355 0.1981 pedestrian 0.8554745018482208
535 12.3572 -0.2142 cyclist 0.8670737147331238
535 13.6355 0.1981 pedestrian 0.8485545217990875
536 12.3572 -0.1981 cyclist 0.8802338242530823
536 13.6355 0.1981 pedestrian 0.7207711935043335
537 12.3572 -0.1981 cyclist 0.8931800127029419
537 13.6355 0.1981 pedestrian 0.7564677000045776
538 12.3572 -0.1981 cyclist 0.8994176387786865
538 13.6355 0.1981 pedestrian 0.7759480476379395
539 12.3572 -0.1981 cyclist 0.905015766620636
539 13.6355 0.2142 pedestrian 0.7927384972572327
540 12.1441 -0.1981 cyclist 0.911594420671463
540 13.6355 0.2142 pedestrian 0.8021782636642456
541 12.1441 -0.1981 cyclist 0.9147642254829407
541 13.6355 0.2142 pedestrian 0.8065242767333984
542 12.1441 -0.1981 cyclist 0.9110081493854523
542 13.6355 0.2142 pedestrian 0.7888658046722412
543 12.1441 -0.1981 cyclist 0.9023247361183167
543 13.8486 0.2142 pedestrian 0.7522092163562775
544 12.1441 -0.1661 cyclist 0.8768605589866638
544 13.6355 0.2142 pedestrian 0.7427434027194977
545 11.9311 -0.1661 cyclist 0.8917891681194305
545 13.6355 0.2142 pedestrian 0.7553820013999939
546 11.9311 -0.1661 cyclist 0.8985520899295807
546 13.8486 0.2142 pedestrian 0.7637816667556763
547 11.9311 -0.1661 cyclist 0.9040817320346832
547 13.8486 0.2142 pedestrian 0.7741417586803436
548 11.9311 -0.1661 cyclist 0.9011059701442719
548 13.8486 0.2304 pedestrian 0.7915309965610504
549 11.9311 -0.1502 cyclist 0.8963207602500916
549 13.8486 0.2304 pedestrian 0.8042058944702148
550 11.9311 -0.1502 cyclist 0.8835976421833038
550 13.8486 0.2304 pedestrian 0.8001900613307953
551 11.9311 -0.1502 cyclist 0.8644233345985413
551 13.8486 0.2304 pedestrian 0.7747817039489746
552 11.7180 -0.1502 cyclist 0.8509532511234283
552 13.8486 0.2304 pedestrian 0.42596239782869816
553 11.7180 -0.1502 cyclist 0.8716838955879211
553 13.8486 0.2304 pedestrian 0.41897913068532944
554 11.7180 -0.1502 cyclist 0.8846805095672607
554 14.0616 0.2304 pedestrian 0.42408364452421665
555 11.7180 -0.1343 cyclist 0.8962942361831665
555 14.0616 0.2304 pedestrian 0.43110302835702896
556 11.7180 -0.1343 cyclist 0.9007349610328674
556 14.0616 0.2304 pedestrian 0.4404668100178242
557 11.7180 -0.1343 cyclist 0.8983498215675354
557 14.0616 0.2304 pedestrian 0.4428633712232113
558 11.7180 -0.1343 cyclist 0.888131320476532
558 14.0616 0.2304 pedestrian 0.4386620745062828
559 11.7180 -0.1343 cyclist 0.8728417754173279
559 14.0616 0.2304 pedestrian 0.4300110638141632
560 11.7180 -0.1184 cyclist 0.6062598526477814
560 11.7180 -0.1184 pedestrian 0.515312910079956
560 14.0616 0.2304 pedestrian 0.4750526025891304
561 11.7180 -0.1184 cyclist 0.5658660680055618
561 11.7180 -0.1184 pedestrian 0.5423509776592255
561 14.0616 0.2304 pedestrian 0.4910285919904709
562 11.7180 -0.1025 pedestrian 0.5610976368188858
562 11.7180 -0.1184 cyclist 0.5370749980211258
562 14.2747 0.2304 pedestrian 0.5101736932992935
563 11.7180 -0.1025 pedestrian 0.5739479511976242
563 14.2747 0.2304 pedestrian 0.5364659130573273
563 11.7180 -0.1184 cyclist 0.5231153815984726
564 11.7180 -0.1025 pedestrian 0.5940950363874435
564 14.2747 0.2304 pedestrian 0.5799847841262817
564 11.7180 -0.1184 cyclist 0.5126300379633904
565 14.2747 0.2304 pedestrian 0.6436837762594223
565 11.7180 -0.1025 pedestrian 0.6034043729305267
565 11.7180 -0.1184 cyclist 0.4934762269258499
566 14.2747 0.2304 pedestrian 0.701506495475769
566 11.7180 -0.1025 pedestrian 0.6152288168668747
566 11.7180 -0.1184 cyclist 0.46369394287467003
567 14.2747 0.2304 pedestrian 0.7380196452140808
567 11.7180 -0.0867 pedestrian 0.6323276460170746
567 11.7180 -0.1184 cyclist 0.4374214969575405
568 11.7180 -0.0867 pedestrian 0.8703086078166962
568 14.2747 0.2304 pedestrian 0.8280288875102997
569 11.7180 -0.0867 pedestrian 0.8630674183368683
569 14.2747 0.2142 pedestrian 0.8425770998001099
570 14.2747 0.2142 pedestrian 0.8506651222705841
570 11.7180 -0.0867 pedestrian 0.8464205861091614
571 14.2747 0.2142 pedestrian 0.8510520160198212
571 11.7180 -0.0867 pedestrian 0.8103031516075134
572 14.2747 0.2142 pedestrian 0.853911429643631
572 11.7180 -0.0867 pedestrian 0.767707884311676
573 14.4877 0.2142 pedestrian 0.8654492795467377
573 11.7180 -0.0867 pedestrian 0.7160470187664032
574 14.4877 0.2142 pedestrian 0.8706228733062744
574 11.7180 -0.0867 pedestrian 0.6695320010185242
575 14.4877 0.2142 pedestrian 0.8621231615543365
575 11.7180 -0.0867 pedestrian 0.6317006796598434
576 14.4877 0.2142 pedestrian 0.8628940284252167
576 11.5050 0.0236 cyclist 0.823438823223114
577 14.4877 0.2142 pedestrian 0.8765692114830017
577 11.5050 0.0236 cyclist 0.85364630818367
578 14.4877 0.2142 pedestrian 0.880380243062973
578 11.5050 0.0236 cyclist 0.8734389841556549
579 11.5050 0.0236 cyclist 0.8900772333145142
579 14.4877 0.2142 pedestrian 0.8792310953140259
580 11.5050 0.0236 cyclist 0.8974809348583221
580 14.4877 0.2142 pedestrian 0.8803955018520355
581 11.5050 0.0394 cyclist 0.9010268151760101
581 14.7008 0.2142 pedestrian 0.8766019344329834
582 11.5050 0.0394 cyclist 0.9043777883052826
582 14.7008 0.2142 pedestrian 0.8720865547657013
583 11.5050 0.0394 cyclist 0.89824178814888
583 14.7008 0.2142 pedestrian 0.8561811149120331
584 11.5050 0.0551 cyclist 0.9277889430522919
584 14.7008 0.1821 pedestrian 0.8461418747901917
585 11.5050 0.0551 cyclist 0.9303346574306488
585 14.7008 0.1821 pedestrian 0.8626195788383484
586 11.5050 0.0551 cyclist 0.9305268228054047
586 14.7008 0.1821 pedestrian 0.8743171393871307
587 11.5050 0.0551 cyclist 0.9301310479640961
587 14.7008 0.1821 pedestrian 0.8781888484954834
588 11.5050 0.0551 cyclist 0.9225695431232452
588 14.7008 0.1821 pedestrian 0.8801979720592499
589 11.5050 0.0551 cyclist 0.9091951251029968
589 14.7008 0.1821 pedestrian 0.8842997848987579
590 11.5050 0.0709 cyclist 0.893700510263443
590 14.7008 0.1821 pedestrian 0.8797041177749634
591 11.5050 0.0709 cyclist 0.8671644628047943
591 14.7008 0.1661 pedestrian 0.8641066253185272
592 14.7008 0.1661 pedestrian 0.8852474689483643
592 11.5050 0.0709 cyclist 0.8294277191162109
593 14.7008 0.1661 pedestrian 0.8933462500572205
593 11.5050 0.0709 cyclist 0.8522886037826538
594 14.7008 0.1661 pedestrian 0.8959321677684784
594 11.2919 0.0709 cyclist 0.863616019487381
595 14.7008 0.1661 pedestrian 0.8940073847770691
595 11.2919 0.0551 cyclist 0.8745632767677307
596 14.7008 0.1661 pedestrian 0.8905431628227234
596 11.2919 0.0709 cyclist 0.8711399734020233
597 14.7008 0.1661 pedestrian 0.8875749707221985
597 11.2919 0.0709 cyclist 0.8684861660003662
598 14.7008 0.1502 pedestrian 0.8827970027923584
598 11.2919 0.0709 cyclist 0.8585793972015381
599 14.7008 0.1502 pedestrian 0.8733350038528442
599 11.2919 0.0709 cyclist 0.8381911516189575
600 11.2919 0.0867 cyclist 0.9204989671707153
600 14.7008 0.1502 pedestrian 0.8376714289188385
601 11.2919 0.0867 cyclist 0.9293555021286011
601 14.7008 0.1502 pedestrian 0.8517674505710602
602 11.2919 0.0867 cyclist 0.9353850483894348
602 14.7008 0.1502 pedestrian 0.8583948016166687
603 11.2919 0.0867 cyclist 0.9394387900829315
603 14.7008 0.1343 pedestrian 0.8596328496932983
604 11.2919 0.1025 cyclist 0.9387752115726471
604 14.7008 0.1343 pedestrian 0.8623305559158325
605 11.2919 0.1025 cyclist 0.9382526278495789
605 14.7008 0.1343 pedestrian 0.8617635667324066
606 11.2919 0.1025 cyclist 0.9351882338523865
606 14.7008 0.1343 pedestrian 0.8537904918193817
607 11.2919 0.1025 cyclist 0.9280622601509094
607 14.7008 0.1343 pedestrian 0.8302426934242249
608 11.2919 0.1184 cyclist 0.9436751008033752
608 14.7008 0.1343 pedestrian 0.7240132093429565
609 11.2919 0.1184 cyclist 0.948833703994751
609 14.7008 0.1343 pedestrian 0.7551123797893524
610 11.2919 0.1184 cyclist 0.9521307647228241
610 14.7008 0.1343 pedestrian 0.7678771913051605
611 11.2919 0.1184 cyclist 0.9543474614620209
611 14.7008 0.1343 pedestrian 0.7578843235969543
612 11.2919 0.1343 cyclist 0.9512178599834442
612 14.7008 0.1343 pedestrian 0.7588723301887512
613 11.2919 0.1343 cyclist 0.9461052417755127
613 14.7008 0.1184 pedestrian 0.772780567407608
614 11.2919 0.1343 cyclist 0.9392052292823792
614 14.7008 0.1184 pedestrian 0.7589786350727081
615 11.2919 0.1343 cyclist 0.9286965429782867
615 14.7008 0.1184 pedestrian 0.7062623798847198
616 11.0789 0.1502 cyclist 0.9328464269638062
616 14.7008 0.1025 pedestrian 0.8511458933353424
617 11.0789 0.1502 cyclist 0.939032256603241
617 14.7008 0.0867 pedestrian 0.8708831667900085
618 11.0789 0.1661 cyclist 0.9435526430606842
618 14.7008 0.0867 pedestrian 0.8866638541221619
619 11.0789 0.1661 cyclist 0.9485454559326172
619 14.7008 0.0867 pedestrian 0.8981995284557343
620 11.0789 0.1661 cyclist 0.9483359754085541
620 14.7008 0.0867 pedestrian 0.9101347029209137
621 11.0789 0.1661 cyclist 0.9475670754909515
621 14.7008 0.0867 pedestrian 0.9165801107883453
622 11.0789 0.1661 cyclist 0.9435646831989288
622 14.7008 0.0867 pedestrian 0.9142789840698242
623 11.0789 0.1821 cyclist 0.9349398016929626
623 14.7008 0.0867 pedestrian 0.9061335623264313
624 11.0789 0.1981 cyclist 0.95844566822052
624 14.7008 0.0867 pedestrian 0.8564498424530029
625 11.0789 0.1981 cyclist 0.963124543428421
625 14.7008 0.0867 pedestrian 0.8695658445358276
626 11.0789 0.1981 cyclist 0.9669773280620575
626 14.7008 0.0867 pedestrian 0.8771997094154358
627 11.0789 0.1981 cyclist 0.9694513380527496
627 14.7008 0.0867 pedestrian 0.8834681212902069
628 11.0789 0.1981 cyclist 0.9673808515071869
628 14.7008 0.0867 pedestrian 0.8909900188446045
629 11.0789 0.1981 cyclist 0.964240550994873
629 14.7008 0.0709 pedestrian 0.8952566981315613
630 11.0789 0.1981 cyclist 0.9584154486656189
630 14.7008 0.0709 pedestrian 0.8933306038379669
631 11.0789 0.1981 cyclist 0.9485377073287964
631 14.7008 0.0709 pedestrian 0.8828461170196533
632 11.2919 0.1821 cyclist 0.9506356120109558
632 14.4877 0.0709 pedestrian 0.8823563754558563
633 11.2919 0.1981 cyclist 0.9547722935676575
633 14.4877 0.0709 pedestrian 0.8961992859840393
634 11.2919 0.1821 cyclist 0.9572955071926117
634 14.4877 0.0709 pedestrian 0.9043508172035217
635 11.2919 0.1981 cyclist 0.9599580764770508
635 14.4877 0.0709 pedestrian 0.9091094136238098
636 11.2919 0.1981 cyclist 0.9581451714038849
636 14.4877 0.0709 pedestrian 0.9130224883556366
637 11.2919 0.1981 cyclist 0.9539129734039307
637 14.4877 0.0709 pedestrian 0.9150795638561249
638 11.2919 0.1981 cyclist 0.9473667740821838
638 14.4877 0.0709 pedestrian 0.9127877056598663
639 11.2919 0.1981 cyclist 0.9372029900550842
639 14.4877 0.0551 pedestrian 0.9080452919006348
640 11.2919 0.1981 cyclist 0.9418187737464905
640 14.4877 0.0551 pedestrian 0.8779836893081665
641 11.2919 0.1981 cyclist 0.9463280737400055
641 14.4877 0.0551 pedestrian 0.8878543376922607
642 11.2919 0.2142 cyclist 0.9502032995223999
642 14.4877 0.0394 pedestrian 0.8948511481285095
643 11.2919 0.2142 cyclist 0.9529842436313629
643 14.4877 0.0394 pedestrian 0.9009182453155518
644 11.2919 0.2304 cyclist 0.9511160254478455
644 14.4877 0.0394 pedestrian 0.907567024230957
645 11.2919 0.2304 cyclist 0.9487752914428711
645 14.4877 0.0394 pedestrian 0.9109949767589569
646 11.2919 0.2304 cyclist 0.9413968324661255
646 14.4877 0.0394 pedestrian 0.9102131724357605
647 11.2919 0.2304 cyclist 0.926720142364502
647 14.4877 0.0394 pedestrian 0.9045732617378235
648 11.2919 0.2466 cyclist 0.9459476470947266
648 14.4877 0.0236 pedestrian 0.903305321931839
649 11.2919 0.2466 cyclist 0.9497619867324829
649 14.4877 0.0236 pedestrian 0.9159486591815948
650 11.2919 0.2466 cyclist 0.9499009251594543
650 14.4877 0.0236 pedestrian 0.9242011904716492
651 11.5050 0.2629 cyclist 0.9518677294254303
651 14.4877 0.0236 pedestrian 0.9301458299160004
652 11.5050 0.2629 cyclist 0.9513773322105408
652 14.4877 0.0236 pedestrian 0.9336670637130737
653 11.5050 0.2629 cyclist 0.9507931172847748
653 14.4877 0.0236 pedestrian 0.9346612095832825
654 11.5050 0.2629 cyclist 0.9463072121143341
654 14.4877 0.0236 pedestrian 0.9336439073085785
655 11.5050 0.2629 cyclist 0.936389833688736
655 14.4877 0.0236 pedestrian 0.9289293885231018
656 11.7180 0.2956 cyclist 0.9340922236442566
656 14.2747 0.0236 pedestrian 0.9024504125118256
657 11.7180 0.2956 cyclist 0.9443573653697968
657 14.4877 0.0079 pedestrian 0.913050651550293
658 11.7180 0.2956 cyclist 0.9511393904685974
658 14.4877 0.0079 pedestrian 0.9218400120735168
659 11.7180 0.2956 cyclist 0.9535965919494629
659 14.4877 0.0079 pedestrian 0.9266248643398285
660 11.7180 0.2956 cyclist 0.9517439901828766
660 14.4877 0.0079 pedestrian 0.9291284084320068
661 11.7180 0.2956 cyclist 0.9495989978313446
661 14.4877 0.0079 pedestrian 0.9306844472885132
662 11.7180 0.3121 cyclist 0.9443917572498322
662 14.4877 0.0079 pedestrian 0.9306350350379944
663 11.9311 0.3121 cyclist 0.9367755055427551
663 14.4877 0.0079 pedestrian 0.9277431964874268
664 11.9311 0.3121 cyclist 0.9230804741382599
664 14.2747 -0.0079 pedestrian 0.9147496819496155
665 11.9311 0.3121 cyclist 0.9285418689250946
665 14.2747 -0.0079 pedestrian 0.9249882996082306
666 12.1441 0.3121 cyclist 0.9321312606334686
666 14.2747 -0.0079 pedestrian 0.9311120212078094
667 12.1441 0.3121 cyclist 0.9391603469848633
667 14.2747 -0.0079 pedestrian 0.9358236193656921
668 12.1441 0.3121 cyclist 0.9416511952877045
668 14.2747 -0.0079 pedestrian 0.9396086037158966
669 12.1441 0.3121 cyclist 0.9411179423332214
669 14.2747 -0.0079 pedestrian 0.9384257793426514
670 12.1441 0.3121 cyclist 0.9381261765956879
670 14.2747 -0.0236 pedestrian 0.934868574142456
671 14.2747 -0.0236 pedestrian 0.9306144416332245
671 12.1441 0.3121 cyclist 0.9303621649742126
672 12.1441 0.3287 cyclist 0.9056137502193451
672 14.2747 -0.0236 pedestrian 0.9002727568149567
673 12.3572 0.3287 cyclist 0.9203073978424072
673 14.2747 -0.0236 pedestrian 0.9090466201305389
674 12.3572 0.3287 cyclist 0.9255842566490173
674 14.4877 -0.0236 pedestrian 0.9171856343746185
675 12.3572 0.3287 cyclist 0.9241786897182465
675 14.4877 -0.0236 pedestrian 0.9210413098335266
676 14.4877 -0.0236 pedestrian 0.9237658679485321
676 12.3572 0.3121 cyclist 0.9166077375411987
677 14.4877 -0.0236 pedestrian 0.9225913882255554
677 12.3572 0.3121 cyclist 0.9052901864051819
678 14.4877 -0.0236 pedestrian 0.9176638424396515
678 12.5702 0.3121 cyclist 0.8867760002613068
679 14.4877 -0.0236 pedestrian 0.9061306715011597
679 12.5702 0.3121 cyclist 0.8539513647556305
680 12.5702 0.3287 cyclist 0.9478926956653595
680 14.4877 -0.0394 pedestrian 0.8902476727962494
681 12.5702 0.3287 cyclist 0.9498799741268158
681 14.4877 -0.0394 pedestrian 0.9030320048332214
682 12.5702 0.3287 cyclist 0.9479973316192627
682 14.4877 -0.0394 pedestrian 0.9083687961101532
683 12.5702 0.3287 cyclist 0.9443026185035706
683 14.4877 -0.0394 pedestrian 0.9092715978622437
684 12.7833 0.3287 cyclist 0.9384532272815704
684 14.7008 -0.0394 pedestrian 0.9125238358974457
685 12.7833 0.3287 cyclist 0.9339694380760193
685 14.7008 -0.0394 pedestrian 0.9156139194965363
686 12.7833 0.3287 cyclist 0.9257108569145203
686 14.7008 -0.0394 pedestrian 0.913495272397995
687 12.7833 0.3287 cyclist 0.9102043509483337
687 14.7008 -0.0394 pedestrian 0.9029376208782196
688 12.9963 0.3121 cyclist 0.9265868663787842
688 14.7008 -0.0551 pedestrian 0.8851318061351776
689 12.9963 0.3121 cyclist 0.9339275062084198
689 14.7008 -0.0551 pedestrian 0.891658753156662
690 12.9963 0.3121 cyclist 0.9344471991062164
690 14.7008 -0.0551 pedestrian 0.8919323086738586
691 13.2094 0.3121 cyclist 0.9318037927150726
691 14.7008 -0.0551 pedestrian 0.8869782090187073
692 13.2094 0.3121 cyclist 0.9296724796295166
692 14.7008 -0.0709 pedestrian 0.883958250284195
693 13.2094 0.3121 cyclist 0.9215336740016937
693 14.7008 -0.0709 pedestrian 0.8819413483142853
694 13.2094 0.3121 cyclist 0.9025911092758179
694 14.7008 -0.0709 pedestrian 0.8725876808166504
695 13.2094 0.3121 cyclist 0.8783192932605743
695 14.7008 -0.0709 pedestrian 0.8510918617248535
696 14.9138 -0.0867 pedestrian 0.8470760583877563
696 13.2094 0.3287 cyclist 0.6792473793029785
696 13.6355 0.2792 car 0.47365133464336395
697 14.9138 -0.0867 pedestrian 0.8672727644443512
697 13.2094 0.3287 cyclist 0.6725296378135681
697 13.6355 0.2792 car 0.4893105700612068
698 14.9138 -0.0867 pedestrian 0.8782329857349396
698 13.2094 0.3287 cyclist 0.6814651191234589
698 13.6355 0.2792 car 0.4975871816277504
699 14.9138 -0.0867 pedestrian 0.8816024363040924
699 13.2094 0.3121 cyclist 0.6991790384054184
699 13.6355 0.2792 car 0.5037482604384422
700 14.9138 -0.0867 pedestrian 0.8859522938728333
700 13.2094 0.3121 cyclist 0.6918469369411469
700 13.6355 0.2792 car 0.5178263783454895
701 14.9138 -0.0867 pedestrian 0.8870572447776794
701 13.2094 0.3121 cyclist 0.693029910326004
701 13.6355 0.2792 car 0.5160522609949112
702 14.9138 -0.0867 pedestrian 0.8803466856479645
702 13.2094 0.3121 cyclist 0.6711564660072327
702 13.6355 0.2792 car 0.5047343224287033
703 15.1269 -0.0867 pedestrian 0.8777701556682587
703 13.2094 0.3454 cyclist 0.6287099868059158
703 13.6355 0.2792 car 0.4898160248994827
704 15.1269 -0.1025 pedestrian 0.8805965781211853
704 13.6355 0.2792 car 0.7377355098724365
705 15.1269 -0.1025 pedestrian 0.8958422541618347
705 13.6355 0.2792 car 0.7431068420410156
706 15.1269 -0.1025 pedestrian 0.9035404026508331
706 13.6355 0.2792 car 0.7410022020339966
707 15.1269 -0.1025 pedestrian 0.9059754312038422
707 13.8486 0.2792 car 0.7328244149684906
708 15.1269 -0.1025 pedestrian 0.9064311981201172
708 13.8486 0.2792 car 0.7329522371292114
709 15.1269 -0.1025 pedestrian 0.9037207365036011
709 13.8486 0.2792 car 0.7298242747783661
710 15.3400 -0.1025 pedestrian 0.8951443135738373
710 13.8486 0.2466 car 0.7128944396972656
711 15.3400 -0.1025 pedestrian 0.883533775806427
711 13.8486 0.2466 car 0.6891151964664459
712 15.3400 -0.1184 pedestrian 0.8811838924884796
712 13.8486 0.2304 car 0.5874527990818024
713 15.3400 -0.1184 pedestrian 0.8953413963317871
713 13.8486 0.2304 car 0.5762156248092651
714 15.3400 -0.1184 pedestrian 0.9015635550022125
714 13.8486 0.2304 car 0.5513389408588409
715 15.3400 -0.1025 pedestrian 0.9001180529594421
715 14.0616 0.2142 car 0.5305844843387604
716 15.3400 -0.1025 pedestrian 0.8965806365013123
716 14.0616 0.2142 car 0.5344114452600479
717 15.5530 -0.1025 pedestrian 0.8961487114429474
717 14.0616 0.2142 car 0.5410108417272568
717 14.2747 0.2792 cyclist 0.4139709062874317
718 15.5530 -0.1025 pedestrian 0.8971923887729645
718 14.0616 0.2142 car 0.5302760004997253
718 14.2747 0.2792 cyclist 0.43806125223636627
719 15.5530 -0.1184 pedestrian 0.8918331265449524
719 14.0616 0.2142 car 0.5028736889362335
719 14.2747 0.2792 cyclist 0.46019984036684036
720 15.5530 -0.1184 pedestrian 0.8711183667182922
720 14.2747 0.2466 cyclist 0.8624806702136993
721 15.7661 -0.1184 pedestrian 0.8779451251029968
721 14.2747 0.2466 cyclist 0.8745434880256653
722 15.7661 -0.1184 pedestrian 0.8900765776634216
722 14.2747 0.2466 cyclist 0.8780737519264221
723 15.7661 -0.1184 pedestrian 0.8981078565120697
723 14.2747 0.2466 cyclist 0.8837293684482574
724 15.7661 -0.1184 pedestrian 0.9067527651786804
724 14.2747 0.2466 cyclist 0.8801242113113403
725 15.7661 -0.1184 pedestrian 0.9118024408817291
725 14.2747 0.2466 cyclist 0.8782378137111664
726 15.7661 -0.1184 pedestrian 0.9110404253005981
726 14.2747 0.2466 cyclist 0.864905834197998
727 15.7661 -0.1184 pedestrian 0.9055637121200562
727 14.2747 0.2466 cyclist 0.8525625169277191
728 14.2747 0.2142 cyclist 0.8883937299251556
728 15.9791 -0.1184 pedestrian 0.8645186424255371
729 14.2747 0.2142 cyclist 0.9043689668178558
729 15.9791 -0.1184 pedestrian 0.8940035104751587
730 15.9791 -0.1184 pedestrian 0.9141883552074432
730 14.2747 0.2142 cyclist 0.909625917673111
731 15.9791 -0.1184 pedestrian 0.925843358039856
731 14.2747 0.2142 cyclist 0.9125229120254517
732 15.9791 -0.1184 pedestrian 0.931321382522583
732 14.2747 0.2142 cyclist 0.9089936017990112
733 15.9791 -0.1184 pedestrian 0.931024432182312
733 14.2747 0.2142 cyclist 0.9018987715244293
734 15.9791 -0.1184 pedestrian 0.9261278212070465
734 14.2747 0.2142 cyclist 0.8892912566661835
735 15.9791 -0.1184 pedestrian 0.9158848524093628
735 14.2747 0.2142 cyclist 0.8749066591262817
736 14.2747 0.1821 cyclist 0.886099249124527
736 16.1922 -0.1184 pedestrian 0.8860789239406586
737 16.1922 -0.1184 pedestrian 0.8989364206790924
737 14.2747 0.1821 cyclist 0.8922485411167145
738 16.1922 -0.1184 pedestrian 0.902169793844223
738 14.2747 0.1821 cyclist 0.900467574596405
739 14.2747 0.1821 cyclist 0.9110130667686462
739 16.1922 -0.1184 pedestrian 0.898216962814331
740 14.2747 0.1821 cyclist 0.9112754762172699
740 16.4052 -0.1184 pedestrian 0.8913608491420746
741 14.2747 0.1821 cyclist 0.9095677137374878
741 16.4052 -0.1184 pedestrian 0.8883518576622009
742 14.2747 0.1821 cyclist 0.9027246236801147
742 16.4052 -0.1184 pedestrian 0.8767500817775726
743 14.2747 0.1661 cyclist 0.8931630551815033
743 16.4052 -0.1184 pedestrian 0.8448364734649658
744 14.2747 0.1821 cyclist 0.8142642080783844
744 16.4052 -0.1025 pedestrian 0.7342245280742645
745 14.2747 0.1821 cyclist 0.8139408826828003
745 16.6183 -0.1025 pedestrian 0.7575209140777588
746 14.2747 0.1661 cyclist 0.8104293048381805
746 16.6183 -0.1025 pedestrian 0.7609557509422302
747 14.2747 0.1502 cyclist 0.8178658187389374
747 16.6183 -0.1025 pedestrian 0.7421275973320007
748 14.2747 0.1502 cyclist 0.8100067675113678
748 16.6183 -0.1025 pedestrian 0.7335054874420166
749 14.2747 0.1502 cyclist 0.7921251356601715
749 16.6183 -0.1025 pedestrian 0.7255367934703827
750 14.2747 0.1502 cyclist 0.756184458732605
750 16.6183 -0.1025 pedestrian 0.6822793483734131
751 14.2747 0.1343 cyclist 0.7080462872982025
751 16.8313 -0.1025 pedestrian 0.6130761802196503
752 16.8313 -0.0867 pedestrian 0.7770782113075256
752 14.2747 0.1184 cyclist 0.6573648154735565
753 16.8313 -0.1025 pedestrian 0.8071915805339813
753 14.2747 0.1184 cyclist 0.6818040907382965
754 16.8313 -0.1025 pedestrian 0.8249721229076385
754 14.2747 0.0867 cyclist 0.7161660194396973
755 16.8313 -0.1025 pedestrian 0.8277841806411743
755 14.2747 0.0867 cyclist 0.7510872483253479
756 16.8313 -0.1025 pedestrian 0.8263597786426544
756 14.2747 0.0867 cyclist 0.7534224689006805
757 16.8313 -0.0867 pedestrian 0.8233740031719208
757 14.2747 0.1025 cyclist 0.7599244117736816
758 17.0444 -0.1025 pedestrian 0.81034255027771
758 14.2747 0.1025 cyclist 0.7517433166503906
759 17.0444 -0.0867 pedestrian 0.7721566557884216
759 14.2747 0.1025 cyclist 0.7380259037017822
760 14.2747 0.1184 cyclist 0.6193081736564636
760 17.0444 -0.1025 pedestrian 0.5737636387348175
761 14.2747 0.1184 cyclist 0.6215656399726868
761 17.0444 -0.1025 pedestrian 0.6017713397741318
762 14.2747 0.1184 cyclist 0.6397432833909988
762 17.0444 -0.1025 pedestrian 0.622306615114212
763 14.2747 0.1184 cyclist 0.6747609823942184
763 17.0444 -0.1025 pedestrian 0.6486614048480988
764 14.2747 0.1184 cyclist 0.6873835027217865
764 17.0444 -0.1025 pedestrian 0.6755102574825287
765 14.2747 0.1184 cyclist 0.7105029821395874
765 17.0444 -0.1025 pedestrian 0.6942436993122101
766 14.2747 0.1184 cyclist 0.718737781047821
766 17.2574 -0.0867 pedestrian 0.6763538122177124
767 14.2747 0.1184 cyclist 0.7219456732273102
767 17.2574 -0.0867 pedestrian 0.639147013425827
768 14.2747 0.1184 cyclist 0.6713786423206329
768 17.2574 -0.0867 pedestrian 0.6689848303794861
768 14.2747 0.1025 car 0.6558230817317963
769 14.2747 0.1025 car 0.7059538066387177
769 17.2574 -0.0709 pedestrian 0.7025893032550812
769 14.2747 0.1184 cyclist 0.6593967378139496
770 17.4705 -0.0709 pedestrian 0.7358910143375397
770 14.2747 0.1025 car 0.7268544137477875
770 14.2747 0.1184 cyclist 0.6547265350818634
771 17.4705 -0.0709 pedestrian 0.7610023617744446
771 14.2747 0.1025 car 0.7335692644119263
771 14.2747 0.1184 cyclist 0.668472170829773
772 17.4705 -0.0709 pedestrian 0.7856954336166382
772 14.2747 0.1025 car 0.7177270650863647
772 14.2747 0.1184 cyclist 0.6586534380912781
773 17.4705 -0.0709 pedestrian 0.7992568612098694
773 14.2747 0.1025 car 0.7154884338378906
773 14.2747 0.1184 cyclist 0.6513141393661499
774 17.4705 -0.0709 pedestrian 0.7942660748958588
774 14.2747 0.1025 car 0.6789301633834839
774 14.2747 0.1184 cyclist 0.6345418691635132
775 17.4705 -0.0709 pedestrian 0.7659410238265991
775 14.2747 0.1184 cyclist 0.6250341832637787
775 14.4877 0.0867 car 0.6149598658084869
776 14.2747 0.1025 cyclist 0.8600650429725647
776 17.6836 -0.0709 pedestrian 0.6789963245391846
777 14.2747 0.1025 cyclist 0.8494488298892975
777 17.6836 -0.0709 pedestrian 0.725039005279541
778 14.2747 0.1025 cyclist 0.8291270434856415
778 17.6836 -0.0709 pedestrian 0.758236825466156
779 14.2747 0.0867 cyclist 0.8021194636821747
779 17.6836 -0.0709 pedestrian 0.7779313921928406
780 17.6836 -0.0709 pedestrian 0.8046334683895111
780 14.2747 0.0867 cyclist 0.7673172950744629
781 17.6836 -0.0709 pedestrian 0.8266894519329071
781 14.2747 0.0867 cyclist 0.7371860146522522
782 17.6836 -0.0709 pedestrian 0.8271674513816833
782 14.2747 0.0867 cyclist 0.6948793977499008
783 17.8966 -0.0709 pedestrian 0.8110468089580536
783 14.2747 0.0709 cyclist 0.6575004309415817
784 14.2747 0.0551 cyclist 0.932507336139679
784 17.8966 -0.0709 pedestrian 0.7933751046657562
785 14.2747 0.0394 cyclist 0.9378611445426941
785 17.8966 -0.0709 pedestrian 0.8201594054698944
786 14.2747 0.0394 cyclist 0.9393846988677979
786 17.8966 -0.0709 pedestrian 0.8329269886016846
787 14.2747 0.0394 cyclist 0.9399828314781189
787 17.8966 -0.0709 pedestrian 0.8403485119342804
788 14.2747 0.0236 cyclist 0.9339477717876434
788 17.8966 -0.0709 pedestrian 0.8528068661689758
789 14.2747 0.0236 cyclist 0.9245023131370544
789 17.8966 -0.0709 pedestrian 0.8633106052875519
790 14.2747 0.0236 cyclist 0.9076028168201447
790 17.8966 -0.0709 pedestrian 0.8612198233604431
791 14.2747 0.0236 cyclist 0.88995561003685
791 17.8966 -0.0709 pedestrian 0.8397404849529266
792 14.4877 -0.0394 cyclist 0.8975135385990143
792 17.8966 -0.0709 pedestrian 0.7141345143318176
793 14.4877 -0.0394 cyclist 0.9125912487506866
793 17.8966 -0.0709 pedestrian 0.7479512393474579
794 14.4877 -0.0394 cyclist 0.9230678081512451
794 17.8966 -0.0709 pedestrian 0.7621873915195465
795 14.4877 -0.0394 cyclist 0.9333564341068268
795 17.8966 -0.0709 pedestrian 0.7672180831432343
796 14.4877 -0.0551 cyclist 0.9345938265323639
796 17.8966 -0.0709 pedestrian 0.7735636234283447
797 14.4877 -0.0551 cyclist 0.9332083761692047
797 17.8966 -0.0709 pedestrian 0.7804254591464996
798 14.4877 -0.0551 cyclist 0.9266705214977264
798 17.8966 -0.0709 pedestrian 0.7592837512493134
799 14.4877 -0.0551 cyclist 0.915785938501358
799 17.8966 -0.0709 pedestrian 0.6974949836730957
800 14.4877 -0.0394 cyclist 0.8166629076004028
801 14.4877 -0.0394 cyclist 0.8334145843982697
802 14.4877 -0.0394 cyclist 0.8570342361927032
803 14.4877 -0.0394 cyclist 0.8831917345523834
804 14.4877 -0.0394 cyclist 0.8902638852596283
805 14.4877 -0.0394 cyclist 0.8925091326236725
806 14.4877 -0.0236 cyclist 0.8902765214443207
807 14.4877 -0.0236 cyclist 0.880711555480957
808 14.4877 -0.0394 cyclist 0.8654958009719849
809 14.4877 -0.0394 cyclist 0.876243382692337
810 14.4877 -0.0394 cyclist 0.8830404579639435
811 14.4877 -0.0394 cyclist 0.8927693963050842
812 14.4877 -0.0551 cyclist 0.8868977427482605
813 14.4877 -0.0551 cyclist 0.8831294476985931
814 14.4877 -0.0551 cyclist 0.8734950125217438
815 14.4877 -0.0551 cyclist 0.8561573922634125
816 14.4877 -0.0867 cyclist 0.9090673625469208
816 18.5358 -0.0236 pedestrian 0.489701971411705
817 14.4877 -0.0867 cyclist 0.9113746285438538
817 18.5358 -0.0236 pedestrian 0.5660652220249176
818 14.4877 -0.1025 cyclist 0.9139585793018341
818 18.5358 -0.0236 pedestrian 0.6162022948265076
819 14.4877 -0.1025 cyclist 0.9157286286354065
819 18.5358 -0.0236 pedestrian 0.6544889509677887
820 14.4877 -0.1025 cyclist 0.9044997096061707
820 18.5358 -0.0236 pedestrian 0.6830906867980957
821 14.4877 -0.1025 cyclist 0.8856476843357086
821 18.5358 -0.0236 pedestrian 0.7058892250061035
822 14.4877 -0.0867 cyclist 0.8584227859973907
822 18.5358 -0.0236 pedestrian 0.6924887299537659
823 14.4877 -0.0867 cyclist 0.822609007358551
823 18.5358 -0.0236 pedestrian 0.6546328663825989
824 14.4877 -0.0867 cyclist 0.9300771653652191
824 18.5358 -0.0079 pedestrian 0.7590420842170715
825 14.4877 -0.1025 cyclist 0.9356683194637299
825 18.5358 -0.0079 pedestrian 0.7757206857204437
826 14.4877 -0.1025 cyclist 0.9436275660991669
826 18.5358 -0.0079 pedestrian 0.783603847026825
827 14.4877 -0.1025 cyclist 0.9503082931041718
827 18.5358 -0.0079 pedestrian 0.7727670967578888
828 14.4877 -0.1025 cyclist 0.9460738301277161
828 18.5358 -0.0079 pedestrian 0.7671225368976593
829 14.4877 -0.1025 cyclist 0.9410732388496399
829 18.5358 -0.0079 pedestrian 0.7708392143249512
830 14.4877 -0.1025 cyclist 0.9328831434249878
830 18.5358 -0.0079 pedestrian 0.7419772148132324
831 14.4877 -0.1025 cyclist 0.9233228266239166
831 18.5358 -0.0079 pedestrian 0.6743575632572174
832 14.4877 -0.1343 cyclist 0.9395710527896881
832 18.5358 -0.0079 pedestrian 0.8143666088581085
833 14.4877 -0.1343 cyclist 0.9429208636283875
833 18.5358 -0.0079 pedestrian 0.8331439793109894
834 14.4877 -0.1343 cyclist 0.9456606507301331
834 18.5358 -0.0079 pedestrian 0.8429486155509949
835 14.4877 -0.1343 cyclist 0.9497128427028656
835 18.5358 -0.0079 pedestrian 0.8433706760406494
836 14.4877 -0.1343 cyclist 0.943977952003479
836 18.5358 -0.0079 pedestrian 0.8435481488704681
837 14.4877 -0.1343 cyclist 0.9392536580562592
837 18.5358 -0.0079 pedestrian 0.8456858694553375
838 14.4877 -0.1343 cyclist 0.9326202571392059
838 18.5358 -0.0079 pedestrian 0.8329775035381317
839 14.4877 -0.1343 cyclist 0.9276462197303772
839 18.5358 -0.0079 pedestrian 0.8051968216896057
840 14.4877 -0.1502 cyclist 0.965596079826355
840 18.5358 0.0236 pedestrian 0.8440483212471008
841 14.4877 -0.1502 cyclist 0.96635502576828
841 18.5358 0.0236 pedestrian 0.8562436401844025
842 14.4877 -0.1502 cyclist 0.9666511118412018
842 18.5358 0.0236 pedestrian 0.8610697984695435
843 14.4877 -0.1502 cyclist 0.9671892523765564
843 18.5358 0.0236 pedestrian 0.8630207479000092
844 14.4877 -0.1502 cyclist 0.9621861279010773
844 18.5358 0.0236 pedestrian 0.8659536242485046
845 14.4877 -0.1502 cyclist 0.9565824866294861
845 18.5358 0.0236 pedestrian 0.8681349456310272
846 14.4877 -0.1502 cyclist 0.9484230577945709
846 18.5358 0.0236 pedestrian 0.8591419160366058
847 14.4877 -0.1502 cyclist 0.9377428293228149
847 18.5358 0.0236 pedestrian 0.8399544656276703
848 14.4877 -0.1661 cyclist 0.9579551815986633
848 18.3227 0.0079 pedestrian 0.8279420733451843
849 14.4877 -0.1661 cyclist 0.9598612487316132
849 18.3227 0.0079 pedestrian 0.8298518061637878
850 14.4877 -0.1661 cyclist 0.9608745276927948
850 18.5358 0.0079 pedestrian 0.8284611701965332
851 14.4877 -0.1661 cyclist 0.9613135457038879
851 18.5358 0.0079 pedestrian 0.8196731209754944
852 14.4877 -0.1661 cyclist 0.952831357717514
852 18.5358 0.0079 pedestrian 0.8106688857078552
853 14.4877 -0.1661 cyclist 0.9399888813495636
853 18.5358 0.0079 pedestrian 0.8107289373874664
854 14.4877 -0.1661 cyclist 0.921649843454361
854 18.5358 0.0079 pedestrian 0.807407796382904
855 14.2747 -0.1661 cyclist 0.8968235850334167
855 18.5358 0.0079 pedestrian 0.7765997350215912
856 14.2747 -0.1821 cyclist 0.9454850554466248
856 18.5358 0.0236 pedestrian 0.7330462634563446
857 14.2747 -0.1981 cyclist 0.9512909948825836
857 18.5358 0.0236 pedestrian 0.7454685866832733
858 14.2747 -0.1981 cyclist 0.9540718793869019
858 18.5358 0.0236 pedestrian 0.7506545186042786
859 14.2747 -0.1981 cyclist 0.9563273191452026
859 18.5358 0.0236 pedestrian 0.747903048992157
860 14.2747 -0.1981 cyclist 0.9517550468444824
860 18.3227 0.0236 pedestrian 0.7633704543113708
861 14.2747 -0.1981 cyclist 0.9443997442722321
861 18.3227 0.0236 pedestrian 0.787822961807251
862 14.2747 -0.1981 cyclist 0.9344372451305389
862 18.3227 0.0236 pedestrian 0.7875981628894806
863 14.2747 -0.2142 cyclist 0.9236099123954773
863 18.3227 0.0236 pedestrian 0.7643303573131561
864 14.0616 -0.2304 cyclist 0.9337413609027863
864 18.3227 0.0236 pedestrian 0.7354865968227386
865 14.0616 -0.2304 cyclist 0.9427536129951477
865 18.3227 0.0394 pedestrian 0.7708883881568909
866 14.0616 -0.2304 cyclist 0.9463465809822083
866 18.3227 0.0394 pedestrian 0.7883739769458771
867 14.0616 -0.2304 cyclist 0.9477285444736481
867 18.3227 0.0394 pedestrian 0.7972539067268372
868 14.0616 -0.2304 cyclist 0.9422100484371185
868 18.3227 0.0394 pedestrian 0.8161464035511017
869 14.0616 -0.2304 cyclist 0.9355716407299042
869 18.3227 0.0394 pedestrian 0.8290125727653503
870 14.0616 -0.2304 cyclist 0.9244255423545837
870 18.3227 0.0394 pedestrian 0.8290883302688599
871 14.0616 -0.2304 cyclist 0.9113071262836456
871 18.3227 0.0394 pedestrian 0.8101419806480408
872 14.0616 -0.2466 cyclist 0.9302601516246796
872 18.1097 0.0394 pedestrian 0.7657915651798248
873 14.0616 -0.2466 cyclist 0.935279130935669
873 18.1097 0.0394 pedestrian 0.7914732694625854
874 14.0616 -0.2466 cyclist 0.9363256394863129
874 18.1097 0.0551 pedestrian 0.8026323020458221
875 13.8486 -0.2629 cyclist 0.94021937251091
875 18.1097 0.0394 pedestrian 0.800231546163559
876 13.8486 -0.2629 cyclist 0.9409739971160889
876 18.1097 0.0394 pedestrian 0.8033541738986969
877 13.8486 -0.2629 cyclist 0.9385504126548767
877 18.1097 0.0394 pedestrian 0.8129867017269135
878 13.8486 -0.2629 cyclist 0.9319872558116913
878 18.1097 0.0394 pedestrian 0.8080538213253021
879 13.8486 -0.2629 cyclist 0.9228495657444
879 18.1097 0.0394 pedestrian 0.7744143903255463
880 13.8486 -0.2629 cyclist 0.906480073928833
880 18.1097 0.0394 pedestrian 0.8147878050804138
881 13.8486 -0.2629 cyclist 0.9087112545967102
881 18.1097 0.0394 pedestrian 0.8218579292297363
882 13.6355 -0.2629 cyclist 0.9084178805351257
882 18.1097 0.0394 pedestrian 0.82171830534935
883 13.6355 -0.2629 cyclist 0.9106931388378143
883 18.1097 0.0394 pedestrian 0.8203917443752289
884 13.6355 -0.2629 cyclist 0.9046872556209564
884 17.8966 0.0394 pedestrian 0.8232229650020599
885 13.6355 -0.2629 cyclist 0.8970799148082733
885 17.8966 0.0394 pedestrian 0.8316684365272522
886 13.6355 -0.2629 cyclist 0.8862687647342682
886 17.8966 0.0394 pedestrian 0.8327231407165527
887 13.6355 -0.2629 cyclist 0.874224066734314
887 17.8966 0.0394 pedestrian 0.826366662979126
888 13.6355 -0.2629 cyclist 0.9242413640022278
888 17.8966 0.0236 pedestrian 0.8371065855026245
889 13.4225 -0.2629 cyclist 0.9216763973236084
889 17.8966 0.0236 pedestrian 0.8422273397445679
890 13.4225 -0.2629 cyclist 0.9185462594032288
890 17.8966 0.0236 pedestrian 0.8434502482414246
891 13.4225 -0.2629 cyclist 0.914199948310852
891 17.8966 0.0394 pedestrian 0.8435629606246948
892 13.4225 -0.2792 cyclist 0.9048987030982971
892 17.8966 0.0394 pedestrian 0.8445932865142822
893 13.2094 -0.2792 cyclist 0.8971737623214722
893 17.6836 0.0394 pedestrian 0.8514553308486938
894 13.2094 -0.2792 cyclist 0.8772568702697754
894 17.6836 0.0394 pedestrian 0.8580721020698547
895 17.6836 0.0394 pedestrian 0.8613730669021606
895 13.2094 -0.2792 cyclist 0.852837860584259
