0 17.6836 -0.2466 pedestrian 0.8745028376579285
1 17.6836 -0.2466 pedestrian 0.8732475638389587
2 17.6836 -0.2466 pedestrian 0.8724811673164368
3 17.6836 -0.2466 pedestrian 0.8712669014930725
4 17.6836 -0.2466 pedestrian 0.8749703764915466
5 17.6836 -0.2466 pedestrian 0.8622684478759766
6 17.6836 -0.2466 pedestrian 0.8473430275917053
7 17.6836 -0.2466 pedestrian 0.826266348361969
8 17.6836 -0.2466 pedestrian 0.6173255890607834
9 17.6836 -0.2466 pedestrian 0.6312825530767441
10 17.6836 -0.2629 pedestrian 0.6543439626693726
11 17.6836 -0.2629 pedestrian 0.6819750070571899
12 17.6836 -0.2629 pedestrian 0.7060123682022095
13 17.6836 -0.2629 pedestrian 0.7094947695732117
14 17.6836 -0.2629 pedestrian 0.6739513874053955
15 17.6836 -0.2629 pedestrian 0.6060982942581177
16 17.8966 -0.2629 pedestrian 0.7156722247600555
17 17.8966 -0.2629 pedestrian 0.7218458354473114
18 17.8966 -0.2629 pedestrian 0.7271528840065002
19 17.8966 -0.2629 pedestrian 0.7313455641269684
20 17.8966 -0.2629 pedestrian 0.7345066666603088
21 17.8966 -0.2629 pedestrian 0.7277215719223022
22 17.8966 -0.2629 pedestrian 0.7057793438434601
23 17.8966 -0.2629 pedestrian 0.6571063995361328
24 17.8966 -0.2629 pedestrian 0.5209427177906036
25 17.8966 -0.2629 pedestrian 0.46705462038517
26 17.8966 -0.2466 pedestrian 0.4286099523305893
80 18.1097 -0.2466 pedestrian 0.5344920456409454
81 18.1097 -0.2466 pedestrian 0.5416043400764465
82 17.8966 -0.2466 pedestrian 0.5723577439785004
83 17.8966 -0.2466 pedestrian 0.6051716804504395
84 17.8966 -0.2466 pedestrian 0.636093020439148
85 17.8966 -0.2466 pedestrian 0.6401352286338806
86 17.8966 -0.2466 pedestrian 0.6235571801662445
87 17.8966 -0.2466 pedestrian 0.5801959335803986
88 17.6836 -0.2629 pedestrian 0.6089330911636353
89 17.6836 -0.2629 pedestrian 0.6240978837013245
90 17.6836 -0.2629 pedestrian 0.6363457143306732
91 17.6836 -0.2629 pedestrian 0.6399120688438416
92 17.6836 -0.2629 pedestrian 0.6363219916820526
93 17.6836 -0.2629 pedestrian 0.6152801513671875
94 17.4705 -0.2629 pedestrian 0.6164405643939972
95 17.4705 -0.2629 pedestrian 0.6041321903467178
96 17.4705 -0.2629 pedestrian 0.8026368319988251
97 17.4705 -0.2629 pedestrian 0.8117313086986542
98 17.4705 -0.2629 pedestrian 0.8106503784656525
99 17.2574 -0.2629 pedestrian 0.8182923793792725
100 17.2574 -0.2629 pedestrian 0.827688604593277
101 17.2574 -0.2629 pedestrian 0.8342024385929108
102 17.2574 -0.2629 pedestrian 0.8377926647663116
103 17.2574 -0.2629 pedestrian 0.8310097754001617
104 17.2574 -0.2792 pedestrian 0.9167570173740387
105 17.2574 -0.2792 pedestrian 0.921765923500061
106 17.2574 -0.2792 pedestrian 0.9222007989883423
107 17.2574 -0.2792 pedestrian 0.9192067682743073
108 17.2574 -0.2792 pedestrian 0.9150407016277313
109 17.0444 -0.2792 pedestrian 0.9129239618778229
110 17.0444 -0.2792 pedestrian 0.9166288077831268
111 17.0444 -0.2792 pedestrian 0.9147238731384277
112 17.0444 -0.2956 pedestrian 0.8822008073329926
113 16.8313 -0.2956 pedestrian 0.8882086277008057
114 16.8313 -0.2956 pedestrian 0.9018740355968475
115 16.8313 -0.2956 pedestrian 0.9107013642787933
116 16.8313 -0.2956 pedestrian 0.9148676693439484
117 16.8313 -0.2956 pedestrian 0.9128514230251312
118 16.8313 -0.2956 pedestrian 0.9077657759189606
119 16.8313 -0.2956 pedestrian 0.8966612815856934
120 16.8313 -0.2956 pedestrian 0.44922790117561817
121 16.8313 -0.2956 pedestrian 0.4444515872746706
122 16.8313 -0.2956 pedestrian 0.4375019632279873
123 16.8313 -0.2956 pedestrian 0.4141240734606981
131 16.4052 -0.3287 pedestrian 0.40541083086282015
132 16.4052 -0.3287 pedestrian 0.41737242229282856
133 16.4052 -0.3454 pedestrian 0.42290486209094524
134 16.4052 -0.3454 pedestrian 0.42041601799428463
135 16.4052 -0.3121 pedestrian 0.41842381469905376
136 16.4052 -0.3121 pedestrian 0.8437866568565369
137 16.4052 -0.3121 pedestrian 0.8499898612499237
138 16.4052 -0.3121 pedestrian 0.851556271314621
139 16.1922 -0.3121 pedestrian 0.8549346923828125
140 16.1922 -0.3121 pedestrian 0.8619697988033295
141 16.1922 -0.3121 pedestrian 0.8720185458660126
142 16.1922 -0.3121 pedestrian 0.8796281814575195
143 16.1922 -0.3121 pedestrian 0.8755041360855103
144 16.1922 -0.3454 pedestrian 0.8663499355316162
145 16.1922 -0.3454 pedestrian 0.8694882392883301
146 16.1922 -0.3454 pedestrian 0.8687805235385895
147 15.9791 -0.3622 pedestrian 0.8773980736732483
148 15.9791 -0.3622 pedestrian 0.8845780491828918
149 15.9791 -0.3622 pedestrian 0.8921660482883453
150 15.9791 -0.3622 pedestrian 0.8978738188743591
151 15.9791 -0.3622 pedestrian 0.9009749889373779
152 15.9791 -0.3287 pedestrian 0.8620968163013458
153 15.9791 -0.3287 pedestrian 0.8706632256507874
154 15.9791 -0.3287 pedestrian 0.875912994146347
155 15.9791 -0.3287 pedestrian 0.8813508749008179
156 15.9791 -0.3287 pedestrian 0.8878568112850189
157 15.9791 -0.3287 pedestrian 0.897901177406311
158 15.9791 -0.3287 pedestrian 0.9052858650684357
159 15.9791 -0.3287 pedestrian 0.9100775122642517
160 15.9791 -0.3287 pedestrian 0.873731404542923
161 15.9791 -0.3287 pedestrian 0.8785751461982727
162 15.9791 -0.3287 pedestrian 0.8799635171890259
163 15.9791 -0.3287 pedestrian 0.8801246285438538
164 15.9791 -0.3287 pedestrian 0.8801864683628082
165 15.9791 -0.3287 pedestrian 0.8833982944488525
166 15.9791 -0.3287 pedestrian 0.8871838748455048
167 15.9791 -0.3287 pedestrian 0.8847508728504181
168 15.9791 -0.3287 pedestrian 0.8265767395496368
169 15.9791 -0.3287 pedestrian 0.8346244990825653
170 15.9791 -0.3287 pedestrian 0.8347027599811554
171 15.9791 -0.3287 pedestrian 0.8310254216194153
172 15.9791 -0.3287 pedestrian 0.8289627432823181
173 15.9791 -0.3121 pedestrian 0.8339311182498932
174 15.9791 -0.3121 pedestrian 0.8404300212860107
175 15.9791 -0.3121 pedestrian 0.8377639651298523
176 15.9791 -0.2956 pedestrian 0.7929543256759644
177 15.9791 -0.2956 pedestrian 0.8033823072910309
178 15.9791 -0.2956 pedestrian 0.8084716796875
179 15.9791 -0.2956 pedestrian 0.8074953258037567
180 15.9791 -0.2956 pedestrian 0.8040499985218048
181 16.1922 -0.2956 pedestrian 0.8049592077732086
182 16.1922 -0.2956 pedestrian 0.8174784183502197
183 16.1922 -0.2956 pedestrian 0.8223396241664886
184 16.1922 -0.2792 pedestrian 0.8420999348163605
185 16.1922 -0.2629 pedestrian 0.8585323393344879
186 16.1922 -0.2629 pedestrian 0.8710581064224243
187 16.1922 -0.2629 pedestrian 0.8791282176971436
188 16.1922 -0.2629 pedestrian 0.8826808929443359
189 16.1922 -0.2629 pedestrian 0.8882443904876709
190 16.1922 -0.2629 pedestrian 0.8836067914962769
191 16.4052 -0.2629 pedestrian 0.8697104454040527
192 16.4052 -0.2629 pedestrian 0.7978797256946564
193 16.4052 -0.2629 pedestrian 0.8154471218585968
194 16.4052 -0.2629 pedestrian 0.8235169053077698
195 16.6183 -0.2629 pedestrian 0.8359862267971039
196 16.6183 -0.2629 pedestrian 0.8417408168315887
197 16.6183 -0.2629 pedestrian 0.8437385261058807
198 16.6183 -0.2629 pedestrian 0.8252220451831818
199 16.6183 -0.2629 pedestrian 0.7762431204319
200 16.8313 -0.2466 pedestrian 0.8009214997291565
201 16.8313 -0.2629 pedestrian 0.7980746924877167
202 16.8313 -0.2466 pedestrian 0.7944045066833496
203 17.0444 -0.2466 pedestrian 0.8036375045776367
204 17.0444 -0.2466 pedestrian 0.8186860382556915
205 17.0444 -0.2466 pedestrian 0.8330481648445129
206 17.0444 -0.2466 pedestrian 0.8383815884590149
207 17.0444 -0.2466 pedestrian 0.8272025287151337
208 17.0444 -0.2466 pedestrian 0.872992753982544
209 17.0444 -0.2304 pedestrian 0.8777767419815063
210 17.0444 -0.2304 pedestrian 0.8775147199630737
211 17.0444 -0.2304 pedestrian 0.8768499791622162
212 17.2574 -0.2304 pedestrian 0.8862261772155762
213 17.2574 -0.2304 pedestrian 0.8963920176029205
214 17.2574 -0.2304 pedestrian 0.8983840942382812
215 17.2574 -0.2304 pedestrian 0.8899993300437927
216 17.2574 -0.2304 pedestrian 0.8756183981895447
217 17.2574 -0.2304 pedestrian 0.877619743347168
218 17.2574 -0.2304 pedestrian 0.8736904561519623
219 17.2574 -0.2142 pedestrian 0.86833256483078
220 17.4705 -0.2142 pedestrian 0.8658111095428467
221 17.4705 -0.2142 pedestrian 0.8613189160823822
222 17.4705 -0.2304 pedestrian 0.8581751585006714
223 17.4705 -0.2304 pedestrian 0.835464358329773
224 17.6836 -0.2466 pedestrian 0.5954990684986115
225 17.6836 -0.2466 pedestrian 0.5923696160316467
226 17.6836 -0.2466 pedestrian 0.6027809381484985
227 17.6836 -0.2466 pedestrian 0.6234622001647949
228 17.8966 -0.2466 pedestrian 0.6644600629806519
229 17.8966 -0.2466 pedestrian 0.6773302853107452
230 17.8966 -0.2466 pedestrian 0.6665655970573425
231 17.8966 -0.2466 pedestrian 0.6317948400974274
232 17.8966 -0.2466 pedestrian 0.720834881067276
233 17.8966 -0.2304 pedestrian 0.7246606349945068
234 18.1097 -0.2304 pedestrian 0.73860964179039
235 18.1097 -0.2304 pedestrian 0.7619971036911011
236 18.1097 -0.2304 pedestrian 0.7846213579177856
237 18.1097 -0.2304 pedestrian 0.793061226606369
238 18.1097 -0.2304 pedestrian 0.7846389412879944
239 18.1097 -0.2304 pedestrian 0.7520900964736938
240 18.1097 -0.2304 pedestrian 0.5667688697576523
241 18.1097 -0.2304 pedestrian 0.5294629037380219
242 18.1097 -0.2304 pedestrian 0.4864584356546402
243 18.3227 -0.2142 pedestrian 0.44635601341724396
244 18.3227 -0.2142 pedestrian 0.42033402621746063
256 18.9619 -0.2304 pedestrian 0.4308733493089676
257 18.9619 -0.2304 pedestrian 0.42686741054058075
258 18.7488 -0.2142 pedestrian 0.4148624539375305
259 18.7488 -0.2304 pedestrian 0.4089982770383358
260 18.7488 -0.2304 pedestrian 0.4123551547527313
261 18.9619 -0.2142 pedestrian 0.41218893229961395
264 18.9619 -0.2142 pedestrian 0.5235651582479477
265 19.1749 -0.2142 pedestrian 0.5184251964092255
266 19.1749 -0.2142 pedestrian 0.5210706293582916
267 19.1749 -0.2142 pedestrian 0.5133860558271408
268 19.1749 -0.2142 pedestrian 0.5213015973567963
269 19.3880 -0.2142 pedestrian 0.5190163254737854
270 19.3880 -0.2142 pedestrian 0.4803759455680847
271 19.3880 -0.2142 pedestrian 0.41084155440330505
272 19.3880 -0.2142 pedestrian 0.42352959513664246
273 19.3880 -0.2142 pedestrian 0.42867399752140045
274 19.3880 -0.2142 pedestrian 0.42712555825710297
275 19.3880 -0.2142 pedestrian 0.4094920977950096
276 19.3880 -0.1981 pedestrian 0.40874259918928146
277 19.6010 -0.1821 pedestrian 0.40934768319129944
296 24.5013 -0.1343 car 0.7155959010124207
297 24.0752 -0.1343 car 0.8052100837230682
298 23.8621 -0.1343 car 0.8742131888866425
299 23.8621 -0.1502 car 0.9082672595977783
300 23.6491 -0.1502 car 0.9194971323013306
301 23.4360 -0.1502 car 0.9230731725692749
302 23.2230 -0.1502 car 0.9229021966457367
303 23.0099 -0.1502 car 0.9129656255245209
304 22.5838 -0.1025 car 0.8977885246276855
305 22.3708 -0.1184 car 0.9266192615032196
306 22.1577 -0.1184 car 0.9417387247085571
307 21.9447 -0.1184 car 0.9428234994411469
308 21.7316 -0.1184 car 0.9363618791103363
309 21.5185 -0.1184 car 0.9309572577476501
310 21.3055 -0.1184 car 0.9274280965328217
311 21.0924 -0.1184 car 0.9153032004833221
312 20.8794 -0.1025 car 0.8991961777210236
313 20.6663 -0.1025 car 0.9123224318027496
314 20.4533 -0.1025 car 0.921833872795105
315 20.2402 -0.1184 car 0.9192102253437042
316 20.0272 -0.1184 car 0.9168849885463715
317 19.6010 -0.1184 car 0.9097905457019806
318 19.6010 -0.1184 car 0.9088866114616394
319 19.1749 -0.1184 car 0.9043810367584229
320 18.9619 -0.1343 car 0.8691295683383942
321 18.7488 -0.1343 car 0.898201197385788
322 18.5358 -0.1343 car 0.9122463166713715
323 18.3227 -0.1343 car 0.9196375012397766
324 18.1097 -0.1502 car 0.9098813533782959
325 17.8966 -0.1502 car 0.8958417177200317
326 17.6836 -0.1502 car 0.8805111050605774
327 17.4705 -0.1502 car 0.8600469827651978
328 17.0444 -0.1661 car 0.8525724112987518
329 16.8313 -0.1661 car 0.8811812996864319
330 16.6183 -0.1661 car 0.9046143591403961
331 16.4052 -0.1661 car 0.9112032055854797
332 16.1922 -0.1661 car 0.9078336656093597
333 15.9791 -0.1661 car 0.8981911242008209
334 15.7661 -0.1661 car 0.896599143743515
335 15.5530 -0.1661 car 0.8894174993038177
336 15.3400 -0.1661 car 0.845394104719162
337 15.3400 -0.1661 car 0.8799773454666138
338 15.1269 -0.1661 car 0.9063971638679504
339 14.9138 -0.1661 car 0.9197833240032196
340 14.7008 -0.1821 car 0.9238767325878143
341 14.7008 -0.1821 car 0.921344518661499
342 14.4877 -0.1981 car 0.9153358340263367
343 14.2747 -0.1981 car 0.8930683434009552
344 14.0616 -0.1981 car 0.8497147262096405
345 13.6355 -0.1981 car 0.8594680726528168
346 13.6355 -0.1981 car 0.8707950711250305
347 13.4225 -0.2142 car 0.8756197392940521
348 13.2094 -0.2142 car 0.8758208155632019
349 12.9963 -0.2142 car 0.874510794878006
350 12.7833 -0.2304 car 0.8710022568702698
351 12.5702 -0.2304 car 0.8561272323131561
352 12.3572 -0.2304 car 0.7649843096733093
352 3.4089 0.3961 pedestrian 0.46023551002144814
353 12.3572 -0.2304 car 0.7780396640300751
353 3.4089 0.3791 pedestrian 0.5783252716064453
354 11.9311 -0.2629 car 0.7822277843952179
354 3.4089 0.3791 pedestrian 0.7164037823677063
355 3.4089 0.3791 pedestrian 0.7973587810993195
355 11.9311 -0.2629 car 0.7446781694889069
356 3.4089 0.3791 pedestrian 0.8235286176204681
356 11.9311 -0.2792 car 0.6632958650588989
357 3.4089 0.3791 pedestrian 0.8419319093227386
357 11.9311 -0.2792 car 0.557758703827858
358 3.4089 0.3791 pedestrian 0.8535286784172058
358 11.9311 -0.2792 car 0.45237594097852707
359 3.4089 0.3791 pedestrian 0.8530808389186859
360 7.8830 -0.3121 pedestrian 0.6713999509811401
360 3.4089 0.3622 pedestrian 0.5618664100766182
361 7.8830 -0.3121 pedestrian 0.7191241085529327
361 3.4089 0.3622 pedestrian 0.5483947098255157
362 7.8830 -0.3121 pedestrian 0.742609292268753
362 3.4089 0.3454 pedestrian 0.5613114237785339
363 7.8830 -0.3287 pedestrian 0.7563027441501617
363 3.4089 0.3454 pedestrian 0.5781156942248344
364 7.8830 -0.3287 pedestrian 0.7637402415275574
364 3.4089 0.3454 pedestrian 0.6044447124004364
365 7.8830 -0.3287 pedestrian 0.7623002529144287
365 3.4089 0.3454 pedestrian 0.6149887591600418
366 7.8830 -0.3454 pedestrian 0.7330481112003326
366 3.4089 0.3454 pedestrian 0.5945404171943665
367 7.8830 -0.3454 pedestrian 0.680750697851181
367 3.4089 0.3454 pedestrian 0.5137920454144478
368 4.6872 0.2304 car 0.6834405660629272
368 4.2611 0.3622 car 0.61542047560215
369 4.6872 0.2304 car 0.7438220381736755
369 4.2611 0.3622 car 0.6569630205631256
369 4.2611 -0.5744 car 0.47235987335443497
370 4.9003 0.1184 car 0.801315188407898
370 4.2611 -0.5744 car 0.5588168650865555
370 4.4742 -0.3121 car 0.43986060936003923
371 4.9003 0.1025 car 0.8421343863010406
371 4.9003 -0.0236 car 0.7681560218334198
371 4.2611 -0.5373 car 0.6238079071044922
372 4.9003 0.1025 car 0.8536157011985779
372 4.9003 -0.0236 car 0.7932435870170593
372 4.2611 -0.5373 car 0.6268430203199387
372 4.4742 -0.3287 car 0.4946882501244545
372 8.3091 -0.4654 pedestrian 0.4013785687566269
373 4.9003 0.1025 car 0.857622891664505
373 4.4742 -0.4654 car 0.6027260422706604
373 4.4742 -0.3454 car 0.5022217631340027
373 8.3091 -0.4654 pedestrian 0.41755207831738517
374 4.9003 0.1025 car 0.8535743057727814
374 4.4742 -0.4654 car 0.5579054802656174
374 8.3091 -0.4831 pedestrian 0.42257753061130643
375 5.1133 0.1025 car 0.8325584828853607
375 4.4742 -0.4305 car 0.47256286442279816
375 8.3091 -0.4831 pedestrian 0.4188935537240468
376 5.5394 0.1821 car 0.8680742084980011
376 8.5222 -0.5373 car 0.6248380541801453
377 5.7525 0.1981 car 0.9003417193889618
377 8.5222 -0.5373 car 0.6904989182949066
378 5.7525 0.1981 car 0.9183041155338287
378 8.3091 -0.5557 car 0.7397444248199463
379 5.7525 0.1981 car 0.9310295283794403
379 8.3091 -0.5557 car 0.7801328599452972
380 5.7525 0.2142 car 0.9352536499500275
380 8.3091 -0.5557 car 0.8044911623001099
381 5.9655 0.1981 car 0.9372459053993225
381 8.0961 -0.5744 car 0.823826253414154
382 5.9655 0.2142 car 0.9328168332576752
382 8.0961 -0.5932 car 0.8319336771965027
383 5.9655 0.2304 car 0.9183898866176605
383 8.0961 -0.5932 car 0.82142773270607
384 6.1786 0.2466 car 0.9230790734291077
384 7.8830 -0.6714 car 0.8379467725753784
385 6.1786 0.2466 car 0.9265719950199127
385 7.6700 -0.6916 car 0.8537215888500214
386 6.3916 0.2629 car 0.9241649210453033
386 7.6700 -0.6916 car 0.8619996905326843
387 6.6047 0.2792 car 0.922003984451294
387 7.4569 -0.7333 car 0.8728967308998108
388 6.8178 0.2956 car 0.920499861240387
388 7.4569 -0.7333 car 0.8857523202896118
389 7.0308 0.2956 car 0.9235260486602783
389 7.4569 -0.7333 car 0.893906980752945
390 7.2439 0.2956 car 0.921756237745285
390 7.4569 -0.7333 car 0.893015444278717
391 7.2439 0.2956 car 0.9120620787143707
391 7.2439 -0.7765 car 0.8841032385826111
392 7.6700 0.3287 car 0.9317737519741058
392 7.2439 -0.8217 car 0.8706740140914917
393 7.8830 0.3287 car 0.9358075857162476
393 7.2439 -0.8217 car 0.881959855556488
394 7.8830 0.3454 car 0.9377290904521942
394 7.2439 -0.8451 car 0.8825644254684448
395 8.0961 0.3454 car 0.9389300346374512
395 7.2439 -0.8451 car 0.8845582008361816
396 8.0961 0.3454 car 0.9382195472717285
396 7.2439 -0.8451 car 0.8877879679203033
397 8.3091 0.3454 car 0.9409370720386505
397 7.2439 -0.8691 car 0.889712005853653
398 8.5222 0.3622 car 0.9438348114490509
398 7.2439 -0.8691 car 0.8883339762687683
399 8.5222 0.3622 car 0.9376996159553528
399 7.2439 -0.8691 car 0.8792416751384735
400 8.9483 0.3622 car 0.9178060293197632
400 7.2439 -0.8691 car 0.7451036870479584
401 9.1614 0.3791 car 0.9317777752876282
401 7.2439 -0.8939 car 0.7357208430767059
402 9.3744 0.3961 car 0.939807802438736
402 7.2439 -0.8939 car 0.6999226808547974
403 9.5875 0.3961 car 0.944911926984787
403 7.0308 -0.9195 car 0.6453346759080887
404 9.8005 0.3961 car 0.9451326429843903
404 7.0308 -0.9195 car 0.6032000780105591
405 9.8005 0.3961 car 0.9447354972362518
405 7.0308 -0.9195 car 0.5557073652744293
406 10.0136 0.3961 car 0.9422360956668854
406 7.2439 -0.9459 car 0.5080211833119392
407 10.2266 0.3961 car 0.9328851699829102
407 7.2439 -0.9459 car 0.4541931003332138
408 10.6527 0.3961 car 0.9143663942813873
409 10.8658 0.3961 car 0.9185430407524109
410 11.0789 0.4132 car 0.9213657677173615
411 11.2919 0.4132 car 0.9221561253070831
412 11.5050 0.4132 car 0.9193521738052368
413 11.7180 0.3961 car 0.9238632321357727
414 11.9311 0.3961 car 0.9305956959724426
415 12.1441 0.3961 car 0.9230373203754425
416 12.5702 0.3791 car 0.8906490206718445
417 12.7833 0.3791 car 0.9024259150028229
418 12.9963 0.3791 car 0.9079460203647614
419 13.2094 0.3791 car 0.9113770127296448
419 24.9274 -0.1025 car 0.4151033014059067
420 13.4225 0.3791 car 0.9137410819530487
420 24.5013 -0.1025 car 0.616786390542984
421 13.6355 0.3961 car 0.9229687750339508
421 24.2883 -0.1343 car 0.7372612953186035
422 13.8486 0.3791 car 0.9301859736442566
422 23.8621 -0.1343 car 0.8086778223514557
423 14.0616 0.3961 car 0.9282802939414978
423 23.8621 -0.1343 car 0.8288434147834778
424 14.2747 0.3791 car 0.903902143239975
424 23.6491 -0.1343 car 0.8894540369510651
425 14.4877 0.3791 car 0.9260965585708618
425 23.4360 -0.1343 car 0.917342483997345
426 14.7008 0.3791 car 0.9351091086864471
426 23.2230 -0.1343 car 0.9335522949695587
427 23.0099 -0.1343 car 0.9431417882442474
427 14.9138 0.3791 car 0.9420655965805054
428 22.7969 -0.1343 car 0.9430241882801056
428 14.9138 0.3791 car 0.9417429566383362
429 15.1269 0.3791 car 0.9422982633113861
429 22.3708 -0.1343 car 0.9409983456134796
430 15.3400 0.3791 car 0.9394817054271698
430 22.1577 -0.1184 car 0.9360128343105316
431 15.5530 0.3791 car 0.9259385764598846
431 22.1577 -0.1184 car 0.9165637791156769
432 21.7316 -0.1184 car 0.9057216644287109
432 15.7661 0.3622 car 0.8917976021766663
433 21.5185 -0.1025 car 0.9130535125732422
433 16.1922 0.3791 car 0.8879486620426178
434 21.3055 -0.1025 car 0.9143718481063843
434 16.1922 0.3791 car 0.8762580156326294
435 21.0924 -0.1025 car 0.8947539627552032
435 16.4052 0.3791 car 0.8518770635128021
436 20.8794 -0.1025 car 0.8641404807567596
436 16.6183 0.3791 car 0.8214464485645294
437 20.6663 -0.1025 car 0.8266653120517731
437 17.0444 0.3791 car 0.8012715280056
438 17.2574 0.3791 car 0.8025505840778351
438 20.2402 -0.1184 car 0.7987857460975647
439 17.4705 0.3622 car 0.8092108964920044
439 20.0272 -0.1343 car 0.7681177258491516
440 19.6010 -0.1343 car 0.8197914659976959
440 18.1097 0.3622 car 0.8077189028263092
441 19.3880 -0.1343 car 0.8508488535881042
441 18.1097 0.3622 car 0.8407680988311768
442 19.1749 -0.1502 car 0.8796655535697937
442 18.3227 0.3622 car 0.8614083826541901
443 18.9619 -0.1502 car 0.8963870704174042
443 18.5358 0.3622 car 0.8704160451889038
444 18.9619 -0.1502 car 0.8951417505741119
444 18.5358 0.3622 car 0.8777392208576202
445 18.7488 -0.1502 car 0.8890323638916016
445 18.7488 0.3622 car 0.8844407796859741
446 18.5358 -0.1502 car 0.8822499215602875
446 18.7488 0.3622 car 0.8790290057659149
447 18.9619 0.3622 car 0.8589755892753601
447 18.3227 -0.1502 car 0.8560684621334076
448 18.1097 -0.1184 car 0.8732145726680756
448 19.1749 0.3454 car 0.7993759214878082
449 17.8966 -0.1184 car 0.8708273768424988
449 19.3880 0.3454 car 0.7872749865055084
450 17.6836 -0.1184 car 0.8628585934638977
450 19.6010 0.3454 car 0.7829091548919678
451 17.4705 -0.1184 car 0.8515468537807465
451 19.8141 0.3454 car 0.7928883135318756
452 17.2574 -0.1184 car 0.8268883228302002
452 20.2402 0.3287 car 0.8194187879562378
453 20.4533 0.3287 car 0.8568160235881805
453 17.0444 -0.1343 car 0.794935405254364
454 20.4533 0.3287 car 0.8830404579639435
454 16.6183 -0.1343 car 0.7702818512916565
455 20.6663 0.3287 car 0.882682204246521
455 16.4052 -0.1343 car 0.7354435920715332
456 21.0924 0.3121 car 0.9070384502410889
456 15.7661 -0.1343 car 0.7504294812679291
457 21.3055 0.3121 car 0.9138307869434357
457 15.5530 -0.1502 car 0.7985984981060028
457 15.5530 0.3454 car 0.4313009362667799
458 21.5185 0.3121 car 0.9143849909305573
458 15.3400 -0.1661 car 0.8466550409793854
458 15.3400 0.3454 car 0.4369591102004051
459 21.7316 0.3121 car 0.9114827513694763
459 15.3400 -0.1661 car 0.8752669394016266
459 15.3400 0.3454 car 0.4141286127269268
460 21.9447 0.3121 car 0.902202844619751
460 15.1269 -0.1502 car 0.8843694031238556
461 22.1577 0.3121 car 0.8944607675075531
461 15.1269 -0.1502 car 0.8790375888347626
462 22.3708 0.3121 car 0.8872906565666199
462 14.9138 -0.1661 car 0.8745832145214081
463 22.5838 0.3121 car 0.8745015859603882
463 14.9138 -0.1661 car 0.8526392579078674
464 23.0099 0.2792 car 0.8933543264865875
464 14.4877 -0.1661 car 0.8587568700313568
465 23.2230 0.2956 car 0.9037577211856842
465 14.2747 -0.1821 car 0.8761857151985168
466 23.4360 0.3121 car 0.9091160595417023
466 14.0616 -0.1821 car 0.8983269333839417
467 23.6491 0.2956 car 0.9158553183078766
467 13.8486 -0.1981 car 0.9094356596469879
468 23.8621 0.3121 car 0.9168381989002228
468 13.6355 -0.1981 car 0.9092593193054199
469 24.0752 0.3121 car 0.9231807589530945
469 13.6355 -0.1981 car 0.9024015963077545
470 24.2883 0.2956 car 0.927572637796402
470 13.4225 -0.2142 car 0.8880440592765808
471 24.5013 0.2956 car 0.911699116230011
471 13.2094 -0.2142 car 0.8581195771694183
472 13.2094 -0.2142 car 0.8680799603462219
472 24.9274 0.2792 car 0.7745449841022491
473 12.9963 -0.2304 car 0.8695944249629974
473 24.9274 0.2466 car 0.5352304428815842
474 12.7833 -0.2466 car 0.8744844496250153
475 12.7833 -0.2466 car 0.8768628537654877
476 12.5702 -0.2466 car 0.8741402328014374
477 12.3572 -0.2466 car 0.8678804039955139
478 12.3572 -0.2466 car 0.8603042960166931
479 12.1441 -0.2466 car 0.8429121971130371
480 11.9311 -0.2629 car 0.8680369257926941
481 11.7180 -0.2629 car 0.8729124665260315
482 11.5050 -0.2792 car 0.8761624693870544
483 11.5050 -0.2792 car 0.8687630295753479
484 11.0789 -0.2792 car 0.8649458587169647
485 10.8658 -0.2792 car 0.8536492884159088
486 10.6527 -0.2792 car 0.8496508300304413
487 10.4397 -0.3121 car 0.8381510972976685
488 10.2266 -0.3121 car 0.8609677851200104
489 10.2266 -0.3454 car 0.8829442858695984
490 10.0136 -0.3454 car 0.8933098018169403
491 9.8005 -0.3791 car 0.8968126177787781
492 9.8005 -0.3791 car 0.8888063132762909
493 9.5875 -0.3961 car 0.8727737963199615
494 9.3744 -0.4132 car 0.8702315390110016
495 9.1614 -0.4132 car 0.8536106646060944
496 8.9483 -0.4479 car 0.8858357071876526
497 8.9483 -0.4479 car 0.9056020975112915
497 8.5222 0.5191 car 0.4124099873006344
498 8.9483 -0.4479 car 0.9126194715499878
498 8.3091 0.5191 car 0.4200146868824959
499 8.7352 -0.4831 car 0.9140905141830444
499 8.3091 0.5191 car 0.41266788076609373
500 8.7352 -0.4831 car 0.9112726449966431
501 8.7352 -0.4831 car 0.9019017219543457
502 8.5222 -0.4831 car 0.8858392536640167
503 8.5222 -0.5191 car 0.8663172721862793
504 8.0961 -0.5744 car 0.8359277844429016
505 8.0961 -0.5932 car 0.8498406708240509
506 8.0961 -0.5932 car 0.8534296154975891
507 7.8830 -0.6317 car 0.8585009574890137
508 7.8830 -0.6317 car 0.860325425863266
509 7.6700 -0.6514 car 0.8632918000221252
509 24.7144 -0.1343 car 0.6498996913433075
510 7.6700 -0.6714 car 0.8608236908912659
510 24.5013 -0.1343 car 0.7892495393753052
511 7.6700 -0.6714 car 0.8476809859275818
511 24.2883 -0.1343 car 0.8281468152999878
512 7.6700 -0.7333 car 0.8366248309612274
512 24.0752 -0.1025 car 0.7970006763935089
513 7.4569 -0.7547 car 0.8487697243690491
513 23.8621 -0.1184 car 0.8461833894252777
514 23.6491 -0.1184 car 0.8761774599552155
514 7.4569 -0.7547 car 0.855497807264328
515 23.4360 -0.1184 car 0.8911063373088837
515 7.4569 -0.7765 car 0.8651132881641388
516 23.0099 -0.1184 car 0.8955738544464111
516 7.4569 -0.7988 car 0.8744860589504242
517 22.7969 -0.1343 car 0.8943518400192261
517 7.4569 -0.7988 car 0.884965568780899
518 22.3708 -0.1343 car 0.8903428614139557
518 7.4569 -0.8217 car 0.8902055621147156
519 7.4569 -0.8217 car 0.88986936211586
519 22.1577 -0.1343 car 0.8791987001895905
520 7.4569 -0.8217 car 0.9025635719299316
520 21.7316 -0.1025 car 0.8618813157081604
521 7.4569 -0.8217 car 0.9077114164829254
521 21.5185 -0.1025 car 0.8750106692314148
522 7.4569 -0.8217 car 0.9013775587081909
522 21.3055 -0.1184 car 0.8845201432704926
523 20.8794 -0.1343 car 0.8860058188438416
523 7.4569 -0.8217 car 0.8844711482524872
524 20.6663 -0.1343 car 0.8785439133644104
524 7.4569 -0.8217 car 0.8683729767799377
525 20.2402 -0.1502 car 0.8707105219364166
525 7.4569 -0.8217 car 0.8488056659698486
526 20.0272 -0.1343 car 0.8714960515499115
526 7.4569 -0.8217 car 0.8212113678455353
527 19.8141 -0.1343 car 0.8610925376415253
527 7.4569 -0.8217 car 0.7810118496417999
528 19.1749 -0.1661 car 0.8503827452659607
529 18.9619 -0.1502 car 0.8930533230304718
530 18.7488 -0.1661 car 0.9216541349887848
531 18.5358 -0.1661 car 0.9280194044113159
532 18.3227 -0.1661 car 0.9187420010566711
533 18.1097 -0.1821 car 0.9043310880661011
534 18.1097 -0.1821 car 0.8859171867370605
535 17.6836 -0.1821 car 0.8594001829624176
536 17.2574 -0.1981 car 0.8839402198791504
537 17.0444 -0.1981 car 0.9085863530635834
538 16.8313 -0.1981 car 0.9206652045249939
539 16.6183 -0.1981 car 0.9264833927154541
540 16.4052 -0.1981 car 0.9178977906703949
541 16.1922 -0.1981 car 0.9006686806678772
542 15.7661 -0.1981 car 0.8874804973602295
543 15.5530 -0.1981 car 0.8727661371231079
544 15.3400 -0.2142 car 0.7496772408485413
545 14.9138 -0.2304 car 0.7873307466506958
546 14.7008 -0.2304 car 0.8133347630500793
547 14.4877 -0.2304 car 0.8232227861881256
548 14.2747 -0.2304 car 0.8030092418193817
549 13.8486 -0.2304 car 0.7796617746353149
550 13.8486 -0.2304 car 0.7633932828903198
551 13.4225 -0.2304 car 0.7310215532779694
552 12.9963 -0.2466 car 0.875546395778656
553 12.7833 -0.2629 car 0.9084930717945099
554 12.5702 -0.2792 car 0.9242779314517975
555 12.3572 -0.2792 car 0.9304539561271667
556 12.3572 -0.2792 car 0.9244185388088226
557 12.1441 -0.2792 car 0.9038391411304474
558 11.9311 -0.2956 car 0.8825467228889465
559 11.9311 -0.2956 car 0.8497159779071808
560 11.7180 -0.3287 car 0.8380156755447388
561 11.7180 -0.3287 car 0.8344231843948364
562 11.5050 -0.3454 car 0.8228637278079987
563 10.8658 -0.3454 car 0.7965231239795685
564 10.4397 -0.3454 car 0.8062592446804047
565 10.2266 -0.3622 car 0.8173714280128479
566 10.0136 -0.3622 car 0.8220862746238708
567 9.8005 -0.3622 car 0.8137706220149994
568 9.5875 -0.4132 car 0.8517108857631683
569 9.5875 -0.4305 car 0.8611299991607666
570 9.3744 -0.4305 car 0.8687461614608765
571 9.3744 -0.4479 car 0.8603648245334625
572 9.1614 -0.4479 car 0.8501860797405243
573 8.9483 -0.4831 car 0.8317772746086121
574 8.9483 -0.4831 car 0.8246999680995941
575 8.9483 -0.4831 car 0.8033713102340698
576 8.7352 -0.5191 car 0.8098766505718231
577 8.7352 -0.5191 car 0.8259692192077637
578 8.5222 -0.5373 car 0.8365186154842377
579 8.5222 -0.5557 car 0.8448080718517303
580 8.5222 -0.5557 car 0.8432042300701141
581 8.5222 -0.5557 car 0.8301592767238617
582 8.0961 -0.5932 car 0.8254625201225281
583 8.0961 -0.5932 car 0.8061371445655823
584 19.1749 -0.1981 pedestrian 0.8115802705287933
584 7.6700 -0.6916 car 0.8102025091648102
585 19.1749 -0.1821 pedestrian 0.8381541669368744
585 7.4569 -0.6916 car 0.8331558108329773
586 7.4569 -0.7123 car 0.8567894697189331
586 19.1749 -0.1821 pedestrian 0.8526766896247864
587 7.2439 -0.7333 car 0.8771368563175201
587 19.1749 -0.1821 pedestrian 0.8610785007476807
588 7.2439 -0.7547 car 0.8901605606079102
588 19.1749 -0.1821 pedestrian 0.8611010313034058
589 7.2439 -0.7547 car 0.8932726383209229
589 19.1749 -0.1821 pedestrian 0.8584859073162079
590 7.0308 -0.7765 car 0.8911547660827637
590 19.1749 -0.1821 pedestrian 0.8574079871177673
591 7.0308 -0.7765 car 0.8791570067405701
591 19.3880 -0.1821 pedestrian 0.8504528999328613
592 19.3880 -0.1661 pedestrian 0.8505261540412903
592 7.2439 -0.8217 car 0.7958456575870514
593 19.3880 -0.1661 pedestrian 0.8518303632736206
593 7.0308 -0.8691 car 0.7971710860729218
594 19.3880 -0.1661 pedestrian 0.8489392399787903
594 7.0308 -0.8691 car 0.7833146154880524
595 19.6010 -0.1661 pedestrian 0.838848203420639
595 7.0308 -0.9195 car 0.7492164969444275
596 19.6010 -0.1661 pedestrian 0.8491260707378387
596 7.0308 -0.9195 car 0.7158143222332001
597 19.6010 -0.1661 pedestrian 0.8567712306976318
597 7.0308 -0.9195 car 0.6735423505306244
598 19.6010 -0.1661 pedestrian 0.8569826483726501
598 7.0308 -0.9195 car 0.6140419989824295
599 19.6010 -0.1661 pedestrian 0.8380888104438782
599 7.0308 -0.9195 car 0.5369063019752502
600 19.8141 -0.1661 pedestrian 0.5292953848838806
601 19.8141 -0.1661 pedestrian 0.5349687784910202
602 19.8141 -0.1661 pedestrian 0.5420071929693222
603 19.8141 -0.1661 pedestrian 0.5418543219566345
604 19.8141 -0.1661 pedestrian 0.530359536409378
605 19.8141 -0.1661 pedestrian 0.4863542914390564
606 19.8141 -0.1661 pedestrian 0.4298746734857559
624 20.8794 -0.1025 pedestrian 0.4856913238763809
625 20.8794 -0.1025 pedestrian 0.4840272516012192
626 20.8794 -0.1025 pedestrian 0.4701521247625351
627 21.0924 -0.1025 pedestrian 0.45976467058062553
628 21.0924 -0.1025 pedestrian 0.4571463279426098
629 21.0924 -0.1184 pedestrian 0.44183490984141827
630 21.0924 -0.1184 pedestrian 0.41796967200934887
632 21.3055 -0.1502 pedestrian 0.7489317357540131
633 21.3055 -0.1502 pedestrian 0.7778478562831879
634 21.3055 -0.1502 pedestrian 0.7923984825611115
635 21.3055 -0.1502 pedestrian 0.8021085560321808
636 21.3055 -0.1502 pedestrian 0.811236172914505
637 21.5185 -0.1502 pedestrian 0.822695404291153
638 21.5185 -0.1502 pedestrian 0.8253229558467865
639 21.5185 -0.1502 pedestrian 0.8097347319126129
640 21.5185 -0.1502 pedestrian 0.5603600442409515
641 21.5185 -0.1502 pedestrian 0.560712918639183
642 21.5185 -0.1502 pedestrian 0.5510713011026382
643 21.5185 -0.1502 pedestrian 0.5223609060049057
644 21.5185 -0.1502 pedestrian 0.49974605441093445
645 21.5185 -0.1502 pedestrian 0.47758692502975464
646 21.7316 -0.1502 pedestrian 0.44015054404735565
661 22.3708 -0.1502 pedestrian 0.41232412308454514
662 22.3708 -0.1502 pedestrian 0.42520716041326523
663 22.5838 -0.1502 pedestrian 0.4297112002968788
664 22.5838 -0.1343 pedestrian 0.7190832495689392
665 22.5838 -0.1343 pedestrian 0.7398199439048767
666 22.5838 -0.1343 pedestrian 0.7474570870399475
667 22.5838 -0.1343 pedestrian 0.7496719062328339
668 22.5838 -0.1343 pedestrian 0.7433362305164337
669 22.7969 -0.1343 pedestrian 0.7531701326370239
670 22.7969 -0.1343 pedestrian 0.7779042422771454
671 22.7969 -0.1343 pedestrian 0.783338189125061
672 23.0099 -0.1343 pedestrian 0.8317385911941528
673 23.0099 -0.1343 pedestrian 0.8441712260246277
674 23.0099 -0.1343 pedestrian 0.8470787703990936
675 23.0099 -0.1343 pedestrian 0.8442030549049377
676 23.0099 -0.1343 pedestrian 0.8424693048000336
677 23.0099 -0.1343 pedestrian 0.8366687893867493
678 23.0099 -0.1343 pedestrian 0.8266862034797668
679 23.2230 -0.1502 pedestrian 0.8275642693042755
680 23.2230 -0.1502 pedestrian 0.7940207719802856
681 23.2230 -0.1502 pedestrian 0.7847250998020172
682 23.2230 -0.1502 pedestrian 0.7696532309055328
683 23.2230 -0.1502 pedestrian 0.7540318071842194
684 23.4360 -0.1502 pedestrian 0.755040854215622
685 23.4360 -0.1502 pedestrian 0.7543114721775055
686 23.4360 -0.1502 pedestrian 0.7436675727367401
687 23.4360 -0.1502 pedestrian 0.7112775444984436
688 23.6491 -0.1502 pedestrian 0.6633724868297577
689 23.6491 -0.1502 pedestrian 0.6696655452251434
690 23.6491 -0.1502 pedestrian 0.6773567199707031
691 23.6491 -0.1502 pedestrian 0.6842248141765594
692 23.8621 -0.1502 pedestrian 0.6970434188842773
693 23.8621 -0.1502 pedestrian 0.7062395513057709
694 23.8621 -0.1502 pedestrian 0.7074409425258636
695 23.8621 -0.1502 pedestrian 0.6833547055721283
696 23.8621 -0.1343 pedestrian 0.759265273809433
697 23.8621 -0.1343 pedestrian 0.7613957226276398
698 23.8621 -0.1343 pedestrian 0.7540834844112396
699 23.8621 -0.1343 pedestrian 0.7441398501396179
700 23.8621 -0.1343 pedestrian 0.7300809621810913
701 23.8621 -0.1343 pedestrian 0.717718094587326
702 23.8621 -0.1343 pedestrian 0.68841952085495
703 24.0752 -0.1343 pedestrian 0.6382783353328705
704 24.0752 -0.1184 pedestrian 0.5257494300603867
705 24.0752 -0.1184 pedestrian 0.5128355771303177
706 24.0752 -0.1184 pedestrian 0.503992035984993
707 24.0752 -0.1025 pedestrian 0.4988703727722168
708 24.2883 -0.1184 pedestrian 0.5057522803544998
709 24.2883 -0.1184 pedestrian 0.4913761019706726
710 24.2883 -0.1184 pedestrian 0.45800575613975525
711 24.2883 -0.1184 pedestrian 0.40580540895462036
833 24.7144 -0.1981 pedestrian 0.4117066115140915
834 24.7144 -0.1981 pedestrian 0.43744872510433197
835 24.7144 -0.1981 pedestrian 0.4523582309484482
836 24.7144 -0.1981 pedestrian 0.4549974650144577
837 24.5013 -0.1981 pedestrian 0.455935999751091
838 24.5013 -0.1981 pedestrian 0.45179980993270874
839 24.5013 -0.2142 pedestrian 0.4260242134332657
840 24.2883 -0.1821 pedestrian 0.43627017736434937
841 24.2883 -0.1821 pedestrian 0.47036369144916534
842 24.2883 -0.1821 pedestrian 0.4922306388616562
843 24.2883 -0.1821 pedestrian 0.5071670264005661
844 24.0752 -0.1821 pedestrian 0.5233834087848663
845 24.0752 -0.1821 pedestrian 0.5568331778049469
846 24.0752 -0.1821 pedestrian 0.5626944154500961
847 24.0752 -0.1821 pedestrian 0.5421159714460373
848 24.0752 -0.1981 pedestrian 0.5147208571434021
849 24.0752 -0.1981 pedestrian 0.5099806785583496
850 24.0752 -0.1981 pedestrian 0.5058077871799469
851 24.0752 -0.1981 pedestrian 0.5127867162227631
852 24.0752 -0.1981 pedestrian 0.5453542321920395
853 24.0752 -0.2142 pedestrian 0.5592032372951508
854 24.0752 -0.2142 pedestrian 0.5444018840789795
855 24.0752 -0.2142 pedestrian 0.4984888583421707
864 24.9274 -0.1184 car 0.5278366655111313
865 24.7144 -0.1025 car 0.7151601910591125
866 24.5013 -0.1343 car 0.8200728595256805
867 24.2883 -0.1343 car 0.8591668009757996
868 24.0752 -0.1343 car 0.8776086866855621
869 23.8621 -0.1343 car 0.88019859790802
870 23.6491 -0.1343 car 0.8744499087333679
871 23.4360 -0.1343 car 0.8575409352779388
872 23.2230 -0.1025 car 0.8365960121154785
873 23.2230 -0.1025 car 0.8596614301204681
874 23.0099 -0.1025 car 0.8734137117862701
875 22.7969 -0.1025 car 0.871473491191864
876 22.5838 -0.1025 car 0.8585531711578369
877 22.3708 -0.1025 car 0.8469122648239136
878 22.1577 -0.1025 car 0.8341938555240631
879 21.9447 -0.1025 car 0.8125665485858917
880 21.5185 -0.1025 car 0.8538463711738586
881 21.3055 -0.1025 car 0.8719255924224854
882 21.0924 -0.1025 car 0.8799217045307159
883 20.8794 -0.1025 car 0.8811529278755188
884 20.6663 -0.1025 car 0.8632869720458984
885 20.4533 -0.1025 car 0.8493741154670715
886 20.2402 -0.1025 car 0.8304732441902161
887 20.0272 -0.1025 car 0.817518413066864
888 19.6010 -0.1343 car 0.8317382335662842
889 19.1749 -0.1343 car 0.8445984721183777
890 19.1749 -0.1343 car 0.8568405508995056
891 18.7488 -0.1343 car 0.8737509250640869
892 18.5358 -0.1502 car 0.8653929829597473
893 18.5358 -0.1502 car 0.8682072758674622
894 18.3227 -0.1502 car 0.8819164633750916
895 18.1097 -0.1502 car 0.8790807723999023
