0 7.8830 0.4831 car 0.503269612789154
1 7.8830 0.4831 car 0.5168782472610474
2 7.8830 0.4831 car 0.48861005902290344
2 25.1405 0.0236 car 0.4418644905090332
3 24.9274 -0.0394 car 0.5801167488098145
3 8.0961 0.4654 car 0.42801207304000854
4 24.5013 -0.0867 car 0.6366811394691467
4 8.0961 0.4654 car 0.41150423884391785
5 24.0752 -0.0709 car 0.6277356147766113
6 23.8621 -0.0867 car 0.6223878264427185
7 23.4360 -0.0551 car 0.6029753684997559
8 23.2230 -0.0709 car 0.682301253080368
9 22.7969 -0.0551 car 0.7076675295829773
10 22.5838 -0.0709 car 0.7453911602497101
11 22.3708 -0.0709 car 0.7678648233413696
12 21.9447 -0.0551 car 0.7591115832328796
13 21.7316 -0.0551 car 0.7385033965110779
14 21.5185 -0.0709 car 0.7292742729187012
15 21.3055 -0.0709 car 0.6940760910511017
16 20.8794 -0.0867 car 0.6844848692417145
17 20.6663 -0.1025 car 0.682551920413971
18 20.4533 -0.1025 car 0.6956587135791779
19 20.0272 -0.1343 car 0.7052216827869415
20 19.8141 -0.1343 car 0.7022244930267334
21 19.6010 -0.1343 car 0.6859537661075592
22 19.3880 -0.1502 car 0.6792462170124054
23 19.1749 -0.1661 car 0.6434419453144073
40 17.4705 -0.2304 car 0.5375672578811646
40 7.8830 0.4479 car 0.42940983176231384
40 8.3091 0.3791 car 0.4122437834739685
41 17.2574 -0.2304 car 0.545576199889183
41 7.8830 0.4479 car 0.4451334625482559
41 8.3091 0.3791 car 0.4236786663532257
42 17.0444 -0.1981 car 0.568257212638855
42 7.8830 0.4479 car 0.4767124354839325
43 16.8313 -0.1981 car 0.5440287292003632
43 7.8830 0.4479 car 0.5087514072656631
44 7.8830 0.4479 car 0.5431016385555267
44 12.9963 -0.3287 car 0.5079046040773392
44 16.4052 -0.2142 car 0.4910746365785599
45 7.8830 0.4479 car 0.5603771656751633
45 12.5702 -0.3287 car 0.5065285861492157
45 16.1922 -0.1981 car 0.4546026363968849
46 7.8830 0.4479 car 0.5753812938928604
46 12.1441 -0.3287 car 0.533806324005127
46 15.7661 -0.1981 car 0.43281495571136475
47 7.8830 0.4479 car 0.5608201622962952
47 11.9311 -0.3287 car 0.5311842411756516
47 15.1269 -0.1981 car 0.41609518975019455
48 11.2919 -0.2792 car 0.7320608794689178
48 7.4569 0.4831 car 0.7082085013389587
48 14.9138 -0.1981 car 0.6906602382659912
49 11.0789 -0.2956 car 0.7417244911193848
49 7.4569 0.4831 car 0.6964741945266724
49 14.7008 -0.2142 car 0.6926160454750061
50 10.8658 -0.3121 car 0.74802365899086
50 14.4877 -0.2142 car 0.6947325766086578
50 7.4569 0.4831 car 0.6781925857067108
51 10.4397 -0.3287 car 0.7396749556064606
51 14.2747 -0.2142 car 0.6934655904769897
51 7.2439 0.4831 car 0.6576668620109558
52 10.2266 -0.3287 car 0.7201520800590515
52 13.8486 -0.2142 car 0.694810152053833
52 7.2439 0.4831 car 0.6454260051250458
53 13.4225 -0.2142 car 0.700816810131073
53 10.0136 -0.3454 car 0.6857464015483856
53 7.2439 0.4831 car 0.6188639998435974
54 13.2094 -0.2142 car 0.6989849805831909
54 9.8005 -0.3454 car 0.6478240191936493
54 7.2439 0.4479 car 0.5845832824707031
55 12.9963 -0.2142 car 0.6710211336612701
55 9.5875 -0.3622 car 0.5959348678588867
55 7.6700 0.4305 car 0.5519890189170837
56 12.7833 -0.2142 car 0.6841831803321838
56 8.5222 0.3622 car 0.6736850142478943
56 9.3744 -0.4305 car 0.4693308621644974
57 8.3091 0.3791 car 0.7068242132663727
57 12.3572 -0.2466 car 0.6763925850391388
57 8.9483 -0.4305 car 0.44864267110824585
58 8.3091 0.3791 car 0.7391499578952789
58 11.9311 -0.2466 car 0.6812616884708405
58 8.9483 -0.4654 car 0.4355494976043701
59 8.0961 0.3961 car 0.756432831287384
59 11.7180 -0.2792 car 0.7007595300674438
59 8.5222 -0.4654 car 0.4152746796607971
60 8.0961 0.3961 car 0.7656915187835693
60 11.2919 -0.2956 car 0.7225756645202637
60 8.3091 -0.4831 car 0.4091886579990387
61 7.8830 0.4132 car 0.74930539727211
61 11.0789 -0.2956 car 0.735707551240921
61 16.8313 -0.1661 car 0.40868207812309265
61 8.0961 -0.5010 car 0.4051136374473572
62 7.8830 0.4132 car 0.7309702336788177
62 10.8658 -0.3121 car 0.7185257375240326
62 16.4052 -0.1661 car 0.4486413449048996
62 7.8830 -0.5010 car 0.40725885331630707
63 7.6700 0.4132 car 0.6930345296859741
63 10.6527 -0.3121 car 0.6631149351596832
63 16.1922 -0.1981 car 0.46659402549266815
64 7.8830 0.3791 car 0.6917937099933624
64 10.4397 -0.3454 car 0.5735430717468262
64 7.4569 -0.5010 car 0.5454917997121811
64 15.7661 -0.1661 car 0.5020270794630051
65 7.6700 0.3791 car 0.682822585105896
65 7.2439 -0.5010 car 0.5500205457210541
65 10.2266 -0.3454 car 0.5370276570320129
65 15.3400 -0.1343 car 0.474752739071846
66 7.6700 0.3791 car 0.6797969043254852
66 7.2439 -0.5010 car 0.5491052120923996
66 10.0136 -0.3622 car 0.5128851383924484
66 15.1269 -0.1343 car 0.4450826793909073
67 7.6700 0.3791 car 0.6763786971569061
67 7.2439 -0.5191 car 0.5313205569982529
67 9.1614 -0.4305 car 0.516497939825058
67 18.5358 -0.1025 car 0.4057759940624237
68 7.6700 0.3791 car 0.674065351486206
68 8.7352 -0.4479 car 0.5853976607322693
68 18.1097 -0.1025 car 0.4436405599117279
69 8.5222 -0.4654 car 0.658880352973938
69 7.6700 0.3622 car 0.6556723713874817
69 17.8966 -0.1025 car 0.46742480993270874
70 8.3091 -0.4654 car 0.7130061388015747
70 7.4569 0.3791 car 0.6327821016311646
70 17.6836 -0.1025 car 0.49414440989494324
71 8.0961 -0.4831 car 0.7392803728580475
71 7.4569 0.3791 car 0.5879131257534027
71 17.4705 -0.1025 car 0.4765941798686981
72 7.8830 -0.5010 car 0.7322159111499786
72 7.8830 0.3791 car 0.592382937669754
72 17.4705 -0.1343 car 0.5794374942779541
73 7.6700 -0.5010 car 0.7450732290744781
73 7.8830 0.3791 car 0.589235246181488
73 17.2574 -0.1343 car 0.5653138756752014
74 7.4569 -0.5191 car 0.7269473373889923
74 7.8830 0.3791 car 0.5856086611747742
74 16.8313 -0.1343 car 0.5360020697116852
75 7.2439 -0.5373 car 0.6960409283638
75 7.8830 0.3791 car 0.5719397664070129
75 16.4052 -0.1343 car 0.49337486922740936
76 7.0308 -0.5557 car 0.6538350433111191
76 7.8830 0.4479 car 0.5736489295959473
76 16.1922 -0.1343 car 0.46990980207920074
77 7.0308 -0.5557 car 0.581873431801796
77 7.6700 0.4654 car 0.5770060867071152
77 15.7661 -0.1343 car 0.4489450454711914
78 7.6700 0.4654 car 0.5732603073120117
78 7.0308 -0.5557 car 0.49822019040584564
78 15.5530 -0.1343 car 0.44103774428367615
79 7.4569 0.4654 car 0.5420582294464111
79 6.8178 -0.5557 car 0.41591132432222366
80 7.2439 0.4831 car 0.7577025294303894
80 15.5530 -0.1661 car 0.4297863692045212
81 7.0308 0.4831 car 0.7786087095737457
81 19.8141 0.1502 car 0.42072513699531555
82 7.0308 0.4831 car 0.7878409028053284
82 19.8141 0.1502 car 0.46815502643585205
83 6.8178 0.5010 car 0.7891645431518555
83 19.6010 0.1502 car 0.4698898494243622
84 6.8178 0.5191 car 0.7841521799564362
84 19.3880 0.1502 car 0.4513116031885147
85 6.8178 0.5010 car 0.7606635689735413
85 18.7488 0.1502 car 0.4310853034257889
85 13.6355 -0.1981 car 0.4082285314798355
86 6.8178 0.5010 car 0.7353225648403168
86 13.4225 -0.2304 car 0.4487965628504753
86 18.5358 0.1502 car 0.4174914062023163
87 6.8178 0.4831 car 0.7036815583705902
87 13.2094 -0.2304 car 0.4649365022778511
88 12.9963 -0.2304 car 0.7732244431972504
88 7.0308 0.4831 car 0.7506313920021057
88 7.4569 -0.5744 car 0.6193057894706726
88 17.4705 0.1502 car 0.4103679805994034
89 12.7833 -0.2466 car 0.7845724821090698
89 7.0308 0.4831 car 0.7676807940006256
89 7.4569 -0.5932 car 0.610527515411377
89 17.2574 0.1502 car 0.40626260638237
90 6.8178 0.4654 car 0.7816290259361267
90 12.5702 -0.2629 car 0.7781237661838531
90 7.4569 -0.6124 car 0.6060005724430084
90 17.0444 0.1502 car 0.4035852402448654
91 6.8178 0.4654 car 0.7909873723983765
91 12.1441 -0.2629 car 0.7373947203159332
91 7.4569 -0.6124 car 0.6092474162578583
92 6.6047 0.4479 car 0.7974391281604767
92 11.9311 -0.2792 car 0.671366274356842
92 7.4569 -0.6124 car 0.6279661953449249
93 6.6047 0.4479 car 0.7827765345573425
93 7.4569 -0.6124 car 0.6431868076324463
93 11.5050 -0.2792 car 0.5857850611209869
94 6.3916 0.4654 car 0.7499940395355225
94 7.4569 -0.6124 car 0.6517437696456909
94 11.0789 -0.2792 car 0.524090975522995
95 6.3916 0.4831 car 0.7021500468254089
95 7.2439 -0.6514 car 0.6390010416507721
95 10.6527 -0.2792 car 0.46583350002765656
96 6.3916 0.5010 car 0.7378607094287872
96 7.6700 -0.6916 car 0.7353146374225616
96 10.8658 -0.3121 car 0.514104962348938
96 15.9791 0.2304 car 0.510145366191864
97 7.4569 -0.6916 car 0.7572949528694153
97 6.3916 0.5010 car 0.7101777493953705
97 15.5530 0.2304 car 0.49132829904556274
97 10.4397 -0.3121 car 0.48197831213474274
98 7.2439 -0.7123 car 0.7681272327899933
98 6.3916 0.5010 car 0.6651524007320404
98 10.0136 -0.3622 car 0.4705849587917328
98 15.3400 0.2304 car 0.45919084548950195
99 7.2439 -0.7123 car 0.7795009315013885
99 6.6047 0.4831 car 0.6189757287502289
99 9.8005 -0.3791 car 0.4807448089122772
100 7.0308 -0.7123 car 0.7826527953147888
100 6.6047 0.4831 car 0.5835782587528229
100 9.3744 -0.3791 car 0.49681125581264496
101 7.0308 -0.7123 car 0.7631175220012665
101 6.6047 0.4831 car 0.5468305051326752
101 9.1614 -0.4305 car 0.5077048093080521
102 6.8178 -0.7333 car 0.7335774302482605
102 6.6047 0.4831 car 0.5150665789842606
102 8.7352 -0.4479 car 0.5047009587287903
103 6.8178 -0.6916 car 0.6688805222511292
103 6.6047 0.4831 car 0.4909283369779587
104 6.3916 -0.7333 car 0.6706888973712921
104 6.8178 0.4831 car 0.6306866109371185
104 13.6355 0.3121 car 0.4092220067977905
105 6.8178 -0.6124 car 0.6387852728366852
105 6.6047 0.4831 car 0.613839328289032
105 13.2094 0.3454 car 0.4096006453037262
106 7.0308 -0.5557 car 0.6509999632835388
106 6.6047 0.4831 car 0.5873523354530334
106 12.9963 0.3454 car 0.41705380380153656
107 7.0308 -0.5191 car 0.6813868880271912
107 6.6047 0.4831 car 0.5608855783939362
107 12.7833 0.3454 car 0.41005750745534897
108 7.0308 -0.5191 car 0.7085830569267273
108 6.6047 0.4831 car 0.5435411632061005
108 12.3572 0.3454 car 0.40952645242214203
109 7.0308 -0.5191 car 0.7082540988922119
109 6.6047 0.4831 car 0.5024657845497131
109 11.9311 0.3454 car 0.4126300662755966
110 6.8178 -0.5373 car 0.6912218630313873
110 6.1786 0.4831 car 0.4560886025428772
110 11.7180 0.3454 car 0.40746258944272995
111 6.8178 -0.5373 car 0.6486173570156097
111 6.1786 0.4831 car 0.40383610129356384
112 7.0308 0.3791 car 0.6449201107025146
112 6.8178 -0.5557 car 0.6363633573055267
112 11.0789 0.3454 car 0.45365114510059357
113 7.0308 0.3791 car 0.6513918042182922
113 6.8178 -0.5557 car 0.6257597804069519
113 10.6527 0.3454 car 0.4172277897596359
114 7.0308 0.3791 car 0.6544994115829468
114 6.8178 -0.5191 car 0.5929509997367859
115 7.0308 0.3791 car 0.6561537683010101
115 6.8178 -0.5191 car 0.552766740322113
116 7.0308 0.3791 car 0.661136120557785
116 7.0308 -0.5010 car 0.5361351519823074
117 7.0308 0.3791 car 0.6471028029918671
117 7.2439 -0.5010 car 0.5185825228691101
118 7.0308 0.3791 car 0.6226037442684174
118 7.4569 -0.5010 car 0.48471133410930634
119 7.0308 0.3791 car 0.5816812515258789
119 7.2439 -0.5010 car 0.42500774562358856
120 6.6047 0.3791 car 0.6125877499580383
121 6.6047 0.3791 car 0.5621737092733383
122 6.6047 0.3791 car 0.4838332384824753
123 6.6047 0.3791 car 0.40140919387340546
128 6.8178 0.3791 car 0.420749731361866
136 6.8178 0.4132 car 0.7434303164482117
137 6.8178 0.4132 car 0.7559908628463745
138 6.8178 0.4132 car 0.7504568099975586
139 6.1786 0.5010 car 0.7422521412372589
139 6.1786 0.4132 car 0.7293882369995117
140 6.1786 0.5010 car 0.734538733959198
140 6.6047 0.4132 car 0.7166885733604431
141 6.1786 0.5191 car 0.7049454152584076
142 6.1786 0.5191 car 0.6626223027706146
143 6.1786 0.5191 car 0.5994715690612793
144 6.1786 0.5557 car 0.5682330429553986
145 6.1786 0.5373 car 0.5007131099700928
146 6.1786 0.5373 car 0.4178810119628906
168 6.1786 0.5010 car 0.4839271754026413
169 6.1786 0.5010 car 0.4209427833557129
184 24.0752 -0.1025 car 0.43250446021556854
185 23.6491 -0.0867 car 0.5073502510786057
186 23.4360 -0.0867 car 0.6028605699539185
187 23.0099 -0.0867 car 0.6856876909732819
188 22.7969 -0.0867 car 0.7171240746974945
189 22.3708 -0.0867 car 0.7054102122783661
190 22.1577 -0.0867 car 0.7017841935157776
191 21.9447 -0.0709 car 0.6575161516666412
192 21.7316 -0.0709 car 0.6191214919090271
193 21.5185 -0.0551 car 0.5656612515449524
194 21.3055 -0.0709 car 0.5254374593496323
195 20.8794 -0.0867 car 0.4668366461992264
196 20.4533 -0.0867 car 0.4246230125427246
199 19.3880 -0.0551 car 0.40215955674648285
200 19.3880 -0.0867 car 0.5447440892457962
201 18.9619 -0.0867 car 0.562604159116745
202 18.7488 -0.1025 car 0.5910934209823608
203 18.5358 -0.1025 car 0.6007838249206543
204 18.1097 -0.1025 car 0.6080203056335449
205 17.6836 -0.1184 car 0.6055367290973663
206 17.4705 -0.1184 car 0.615066647529602
207 17.0444 -0.1343 car 0.6110925078392029
208 7.0308 0.5010 car 0.6369560658931732
208 17.0444 -0.1184 car 0.5713406801223755
208 7.0308 -0.5557 car 0.49700509011745453
208 6.3916 -0.7333 car 0.44254716485738754
209 6.8178 0.5010 car 0.6369196027517319
209 16.6183 -0.1502 car 0.5707670152187347
209 6.8178 -0.5557 car 0.527113288640976
209 6.3916 -0.7333 car 0.4559798091650009
210 6.8178 0.5010 car 0.6132293939590454
210 16.4052 -0.1502 car 0.5907878875732422
210 6.6047 -0.5557 car 0.54123654961586
210 6.6047 -0.7333 car 0.4550216794013977
211 15.9791 -0.1502 car 0.5988413393497467
211 6.8178 0.5010 car 0.5747574865818024
211 6.6047 -0.5557 car 0.5464926213026047
212 15.7661 -0.1502 car 0.594520628452301
212 6.6047 -0.5557 car 0.5267886817455292
212 6.8178 0.5010 car 0.4953010082244873
213 15.3400 -0.1661 car 0.5988512933254242
213 6.6047 -0.5557 car 0.4588104784488678
214 15.1269 -0.1821 car 0.6047028303146362
214 23.2230 0.1502 car 0.4043472707271576
215 14.7008 -0.1981 car 0.5997758507728577
215 23.0099 0.1502 car 0.4335487186908722
216 14.7008 -0.1821 car 0.4987262636423111
217 14.4877 -0.2142 car 0.5072001218795776
218 14.2747 -0.2142 car 0.5251140594482422
219 13.8486 -0.2304 car 0.5498404204845428
220 13.4225 -0.2304 car 0.5555557608604431
221 13.2094 -0.2304 car 0.5574317872524261
222 12.9963 -0.2466 car 0.5588269829750061
223 12.5702 -0.2466 car 0.5340289920568466
224 12.3572 -0.2792 car 0.5470917671918869
225 11.9311 -0.2792 car 0.5313743650913239
226 11.7180 -0.2956 car 0.5176766812801361
227 11.2919 -0.2956 car 0.5117076933383942
227 19.6010 0.1502 car 0.41536135971546173
228 10.8658 -0.2956 car 0.5040092617273331
228 19.3880 0.1502 car 0.4420706033706665
229 10.2266 -0.3121 car 0.5097828805446625
229 19.1749 0.1502 car 0.4559332877397537
230 10.0136 -0.3121 car 0.531970739364624
230 18.7488 0.1502 car 0.4710037559270859
231 9.8005 -0.3121 car 0.5287926495075226
231 18.7488 0.1502 car 0.4601638913154602
232 7.6700 -0.3961 car 0.5053068846464157
232 18.3227 0.1502 car 0.45020169019699097
232 18.3227 -0.1343 car 0.4037690907716751
233 7.6700 -0.3961 car 0.5239400863647461
233 17.8966 0.1502 car 0.45341701805591583
233 17.8966 -0.1981 car 0.4018361270427704
234 7.4569 -0.3961 car 0.5420590043067932
234 17.8966 0.1502 car 0.46873044967651367
234 17.6836 -0.1981 car 0.42136792838573456
235 7.4569 -0.3961 car 0.5505114793777466
235 17.6836 0.1502 car 0.4494401216506958
235 17.2574 -0.2304 car 0.42752766609191895
236 7.6700 -0.3961 car 0.5702043771743774
236 17.2574 -0.2304 car 0.44286753237247467
236 17.2574 0.1502 car 0.4105643182992935
237 7.6700 -0.4132 car 0.6000286638736725
237 23.8621 -0.1343 car 0.4782749116420746
237 16.8313 -0.2304 car 0.44612129032611847
238 7.8830 -0.3791 car 0.6290881037712097
238 23.8621 -0.1343 car 0.5745140165090561
238 16.8313 -0.2304 car 0.4412236288189888
239 7.6700 -0.3961 car 0.6424988210201263
239 23.6491 -0.1343 car 0.5894150733947754
239 16.4052 -0.1981 car 0.41256028413772583
240 6.3916 -0.4831 car 0.6368626654148102
240 7.4569 -0.4479 car 0.6186547577381134
240 16.4052 -0.1981 car 0.6071909666061401
241 6.3916 -0.4831 car 0.6847914159297943
241 16.4052 -0.2304 car 0.5919318497180939
242 5.9655 -0.4831 car 0.7361057996749878
242 16.1922 -0.2304 car 0.5770340859889984
243 5.9655 -0.4831 car 0.7879862189292908
243 15.7661 -0.1981 car 0.5401275902986526
243 22.7969 -0.1981 car 0.4060944765806198
244 5.9655 -0.4831 car 0.8242651522159576
244 15.5530 -0.1981 car 0.5201409757137299
244 22.3708 -0.1981 car 0.4265960454940796
244 7.2439 0.5010 car 0.42546720057725906
244 21.5185 0.3454 car 0.41674545407295227
245 5.9655 -0.4831 car 0.8551598489284515
245 15.3400 -0.2142 car 0.5017623007297516
245 7.2439 0.5010 car 0.4419364929199219
245 21.0924 0.3454 car 0.434761643409729
245 22.3708 -0.1981 car 0.42450959980487823
246 5.9655 -0.4831 car 0.8724887371063232
246 15.1269 -0.1981 car 0.4898925721645355
246 20.6663 0.3454 car 0.458390936255455
246 7.2439 0.5010 car 0.4424494504928589
246 21.9447 -0.1981 car 0.40392516553401947
247 5.9655 -0.5010 car 0.8715638220310211
247 14.7008 -0.1981 car 0.4603440761566162
247 20.4533 0.3454 car 0.42729613184928894
247 7.2439 0.5010 car 0.42279215157032013
248 5.9655 -0.5373 car 0.8588634431362152
248 14.0616 -0.1981 car 0.6731766164302826
248 7.2439 0.5010 car 0.6327022314071655
249 5.7525 -0.5191 car 0.8766264915466309
249 13.8486 -0.1981 car 0.6607189476490021
249 7.2439 0.5010 car 0.6305541098117828
250 5.5394 -0.5557 car 0.8847501575946808
250 13.4225 -0.1981 car 0.6662678122520447
250 7.2439 0.5010 car 0.6091610789299011
251 5.5394 -0.5557 car 0.8917295336723328
251 12.9963 -0.2304 car 0.6856249868869781
251 7.2439 0.5010 car 0.5757783055305481
252 5.5394 -0.5932 car 0.8792139291763306
252 12.3572 -0.2792 car 0.7324212193489075
252 7.2439 0.5010 car 0.5394143760204315
253 5.5394 -0.5744 car 0.8435382843017578
253 12.1441 -0.2629 car 0.7581711709499359
253 7.2439 0.4831 car 0.4841008186340332
254 5.5394 -0.5744 car 0.7876696586608887
254 11.9311 -0.2792 car 0.7647335231304169
254 7.2439 0.4654 car 0.42818985879421234
255 11.9311 -0.2792 car 0.731576532125473
255 5.5394 -0.5744 car 0.6919496059417725
256 5.5394 -0.5744 car 0.7434807419776917
256 11.9311 -0.2956 car 0.6634481251239777
256 7.2439 0.3791 car 0.5735346376895905
257 5.7525 -0.5191 car 0.6585849523544312
257 11.9311 -0.3121 car 0.604564905166626
257 7.2439 0.3791 car 0.5968567430973053
258 7.2439 0.3791 car 0.6161026954650879
258 5.9655 -0.5191 car 0.5716292411088943
258 11.7180 -0.3287 car 0.5503244698047638
259 7.0308 0.4654 car 0.6371798515319824
259 11.2919 -0.3454 car 0.5079697221517563
259 5.9655 -0.5010 car 0.496465340256691
260 7.0308 0.4654 car 0.6610919833183289
260 11.0789 -0.3454 car 0.4598674476146698
260 5.9655 -0.5010 car 0.44678954035043716
261 7.0308 0.4654 car 0.6624057292938232
261 10.6527 -0.3454 car 0.42219439148902893
261 5.9655 -0.5010 car 0.4036313146352768
262 6.8178 0.4831 car 0.6581538319587708
262 10.2266 -0.3454 car 0.40135933458805084
263 6.8178 0.4831 car 0.6184587776660919
264 6.1786 -0.5010 car 0.7135480344295502
264 6.8178 0.5010 car 0.6233599483966827
264 17.2574 -0.2956 car 0.5834942758083344
264 10.0136 -0.3454 car 0.48353905975818634
265 5.9655 -0.5010 car 0.7249528169631958
265 17.0444 -0.2956 car 0.6311273276805878
265 6.6047 0.5010 car 0.5998771488666534
265 9.8005 -0.3454 car 0.41301029920578003
266 5.7525 -0.5010 car 0.7190095782279968
266 16.8313 -0.2956 car 0.697676032781601
266 6.6047 0.5010 car 0.5544441640377045
267 16.6183 -0.3287 car 0.7445788383483887
267 5.9655 -0.5010 car 0.6854313015937805
267 6.6047 0.5010 car 0.49093984067440033
267 8.3091 -0.3961 car 0.4024389982223511
268 16.1922 -0.3287 car 0.7836295664310455
268 6.1786 -0.5010 car 0.6451848149299622
268 6.6047 0.5010 car 0.4225328415632248
269 15.9791 -0.3287 car 0.8125945031642914
269 6.1786 -0.5010 car 0.5986569821834564
270 15.7661 -0.3287 car 0.82230544090271
270 6.6047 -0.4654 car 0.5649689137935638
271 15.5530 -0.3287 car 0.8083361387252808
271 6.8178 -0.4305 car 0.5409292876720428
272 15.3400 -0.3454 car 0.6932576894760132
272 7.0308 -0.4305 car 0.6127797663211823
273 15.1269 -0.3454 car 0.7042366564273834
273 6.8178 -0.4654 car 0.630879670381546
273 21.5185 -0.2142 car 0.4150583744049072
274 15.1269 -0.3622 car 0.7323800921440125
274 6.6047 -0.5010 car 0.6365264356136322
274 21.0924 -0.2304 car 0.4629416763782501
275 14.7008 -0.3622 car 0.7517377138137817
275 6.6047 -0.5010 car 0.6446535587310791
275 20.6663 -0.2304 car 0.46684543788433075
276 14.7008 -0.3622 car 0.7430717051029205
276 6.3916 -0.5010 car 0.646880030632019
276 20.4533 -0.2629 car 0.4625360816717148
277 14.2747 -0.3791 car 0.7312774658203125
277 6.3916 -0.5010 car 0.6293213367462158
277 20.2402 -0.2629 car 0.4635617882013321
278 14.0616 -0.3961 car 0.7072852253913879
278 6.1786 -0.5010 car 0.597314178943634
278 19.8141 -0.2792 car 0.486127108335495
279 14.0616 -0.3961 car 0.6494284868240356
279 6.1786 -0.5010 car 0.5387109518051147
279 19.3880 -0.2792 car 0.48269282281398773
280 6.1786 -0.5010 car 0.7352636754512787
280 19.1749 -0.2792 car 0.5564507246017456
281 6.1786 -0.5010 car 0.7242158055305481
281 18.9619 -0.2792 car 0.6251455545425415
282 18.5358 -0.2956 car 0.6962874531745911
282 6.1786 -0.5010 car 0.6950896978378296
283 18.3227 -0.2956 car 0.7477338016033173
283 5.9655 -0.5010 car 0.6562674045562744
284 18.1097 -0.2956 car 0.7478123009204865
284 5.9655 -0.5010 car 0.5838770568370819
285 17.8966 -0.2792 car 0.723175585269928
285 5.7525 -0.5010 car 0.46573109924793243
286 17.4705 -0.2792 car 0.6771859526634216
287 17.0444 -0.2956 car 0.6149650812149048
288 11.7180 -0.4831 car 0.5675083696842194
288 16.6183 -0.3622 car 0.5550573766231537
288 23.6491 -0.1981 car 0.5253449827432632
289 23.4360 -0.2304 car 0.5700289756059647
289 16.1922 -0.4132 car 0.5690895915031433
289 11.5050 -0.4831 car 0.5578640699386597
290 23.2230 -0.2304 car 0.6412811875343323
290 15.7661 -0.4305 car 0.5968858301639557
290 11.2919 -0.5010 car 0.545475959777832
291 23.0099 -0.2304 car 0.668435126543045
291 15.7661 -0.4305 car 0.6198585629463196
291 11.2919 -0.5010 car 0.48076996207237244
292 22.7969 -0.2304 car 0.666238397359848
292 15.3400 -0.4305 car 0.6302125751972198
292 10.8658 -0.5744 car 0.412131667137146
293 22.5838 -0.2142 car 0.6477495729923248
293 14.9138 -0.4654 car 0.6085537970066071
294 22.3708 -0.2304 car 0.6347463428974152
294 14.7008 -0.4654 car 0.5948658883571625
295 22.1577 -0.2142 car 0.6008257269859314
295 14.2747 -0.4654 car 0.5771961212158203
296 21.9447 -0.2304 car 0.7234610319137573
296 14.2747 -0.4654 car 0.6263092756271362
297 21.5185 -0.2304 car 0.700429767370224
297 14.0616 -0.4831 car 0.6451321840286255
298 21.3055 -0.2466 car 0.6924403011798859
298 13.8486 -0.4654 car 0.6567003428936005
299 13.6355 -0.4831 car 0.6616776287555695
299 20.8794 -0.2466 car 0.6603633761405945
300 13.6355 -0.4479 car 0.6413774490356445
300 20.6663 -0.2466 car 0.6088017523288727
301 13.2094 -0.4831 car 0.6175485551357269
301 20.4533 -0.2792 car 0.5530006885528564
302 12.3572 -0.5557 car 0.606456458568573
302 20.2402 -0.2792 car 0.5021851509809494
303 11.9311 -0.5557 car 0.5976380407810211
303 19.8141 -0.2956 car 0.4273436814546585
304 12.7833 -0.4305 car 0.6987335681915283
304 19.6010 -0.2956 car 0.4447364807128906
305 12.5702 -0.4305 car 0.6939497292041779
305 24.9274 -0.1025 car 0.47791942954063416
305 19.3880 -0.3121 car 0.4498521685600281
306 12.3572 -0.4305 car 0.6804805994033813
306 24.5013 -0.1025 car 0.5698927342891693
306 19.1749 -0.2956 car 0.4603606387972832
307 12.1441 -0.4305 car 0.6317175924777985
307 24.2883 -0.1025 car 0.6300210356712341
307 18.9619 -0.2956 car 0.454903706908226
308 23.8621 -0.1025 car 0.658005028963089
308 11.9311 -0.4479 car 0.5694850087165833
308 18.5358 -0.2956 car 0.44117072969675064
309 23.4360 -0.1025 car 0.6957612335681915
309 11.7180 -0.4305 car 0.5027179270982742
309 18.3227 -0.2956 car 0.43046168237924576
310 23.2230 -0.1184 car 0.7410852015018463
310 10.8658 -0.5557 car 0.460454985499382
310 18.1097 -0.2956 car 0.4274987578392029
311 23.0099 -0.1343 car 0.7646564245223999
311 10.6527 -0.5744 car 0.40793508291244507
312 22.7969 -0.1343 car 0.7555660009384155
312 17.6836 -0.3454 car 0.6177819669246674
312 8.7352 -0.6124 car 0.42995114624500275
313 22.5838 -0.1343 car 0.7680018544197083
313 17.2574 -0.3454 car 0.5995225608348846
313 8.7352 -0.6124 car 0.410600408911705
314 22.3708 -0.1343 car 0.785659670829773
314 17.0444 -0.3454 car 0.6019366383552551
315 22.1577 -0.1502 car 0.78156378865242
315 16.8313 -0.3622 car 0.6015086770057678
316 21.7316 -0.1502 car 0.7590846419334412
316 16.4052 -0.3622 car 0.6082322001457214
317 21.5185 -0.1661 car 0.734910637140274
317 16.1922 -0.3622 car 0.6220432221889496
318 21.0924 -0.1502 car 0.732081264257431
318 15.7661 -0.3622 car 0.6332885324954987
319 20.8794 -0.1661 car 0.7208817005157471
319 15.5530 -0.3622 car 0.6234025061130524
320 20.6663 -0.1343 car 0.766636073589325
320 14.9138 -0.4305 car 0.6008634269237518
321 20.4533 -0.1502 car 0.780166357755661
321 14.7008 -0.4305 car 0.6248623728752136
322 20.2402 -0.1821 car 0.7928354740142822
322 14.7008 -0.4305 car 0.6423575282096863
323 19.8141 -0.1981 car 0.8029667437076569
323 14.2747 -0.4305 car 0.65056973695755
324 19.6010 -0.1981 car 0.8111648857593536
324 14.0616 -0.4479 car 0.658672571182251
325 19.1749 -0.1981 car 0.8157449960708618
325 14.0616 -0.4479 car 0.661944717168808
326 19.1749 -0.2142 car 0.8142222166061401
326 13.8486 -0.4479 car 0.656922847032547
327 18.9619 -0.2304 car 0.7894544303417206
327 13.6355 -0.4479 car 0.6339969038963318
328 18.5358 -0.1981 car 0.8018956184387207
328 13.2094 -0.4831 car 0.4289349764585495
329 18.1097 -0.2142 car 0.8094660937786102
330 17.8966 -0.2142 car 0.8285177946090698
331 17.4705 -0.2142 car 0.830754429101944
331 24.9274 0.1821 car 0.4552772492170334
332 17.2574 -0.2304 car 0.8219913840293884
332 24.9274 0.1821 car 0.7089316248893738
333 16.8313 -0.2466 car 0.8207934498786926
333 24.5013 0.1821 car 0.8144791424274445
334 24.5013 0.1821 car 0.8432846963405609
334 16.4052 -0.2629 car 0.8281015455722809
334 10.4397 -0.6514 car 0.4419376105070114
335 24.0752 0.1821 car 0.833988755941391
335 16.1922 -0.2792 car 0.8334690034389496
335 10.2266 -0.6514 car 0.48734013736248016
336 16.1922 -0.2956 car 0.8200175762176514
336 24.0752 0.1821 car 0.7587289810180664
336 10.2266 -0.7765 car 0.5321019440889359
337 15.9791 -0.2956 car 0.8084271550178528
337 23.6491 0.1821 car 0.7492700219154358
337 9.8005 -0.7765 car 0.5531193614006042
338 15.7661 -0.2956 car 0.7964679598808289
338 23.4360 0.1821 car 0.7492601871490479
338 9.8005 -0.7765 car 0.5483732670545578
339 15.3400 -0.3121 car 0.7871874570846558
339 24.0752 -0.0709 car 0.7697120308876038
339 9.8005 -0.7765 car 0.5068937987089157
340 15.1269 -0.3121 car 0.7778982818126678
340 23.8621 -0.1025 car 0.7720911204814911
340 9.5875 -0.7765 car 0.45485712587833405
341 14.9138 -0.3454 car 0.7740862667560577
341 23.6491 -0.1025 car 0.7535703182220459
341 22.5838 0.1821 car 0.6887192130088806
341 10.6527 -0.5744 car 0.4119165539741516
342 14.4877 -0.3454 car 0.7810397744178772
342 23.4360 -0.1025 car 0.7266476154327393
342 22.1577 0.1821 car 0.6767756938934326
342 10.6527 -0.5557 car 0.43540771305561066
343 14.2747 -0.3454 car 0.7702305912971497
343 23.0099 -0.1025 car 0.6948651075363159
343 21.9447 0.1821 car 0.6626109778881073
343 10.6527 -0.5557 car 0.4486479312181473
344 14.2747 -0.3287 car 0.7888327240943909
344 23.0099 -0.1343 car 0.7794309854507446
344 21.9447 0.1821 car 0.680055171251297
345 22.5838 -0.1184 car 0.7951747179031372
345 14.0616 -0.3454 car 0.7928723692893982
345 21.7316 0.1821 car 0.659307450056076
346 22.1577 -0.1184 car 0.8288823962211609
346 13.8486 -0.3622 car 0.7994956970214844
347 21.9447 -0.1343 car 0.8529568314552307
347 13.4225 -0.3622 car 0.810247540473938
347 21.0924 0.1502 car 0.6117595434188843
348 21.7316 -0.1184 car 0.8554087281227112
348 13.2094 -0.3791 car 0.8143141269683838
349 21.5185 -0.1343 car 0.8512593805789948
349 12.7833 -0.3961 car 0.8215861022472382
349 20.6663 0.1502 car 0.5362356305122375
350 21.3055 -0.1184 car 0.8433951139450073
350 12.5702 -0.3961 car 0.8376022577285767
351 12.3572 -0.3961 car 0.833572119474411
351 21.0924 -0.1343 car 0.8190928399562836
351 20.0272 0.1502 car 0.5037656426429749
352 12.1441 -0.4305 car 0.8390571773052216
352 20.6663 -0.1343 car 0.8157292306423187
352 8.5222 -0.6124 car 0.45345307886600494
353 20.2402 -0.1343 car 0.8421942293643951
353 11.9311 -0.4305 car 0.8383568227291107
353 8.5222 -0.6124 car 0.442769318819046
354 20.0272 -0.1184 car 0.8640574812889099
354 11.7180 -0.4479 car 0.8334170579910278
354 24.9274 -0.2304 car 0.5472524017095566
354 8.5222 -0.6124 car 0.4105175733566284
355 19.8141 -0.1343 car 0.8769322335720062
355 11.2919 -0.4479 car 0.8357673585414886
356 19.6010 -0.1343 car 0.8720295131206512
356 11.0789 -0.4654 car 0.8347542881965637
357 19.3880 -0.1343 car 0.8608090579509735
357 10.8658 -0.4831 car 0.8340762853622437
358 19.1749 -0.1343 car 0.8458762466907501
358 10.4397 -0.5010 car 0.8323906660079956
359 18.7488 -0.1343 car 0.827004462480545
359 10.2266 -0.5010 car 0.8270016312599182
359 23.6491 -0.1981 car 0.49783413112163544
360 18.5358 -0.1661 car 0.8282415270805359
360 10.0136 -0.5373 car 0.7835758030414581
360 17.6836 0.1981 car 0.4790280908346176
360 23.6491 -0.2304 car 0.4668933004140854
361 18.3227 -0.1502 car 0.8484269678592682
361 9.8005 -0.5557 car 0.8007836043834686
361 23.2230 -0.2304 car 0.4812062829732895
361 17.6836 0.1981 car 0.45679202675819397
362 17.8966 -0.1502 car 0.8659389913082123
362 9.5875 -0.5744 car 0.8224145174026489
362 23.0099 -0.2466 car 0.5369934439659119
362 17.2574 0.1981 car 0.4452047646045685
363 17.6836 -0.1661 car 0.8728220462799072
363 9.1614 -0.6124 car 0.8533845543861389
363 22.5838 -0.2629 car 0.5889390408992767
363 17.2574 0.1981 car 0.4303622394800186
364 8.9483 -0.6317 car 0.8757485449314117
364 17.2574 -0.1661 car 0.8640647828578949
364 22.3708 -0.2629 car 0.6451968252658844
365 8.9483 -0.6317 car 0.8917293548583984
365 17.0444 -0.1661 car 0.8575842082500458
365 22.1577 -0.2792 car 0.6814665198326111
366 8.7352 -0.6514 car 0.8921820223331451
366 16.8313 -0.1661 car 0.8567852079868317
366 21.9447 -0.2792 car 0.6991910636425018
366 16.4052 0.1502 car 0.43411293625831604
367 8.5222 -0.6714 car 0.8837989866733551
367 16.4052 -0.1661 car 0.8518470227718353
367 21.5185 -0.2792 car 0.6968277394771576
367 24.9274 -0.0709 car 0.4787736088037491
367 16.1922 0.1981 car 0.4065382033586502
368 8.0961 -0.6916 car 0.8788995742797852
368 16.4052 -0.1661 car 0.8530445098876953
368 21.5185 -0.2956 car 0.7484920620918274
368 16.1922 0.1981 car 0.47676585614681244
369 8.0961 -0.7123 car 0.8887566924095154
369 16.1922 -0.1821 car 0.8608561754226685
369 21.3055 -0.3121 car 0.7473221719264984
370 7.8830 -0.7123 car 0.8870998322963715
370 15.7661 -0.1821 car 0.8716158270835876
370 21.0924 -0.3287 car 0.7426006197929382
371 7.8830 -0.7123 car 0.8793157339096069
371 15.5530 -0.1981 car 0.8737787306308746
371 20.8794 -0.3287 car 0.731389969587326
372 7.6700 -0.7123 car 0.8680112361907959
372 15.3400 -0.1981 car 0.8679575622081757
372 20.4533 -0.3287 car 0.7094613611698151
372 23.2230 -0.0709 car 0.4417600929737091
373 14.9138 -0.1981 car 0.8633290231227875
373 7.6700 -0.7123 car 0.8497923910617828
373 20.2402 -0.3287 car 0.6917057037353516
373 23.0099 -0.0709 car 0.5420470535755157
374 14.7008 -0.1981 car 0.8635856211185455
374 7.6700 -0.7123 car 0.8304493129253387
374 19.8141 -0.3287 car 0.6972489058971405
374 22.7969 -0.0709 car 0.6187781989574432
375 14.4877 -0.2142 car 0.8519345819950104
375 7.6700 -0.7123 car 0.8032628893852234
375 19.6010 -0.3287 car 0.7022307813167572
375 22.5838 -0.0709 car 0.6531286239624023
376 14.2747 -0.1981 car 0.8637489974498749
376 7.2439 -0.7333 car 0.8206203579902649
376 19.3880 -0.3622 car 0.7636322379112244
376 22.3708 -0.0394 car 0.7296962738037109
377 14.0616 -0.2142 car 0.8645978569984436
377 7.2439 -0.7333 car 0.7935492396354675
377 19.1749 -0.3622 car 0.7713115513324738
377 22.1577 -0.0394 car 0.7543977797031403
378 13.6355 -0.2142 car 0.8659882247447968
378 21.7316 -0.0394 car 0.7826422154903412
378 18.9619 -0.3622 car 0.7765732407569885
378 7.4569 -0.7123 car 0.7354890704154968
379 13.4225 -0.2304 car 0.8629414737224579
379 21.5185 -0.0394 car 0.7842283844947815
379 18.7488 -0.3791 car 0.762822836637497
379 7.2439 -0.7333 car 0.6465791612863541
380 13.2094 -0.2466 car 0.8568747937679291
380 21.3055 -0.0394 car 0.7566546499729156
380 18.3227 -0.3961 car 0.7427966296672821
380 7.2439 -0.7333 car 0.5421486496925354
381 12.7833 -0.2792 car 0.8540842533111572
381 18.1097 -0.3961 car 0.7358952462673187
381 21.0924 -0.0394 car 0.7265268564224243
381 7.2439 -0.7123 car 0.4431752935051918
382 12.5702 -0.2629 car 0.8559126257896423
382 17.8966 -0.4132 car 0.7488190829753876
382 20.6663 -0.0394 car 0.7121748328208923
383 12.3572 -0.2792 car 0.848719596862793
383 17.4705 -0.4132 car 0.7624749541282654
383 20.4533 -0.0709 car 0.6963635981082916
384 12.1441 -0.2956 car 0.8237680196762085
384 17.2574 -0.4305 car 0.8007140159606934
384 20.0272 -0.1025 car 0.7802687883377075
385 11.9311 -0.3121 car 0.8259452283382416
385 17.0444 -0.4479 car 0.8160976767539978
385 19.8141 -0.1025 car 0.8080574870109558
386 19.6010 -0.1025 car 0.8362382054328918
386 11.7180 -0.3287 car 0.8326093554496765
386 16.8313 -0.4305 car 0.8222929835319519
387 19.1749 -0.1025 car 0.847135066986084
387 11.2919 -0.3287 car 0.836592048406601
387 16.6183 -0.4479 car 0.8207288980484009
388 18.9619 -0.1025 car 0.8464483916759491
388 11.0789 -0.3454 car 0.8382839858531952
388 16.1922 -0.4654 car 0.8056093752384186
389 10.8658 -0.3622 car 0.8383245170116425
389 18.7488 -0.1025 car 0.8355291187763214
389 15.9791 -0.4654 car 0.8004981577396393
390 10.6527 -0.3454 car 0.8380378186702728
390 18.5358 -0.1343 car 0.819470226764679
390 15.7661 -0.4654 car 0.8007852137088776
391 10.2266 -0.3791 car 0.8296977281570435
391 15.5530 -0.4654 car 0.7933902144432068
391 18.3227 -0.1343 car 0.7876356542110443
392 17.8966 -0.1343 car 0.8155350685119629
392 10.2266 -0.4132 car 0.8103885650634766
392 15.1269 -0.5010 car 0.7151951193809509
393 17.6836 -0.1343 car 0.8200702369213104
393 9.8005 -0.4132 car 0.8192906379699707
393 14.9138 -0.5010 car 0.7063808441162109
394 9.5875 -0.4305 car 0.8361949622631073
394 17.4705 -0.1502 car 0.8279643356800079
394 14.7008 -0.5010 car 0.7193058431148529
395 9.3744 -0.4305 car 0.8477819859981537
395 17.2574 -0.1343 car 0.8326549232006073
395 14.4877 -0.5191 car 0.727999210357666
396 8.9483 -0.4479 car 0.8413676023483276
396 16.8313 -0.1343 car 0.8272113502025604
396 14.2747 -0.5010 car 0.7386725842952728
397 8.7352 -0.4479 car 0.8318759799003601
397 16.6183 -0.1502 car 0.8260384500026703
397 14.0616 -0.5191 car 0.7552186548709869
398 8.5222 -0.4479 car 0.8247409164905548
398 16.4052 -0.1661 car 0.8171717822551727
398 13.8486 -0.5373 car 0.7659113705158234
399 8.0961 -0.4479 car 0.8101167976856232
399 16.1922 -0.1661 car 0.7974556684494019
399 13.6355 -0.5191 car 0.7555540204048157
400 7.6700 -0.5191 car 0.8470155298709869
400 15.7661 -0.1661 car 0.7892614006996155
400 13.4225 -0.5744 car 0.6474291682243347
401 7.4569 -0.5191 car 0.8786795139312744
401 15.5530 -0.1502 car 0.7856281697750092
401 13.2094 -0.5744 car 0.6069641411304474
402 7.2439 -0.5191 car 0.8990010619163513
402 15.3400 -0.1661 car 0.7865934669971466
402 12.9963 -0.6124 car 0.5895911753177643
403 7.0308 -0.5373 car 0.9112641513347626
403 14.9138 -0.1502 car 0.7904297709465027
403 12.7833 -0.6124 car 0.5280890166759491
404 7.0308 -0.5557 car 0.9121227562427521
404 14.7008 -0.1661 car 0.7862378358840942
404 12.5702 -0.6124 car 0.4545217603445053
404 24.5013 -0.0394 car 0.4408125877380371
405 6.8178 -0.5557 car 0.9097780883312225
405 14.4877 -0.1661 car 0.7850219309329987
405 24.0752 -0.0394 car 0.5085236877202988
406 6.6047 -0.5557 car 0.8945821523666382
406 14.0616 -0.1661 car 0.7841921448707581
406 23.8621 -0.0551 car 0.5770716369152069
407 6.3916 -0.5557 car 0.87860307097435
407 13.8486 -0.1661 car 0.7714675962924957
407 23.6491 -0.0551 car 0.6107954531908035
408 5.9655 -0.6124 car 0.9114279747009277
408 13.8486 -0.2304 car 0.8052239418029785
408 23.2230 -0.0551 car 0.4558113366365433
409 5.9655 -0.6124 car 0.9267859160900116
409 13.4225 -0.2304 car 0.8038011789321899
409 23.0099 -0.0394 car 0.5336024761199951
410 5.7525 -0.6317 car 0.9306671023368835
410 13.2094 -0.2466 car 0.8116863071918488
410 22.7969 -0.0394 car 0.6133324503898621
411 5.7525 -0.6317 car 0.9240610301494598
411 12.7833 -0.2466 car 0.8131555318832397
411 22.3708 -0.0394 car 0.6739256381988525
412 5.5394 -0.6317 car 0.906617134809494
412 12.5702 -0.2629 car 0.8160959482192993
412 22.1577 -0.0394 car 0.7148335576057434
413 5.5394 -0.6317 car 0.8725778162479401
413 12.3572 -0.2792 car 0.8177793323993683
413 21.9447 -0.0236 car 0.7321899831295013
414 12.1441 -0.2792 car 0.8155244290828705
414 5.5394 -0.6317 car 0.8090274631977081
414 21.7316 -0.0236 car 0.7501594722270966
415 11.9311 -0.2792 car 0.7996140718460083
415 21.3055 -0.0236 car 0.7384129166603088
415 5.5394 -0.6714 car 0.7185062766075134
416 11.7180 -0.2956 car 0.7783611416816711
416 21.3055 -0.0236 car 0.6623639464378357
416 5.5394 -0.7333 car 0.5521996021270752
417 11.5050 -0.3121 car 0.8063502311706543
417 20.8794 -0.0236 car 0.6592546105384827
417 5.5394 -0.7333 car 0.4893020689487457
418 11.0789 -0.3121 car 0.8276212513446808
418 20.6663 -0.0236 car 0.6584996581077576
418 5.3264 -0.7765 car 0.41717110574245453
419 10.8658 -0.3287 car 0.8351520001888275
419 20.2402 -0.0236 car 0.6565353274345398
420 10.6527 -0.3454 car 0.8283417522907257
420 20.0272 -0.0236 car 0.6483222246170044
421 10.4397 -0.3454 car 0.8138095140457153
421 19.6010 -0.0236 car 0.6572182476520538
422 10.2266 -0.3454 car 0.8034550845623016
422 19.3880 -0.0236 car 0.6492904722690582
423 10.0136 -0.3454 car 0.7747282087802887
423 18.9619 -0.0236 car 0.6269959509372711
423 14.7008 -0.4132 car 0.40289798378944397
424 9.5875 -0.3961 car 0.7654976546764374
425 9.3744 -0.4132 car 0.7899005711078644
426 9.1614 -0.3961 car 0.8113129436969757
426 17.8966 -0.0236 car 0.4303624629974365
427 8.9483 -0.4132 car 0.8202975392341614
427 17.6836 -0.0236 car 0.4621766358613968
428 8.7352 -0.4132 car 0.807445764541626
428 17.4705 -0.0236 car 0.4994964301586151
429 8.3091 -0.4132 car 0.7918906211853027
429 17.2574 -0.0079 car 0.5263741314411163
430 8.0961 -0.4132 car 0.7835271656513214
430 17.0444 -0.0236 car 0.5511522591114044
430 24.9274 0.0236 car 0.45691777765750885
430 12.3572 -0.5557 car 0.4260827451944351
431 7.8830 -0.4305 car 0.7757241129875183
431 24.5013 0.0236 car 0.5837607383728027
431 16.8313 -0.0079 car 0.554245263338089
431 12.1441 -0.5557 car 0.43006663024425507
432 7.2439 -0.4831 car 0.8231141567230225
432 24.5013 -0.0079 car 0.5166802257299423
432 16.8313 0.0236 car 0.46226948499679565
433 7.2439 -0.4831 car 0.8636036813259125
433 24.2883 -0.0236 car 0.5176150500774384
433 16.4052 0.0236 car 0.47907452285289764
433 9.3744 0.4831 car 0.40141357481479645
434 7.0308 -0.4831 car 0.886469691991806
434 23.8621 -0.0394 car 0.5398769378662109
434 16.4052 0.0236 car 0.5140496045351028
434 9.1614 0.4831 car 0.42961710691452026
435 6.8178 -0.5010 car 0.8998214602470398
435 23.6491 -0.0394 car 0.5482855141162872
435 13.6355 -0.1981 car 0.5305726379156113
435 9.1614 0.4831 car 0.4612271785736084
436 6.6047 -0.5010 car 0.9012352228164673
436 13.4225 -0.2304 car 0.5715993195772171
436 23.2230 -0.0394 car 0.5594898462295532
436 15.5530 -0.0079 car 0.5454870909452438
436 8.7352 0.4831 car 0.49944262206554413
437 6.3916 -0.5191 car 0.9001155197620392
437 23.0099 -0.0394 car 0.5930410325527191
437 13.2094 -0.2304 car 0.5926807224750519
437 15.3400 -0.0236 car 0.5747929513454437
437 8.7352 0.4831 car 0.52000293135643
438 5.9655 -0.5191 car 0.9012512564659119
438 22.5838 -0.0236 car 0.6372343003749847
438 12.9963 -0.2304 car 0.6173382103443146
438 15.1269 -0.0236 car 0.5918600857257843
438 8.7352 0.4831 car 0.5315733551979065
439 5.7525 -0.5373 car 0.8934456408023834
439 22.3708 -0.0236 car 0.6676183938980103
439 12.5702 -0.2304 car 0.6326784789562225
439 8.7352 0.4831 car 0.5081165134906769
440 5.5394 -0.5744 car 0.8969660401344299
440 12.5702 -0.2466 car 0.6623494923114777
440 22.3708 -0.0394 car 0.6268336772918701
440 8.3091 0.4831 car 0.4737676680088043
441 5.5394 -0.5932 car 0.904935359954834
441 12.3572 -0.2466 car 0.6920194923877716
441 22.1577 -0.0236 car 0.6471201777458191
441 8.0961 0.4831 car 0.43622294068336487
442 5.5394 -0.5932 car 0.8938350975513458
442 12.1441 -0.2629 car 0.7151451110839844
442 21.9447 -0.0236 car 0.6633915305137634
442 7.8830 0.4831 car 0.41975370049476624
443 5.1133 -0.5932 car 0.860320657491684
443 11.9311 -0.2466 car 0.7237097918987274
443 21.7316 -0.0236 car 0.6631445288658142
444 5.5394 -0.5932 car 0.7952851355075836
444 11.9311 -0.2629 car 0.7076490819454193
444 21.3055 -0.0236 car 0.6598449051380157
445 5.5394 -0.5932 car 0.6939431130886078
445 11.5050 -0.2629 car 0.6751970946788788
445 20.8794 -0.0236 car 0.6700548529624939
446 20.6663 -0.0236 car 0.6893531680107117
446 11.0789 -0.2629 car 0.652470737695694
446 5.9655 -0.5010 car 0.600410670042038
447 20.4533 -0.0079 car 0.6962483823299408
447 10.4397 -0.2792 car 0.6460054218769073
447 6.3916 -0.5010 car 0.5385159403085709
448 10.2266 -0.3622 car 0.6942569017410278
448 20.0272 0.0394 car 0.6625982224941254
448 5.9655 -0.5010 car 0.4719395190477371
449 10.0136 -0.3791 car 0.7397226095199585
449 20.0272 0.1821 car 0.6538073122501373
449 5.9655 -0.5010 car 0.4337046295404434
450 9.8005 -0.3791 car 0.7776657044887543
450 19.6010 0.0079 car 0.6643394231796265
451 9.5875 -0.3961 car 0.7894577085971832
451 19.1749 -0.0236 car 0.6799013614654541
452 9.3744 -0.3961 car 0.7804510593414307
452 18.7488 -0.0394 car 0.6893398463726044
453 9.1614 -0.4132 car 0.7523290812969208
453 18.5358 -0.0394 car 0.6972782015800476
454 8.7352 -0.4132 car 0.7335002422332764
454 18.1097 -0.0394 car 0.7192463874816895
455 17.6836 -0.0394 car 0.7353431880474091
455 8.5222 -0.4132 car 0.7135502099990845
455 24.9274 -0.0079 car 0.421601265668869
456 17.6836 -0.0551 car 0.7692014873027802
456 8.0961 -0.4479 car 0.6855668127536774
457 17.2574 -0.0709 car 0.7652701437473297
457 7.8830 -0.4479 car 0.7258009314537048
457 24.5013 0.0079 car 0.41617345809936523
458 17.0444 -0.0709 car 0.7719915807247162
458 7.6700 -0.4479 car 0.7714890539646149
458 17.6836 0.1981 car 0.6569136679172516
458 24.2883 0.0079 car 0.5050936788320541
459 7.4569 -0.4479 car 0.7936523854732513
459 16.6183 -0.0709 car 0.7583590149879456
459 17.4705 0.2142 car 0.6360576748847961
459 24.0752 0.0236 car 0.578952968120575
460 7.2439 -0.4132 car 0.7993456125259399
460 16.1922 -0.0709 car 0.7442061901092529
460 23.6491 0.0079 car 0.6110711395740509
460 17.2574 0.2142 car 0.5995789766311646
461 7.0308 -0.4132 car 0.7956929504871368
461 15.7661 -0.0709 car 0.7377444803714752
461 23.4360 -0.0079 car 0.6381331086158752
461 16.8313 0.1981 car 0.5709031969308853
462 6.8178 -0.4132 car 0.7963915765285492
462 15.3400 -0.0551 car 0.7517008185386658
462 23.0099 0.0079 car 0.6922764480113983
462 16.6183 0.2142 car 0.5535617470741272
463 6.8178 -0.4132 car 0.782935380935669
463 14.9138 -0.0867 car 0.7524913549423218
463 22.7969 -0.0079 car 0.7201025485992432
463 16.1922 0.2142 car 0.5359107553958893
464 6.1786 -0.4479 car 0.7872423529624939
464 22.5838 -0.0079 car 0.73441082239151
464 14.7008 -0.1025 car 0.7016882002353668
464 16.1922 0.2466 car 0.6752487123012543
465 5.7525 -0.4831 car 0.8074284791946411
465 22.3708 -0.0079 car 0.7661562561988831
465 14.4877 -0.1025 car 0.7114428281784058
465 15.7661 0.2629 car 0.6797039210796356
466 5.7525 -0.4831 car 0.826419472694397
466 22.1577 -0.0079 car 0.786369115114212
466 14.0616 -0.1343 car 0.7258726060390472
466 15.5530 0.2466 car 0.6996613442897797
467 5.3264 -0.5744 car 0.8384526968002319
467 21.7316 -0.0236 car 0.7911503911018372
467 13.8486 -0.1343 car 0.7258050441741943
467 15.3400 0.2466 car 0.7114877104759216
468 5.3264 -0.5744 car 0.8338439762592316
468 21.5185 -0.0079 car 0.7750871479511261
468 14.9138 0.2466 car 0.7083513140678406
468 13.4225 -0.1502 car 0.699942022562027
469 5.3264 -0.5744 car 0.8226382434368134
469 21.3055 -0.0236 car 0.7491811215877533
469 14.7008 0.2792 car 0.7212665975093842
469 13.2094 -0.1661 car 0.6697629392147064
470 5.1133 -0.5932 car 0.8057662844657898
470 20.8794 -0.0236 car 0.7458290159702301
470 14.4877 0.2792 car 0.7403631508350372
470 12.5702 -0.1502 car 0.6647265255451202
471 5.1133 -0.5744 car 0.7794778048992157
471 14.2747 0.2792 car 0.7364686131477356
471 20.4533 -0.0236 car 0.7339446246623993
471 12.1441 -0.1502 car 0.6728672683238983
472 4.9003 -0.5932 car 0.8009883761405945
472 20.2402 -0.0394 car 0.7472196817398071
472 13.8486 0.2956 car 0.7335652410984039
472 12.1441 -0.1502 car 0.573534220457077
472 8.7352 0.4831 car 0.41579633951187134
473 4.9003 -0.5932 car 0.8133910000324249
473 20.0272 -0.0394 car 0.7496112883090973
473 13.6355 0.2956 car 0.7381610870361328
473 12.1441 -0.1343 car 0.5304928123950958
474 4.9003 -0.5932 car 0.8144188523292542
474 19.6010 -0.0394 car 0.7692768573760986
474 13.4225 0.3121 car 0.7446325421333313
474 12.1441 -0.1343 car 0.4645233005285263
475 4.9003 -0.5932 car 0.8096437752246857
475 19.3880 -0.0394 car 0.7860225737094879
475 12.9963 0.3121 car 0.748597115278244
475 11.7180 -0.1502 car 0.4030120372772217
476 4.4742 -0.6124 car 0.802503913640976
476 19.1749 -0.0394 car 0.7826375961303711
476 12.7833 0.3287 car 0.7587364614009857
476 13.8486 -0.6514 car 0.42949521727859974
477 4.4742 -0.6124 car 0.7821810841560364
477 18.7488 -0.0394 car 0.7770420908927917
477 12.5702 0.3287 car 0.7584192156791687
477 13.6355 -0.6514 car 0.4686714094132185
478 18.5358 -0.0394 car 0.7693934142589569
478 4.4742 -0.6124 car 0.7549637258052826
478 12.1441 0.3454 car 0.7541354596614838
478 13.4225 -0.6514 car 0.49290988594293594
479 18.3227 -0.0394 car 0.7554903626441956
479 11.9311 0.3454 car 0.7461127936840057
479 4.4742 -0.6124 car 0.7025366723537445
479 5.3264 -0.4831 car 0.6246592104434967
479 12.9963 -0.6714 car 0.5133392587304115
480 4.4742 -0.6124 car 0.8049947619438171
480 11.9311 0.3622 car 0.7313128113746643
480 13.4225 -0.6514 car 0.6169749051332474
480 18.1097 -0.0394 car 0.5706878006458282
481 4.0480 -0.7547 car 0.8175608515739441
481 11.5050 0.3622 car 0.7375405430793762
481 12.7833 -0.6916 car 0.605477824807167
481 17.6836 -0.0394 car 0.603794664144516
481 5.7525 -0.2466 car 0.43131086230278015
482 4.0480 -0.7547 car 0.8209298849105835
482 11.2919 0.3791 car 0.7468183636665344
482 4.9003 -0.4831 car 0.6887102723121643
482 17.4705 -0.0394 car 0.6553296148777008
482 12.7833 -0.6916 car 0.5828005373477936
482 5.7525 -0.2466 car 0.43933339416980743
483 3.6219 -0.7547 car 0.8171885013580322
483 4.4742 -0.6317 car 0.7589360177516937
483 11.0789 0.3791 car 0.7586897313594818
483 17.0444 -0.0394 car 0.6951802372932434
483 12.3572 -0.7123 car 0.5420597344636917
484 3.6219 -0.7765 car 0.7994455993175507
484 10.6527 0.3791 car 0.7589062452316284
484 16.8313 -0.0551 car 0.7107465863227844
484 4.4742 -0.6317 car 0.6888570785522461
484 6.3916 -0.3454 car 0.5575812757015228
484 12.1441 -0.7123 car 0.49667174369096756
485 3.6219 -0.7765 car 0.7695921957492828
485 10.4397 0.3791 car 0.7498869895935059
485 16.6183 -0.0394 car 0.7227351665496826
485 4.4742 -0.6124 car 0.6130084544420242
485 5.9655 -0.3791 car 0.5875853449106216
485 11.7180 -0.7123 car 0.44053732603788376
486 10.2266 0.3961 car 0.7425835728645325
486 3.4089 -0.7988 car 0.7318270802497864
486 16.1922 -0.0394 car 0.7297605872154236
486 5.9655 -0.3454 car 0.609094113111496
486 4.0480 -0.6124 car 0.5658724159002304
486 11.2919 -0.7988 car 0.40278404019773006
487 10.0136 0.4132 car 0.7205923497676849
487 15.9791 -0.0394 car 0.7065201103687286
487 3.4089 -0.8691 car 0.6983060538768768
487 5.9655 -0.3454 car 0.608786016702652
487 4.4742 -0.5744 car 0.5211124420166016
488 4.4742 -0.6124 car 0.8252743184566498
488 3.6219 -0.7547 car 0.8190344572067261
488 9.8005 0.4305 car 0.6989736557006836
488 21.7316 -0.0709 car 0.5037866532802582
488 15.7661 -0.6124 car 0.44256430119276047
489 4.4742 -0.6124 car 0.8466179966926575
489 3.6219 -0.7547 car 0.8406407237052917
489 9.5875 0.4132 car 0.6879456639289856
489 21.7316 -0.0709 car 0.5281037092208862
489 15.5530 -0.6124 car 0.5023512989282608
489 15.3400 -0.0079 car 0.40466856956481934
490 4.9003 -0.4831 car 0.8610621988773346
490 3.6219 -0.7547 car 0.8564276993274689
490 9.3744 0.4132 car 0.6880116760730743
490 21.3055 -0.0709 car 0.5532280206680298
490 15.3400 -0.6124 car 0.5373305380344391
490 15.1269 -0.0079 car 0.4409915506839752
491 4.9003 -0.4831 car 0.8735639154911041
491 3.6219 -0.7333 car 0.8645287156105042
491 9.1614 0.4479 car 0.6605291068553925
491 21.0924 -0.0709 car 0.5566706657409668
491 15.1269 -0.6124 car 0.5474133938550949
491 14.7008 -0.0394 car 0.4954502582550049
492 4.9003 -0.4831 car 0.8755008280277252
492 3.6219 -0.7333 car 0.8662185072898865
492 8.9483 0.4479 car 0.6463719606399536
492 21.0924 -0.0709 car 0.5621158182621002
492 14.4877 -0.0236 car 0.5284897834062576
492 14.9138 -0.6124 car 0.5073599368333817
493 4.9003 -0.4654 car 0.8623718023300171
493 3.6219 -0.7333 car 0.8601299822330475
493 8.7352 0.4479 car 0.6275641918182373
493 20.6663 -0.0709 car 0.5602256953716278
493 14.2747 -0.0394 car 0.5568816661834717
493 14.7008 -0.6124 car 0.42450790107250214
494 3.6219 -0.7547 car 0.8460502922534943
494 4.9003 -0.4654 car 0.842176079750061
494 8.5222 0.4479 car 0.607703223824501
494 14.0616 -0.0551 car 0.5786536931991577
494 20.6663 -0.0709 car 0.5403225123882294
495 3.6219 -0.7547 car 0.8145980834960938
495 4.9003 -0.4654 car 0.805677056312561
495 13.6355 -0.0709 car 0.5864801406860352
495 8.3091 0.4479 car 0.5692559033632278
495 20.4533 -0.0709 car 0.49077534675598145
496 4.9003 -0.4654 car 0.8564767837524414
496 3.6219 -0.7333 car 0.7451275885105133
496 19.8141 -0.0709 car 0.5691794902086258
496 13.4225 -0.0709 car 0.4958227425813675
497 4.9003 -0.4654 car 0.8520898818969727
497 3.6219 -0.7333 car 0.7319837212562561
497 19.6010 -0.1025 car 0.6248822212219238
497 12.9963 -0.0709 car 0.5229316353797913
498 4.9003 -0.4654 car 0.8303897380828857
498 3.6219 -0.7333 car 0.706425815820694
498 19.1749 -0.1025 car 0.683606892824173
498 12.7833 -0.0867 car 0.5632278025150299
499 4.9003 -0.4654 car 0.7964010834693909
499 18.9619 -0.1025 car 0.7308919429779053
499 3.6219 -0.7333 car 0.6695252060890198
499 12.3572 -0.1025 car 0.5827426016330719
499 2.7697 -0.8691 car 0.5609745681285858
499 3.6219 -1.0319 car 0.46569813787937164
500 4.9003 -0.4654 car 0.7545736730098724
500 18.7488 -0.1025 car 0.7489370405673981
500 3.6219 -0.7333 car 0.6247364580631256
500 12.1441 -0.1025 car 0.5891179740428925
500 2.7697 -0.8691 car 0.5487077236175537
500 2.3436 -1.0319 car 0.4394798278808594
501 18.5358 -0.1025 car 0.7453515529632568
501 4.9003 -0.4831 car 0.7003075182437897
501 3.6219 -0.7333 car 0.5681044906377792
501 11.7180 -0.1343 car 0.5678544640541077
501 2.7697 -0.8691 car 0.5223942250013351
501 2.3436 -1.0319 car 0.4573286175727844
502 18.1097 -0.1025 car 0.7564169466495514
502 4.9003 -0.4831 car 0.6450863778591156
502 11.2919 -0.1343 car 0.547858715057373
502 3.6219 -0.7333 car 0.5222383588552475
502 2.3436 -0.8691 car 0.49494531750679016
502 2.3436 -1.0319 car 0.4611063301563263
502 3.1958 -1.0319 car 0.45128920674324036
503 17.8966 -0.1025 car 0.7277273237705231
503 4.9003 -0.4831 car 0.5890401303768158
503 11.0789 -0.1343 car 0.504554808139801
503 3.6219 -0.7333 car 0.4761506915092468
503 2.3436 -0.9195 car 0.46884477138519287
503 3.1958 -1.0319 car 0.4266075938940048
504 17.4705 -0.1343 car 0.7745699286460876
504 4.4742 -0.6124 car 0.7653741240501404
504 4.0480 -0.7333 car 0.7389061152935028
505 17.2574 -0.1343 car 0.7973862588405609
505 4.4742 -0.6124 car 0.7746530175209045
505 4.0480 -0.7333 car 0.7488263547420502
506 16.8313 -0.1343 car 0.8308637738227844
506 4.4742 -0.6124 car 0.7791983485221863
506 3.6219 -0.7333 car 0.7666273415088654
507 16.6183 -0.1343 car 0.8492057919502258
507 3.6219 -0.7333 car 0.7827934920787811
507 4.4742 -0.7333 car 0.7766266167163849
508 16.1922 -0.1502 car 0.8503641188144684
508 3.6219 -0.7333 car 0.7901675403118134
508 4.0480 -0.7333 car 0.7743447721004486
509 15.9791 -0.1502 car 0.8429286777973175
509 3.6219 -0.7333 car 0.7906039357185364
509 4.0480 -0.6124 car 0.7478329539299011
510 15.7661 -0.1502 car 0.8331669867038727
510 3.6219 -0.7333 car 0.7763729691505432
510 4.0480 -0.6317 car 0.7231990098953247
511 15.5530 -0.1502 car 0.8130612969398499
511 3.6219 -0.7333 car 0.7350110113620758
512 15.3400 -0.1661 car 0.8433591723442078
512 4.2611 -0.5932 car 0.7838043868541718
512 4.6872 -0.4831 car 0.7709825932979584
512 23.2230 -0.0551 car 0.5484630763530731
513 14.9138 -0.1821 car 0.8696032762527466
513 4.9003 -0.4831 car 0.7974345684051514
513 3.6219 -0.7123 car 0.7937106192111969
513 23.0099 -0.0709 car 0.6076492369174957
514 14.7008 -0.1661 car 0.8880158960819244
514 4.9003 -0.4831 car 0.8152453303337097
514 3.6219 -0.7123 car 0.801845133304596
514 22.5838 -0.0709 car 0.691130667924881
515 14.4877 -0.1821 car 0.902973860502243
515 4.9003 -0.4831 car 0.8268774151802063
515 3.6219 -0.7333 car 0.8015026748180389
515 22.3708 -0.0709 car 0.7641177773475647
516 14.0616 -0.1821 car 0.903593122959137
516 4.9003 -0.4831 car 0.82919642329216
516 21.9447 -0.0709 car 0.8195916712284088
516 3.6219 -0.7333 car 0.7966903150081635
517 13.8486 -0.1981 car 0.9027276933193207
517 21.7316 -0.0709 car 0.8530778586864471
517 5.1133 -0.4479 car 0.8278389871120453
517 3.6219 -0.7333 car 0.7879248261451721
518 13.6355 -0.1821 car 0.9011930823326111
518 21.7316 -0.0867 car 0.8677074015140533
518 5.1133 -0.4479 car 0.8233205080032349
518 3.6219 -0.7333 car 0.7790746986865997
519 13.4225 -0.1981 car 0.8899538815021515
519 21.3055 -0.0867 car 0.8574731945991516
519 5.1133 -0.4654 car 0.80362868309021
519 3.6219 -0.7333 car 0.7541065514087677
520 12.9963 -0.2304 car 0.878778725862503
520 4.6872 -0.5010 car 0.8716181814670563
520 21.3055 -0.0709 car 0.7352417409420013
521 12.7833 -0.2304 car 0.8920328319072723
521 4.6872 -0.5010 car 0.8912753462791443
521 20.8794 -0.1025 car 0.6835206151008606
522 12.5702 -0.2304 car 0.9047822952270508
522 4.4742 -0.5744 car 0.9002453684806824
522 18.9619 -0.2956 car 0.6880159676074982
523 12.1441 -0.2304 car 0.9157781600952148
523 4.4742 -0.5744 car 0.9011707901954651
523 18.9619 -0.2792 car 0.7274589836597443
524 11.9311 -0.2466 car 0.9146340787410736
524 4.2611 -0.5932 car 0.888047993183136
524 18.5358 -0.2792 car 0.7293646335601807
525 11.7180 -0.2629 car 0.9045759737491608
525 4.2611 -0.5932 car 0.8592052459716797
525 18.3227 -0.2792 car 0.7052207291126251
526 11.5050 -0.2466 car 0.8906946182250977
526 4.0480 -0.6124 car 0.8031560480594635
526 18.1097 -0.2792 car 0.6685904264450073
527 11.2919 -0.2629 car 0.8619763255119324
527 4.0480 -0.6124 car 0.6942093074321747
527 18.1097 -0.2792 car 0.6189800351858139
528 10.8658 -0.2956 car 0.7939292192459106
528 19.1749 -0.1025 car 0.6639593243598938
529 10.6527 -0.3121 car 0.7974861264228821
529 18.9619 -0.1025 car 0.6974791586399078
529 24.9274 0.1661 car 0.4843350052833557
530 10.2266 -0.3121 car 0.8091965913772583
530 18.7488 -0.1025 car 0.7419986426830292
530 24.5013 0.1343 car 0.570421427488327
531 10.0136 -0.3287 car 0.8143733143806458
531 18.1097 -0.1343 car 0.7702344357967377
531 24.0752 0.1343 car 0.6314955055713654
532 17.8966 -0.1343 car 0.8092221021652222
532 9.8005 -0.3287 car 0.8064160346984863
532 23.8621 0.1661 car 0.6690583527088165
533 17.6836 -0.1343 car 0.8397256433963776
533 9.5875 -0.3287 car 0.7897822856903076
533 23.6491 0.1661 car 0.6667047441005707
534 17.4705 -0.1343 car 0.8488604128360748
534 9.3744 -0.3454 car 0.7772113382816315
534 23.4360 0.1661 car 0.6574226021766663
535 17.2574 -0.1343 car 0.8422316014766693
535 8.9483 -0.3454 car 0.749867171049118
535 23.2230 0.1661 car 0.6296296119689941
536 8.7352 -0.3791 car 0.8084692656993866
536 16.8313 -0.1343 car 0.808178186416626
536 23.0099 0.1981 car 0.6409275233745575
537 16.4052 -0.1343 car 0.8308774828910828
537 8.5222 -0.3961 car 0.8215648531913757
537 22.7969 0.1981 car 0.6043628752231598
538 16.1922 -0.1502 car 0.8577687442302704
538 8.0961 -0.4132 car 0.8354854881763458
538 22.3708 0.1981 car 0.5879992544651031
539 15.9791 -0.1502 car 0.8676786124706268
539 7.8830 -0.4305 car 0.8581437766551971
539 21.9447 0.1981 car 0.5882119238376617
540 7.4569 -0.4305 car 0.8701632618904114
540 15.7661 -0.1661 car 0.8656068742275238
540 21.7316 0.1981 car 0.5798893123865128
541 7.2439 -0.4479 car 0.8812582194805145
541 15.5530 -0.1661 car 0.8593346178531647
541 21.5185 0.1981 car 0.5765906572341919
541 23.6491 -0.3287 car 0.5103455632925034
542 7.0308 -0.4654 car 0.8847991228103638
542 15.3400 -0.1661 car 0.8483088314533234
542 23.4360 -0.3287 car 0.6106723546981812
542 21.0924 0.1981 car 0.5778955370187759
543 6.8178 -0.4479 car 0.8771654367446899
543 14.9138 -0.1821 car 0.8266838192939758
543 23.0099 -0.3287 car 0.6713023483753204
543 20.8794 0.1981 car 0.5608404576778412
544 6.6047 -0.5010 car 0.8569674789905548
544 14.4877 -0.1661 car 0.7930596172809601
544 20.6663 0.2142 car 0.6641687452793121
544 22.7969 -0.3454 car 0.5098414421081543
545 6.1786 -0.5373 car 0.8796325623989105
545 14.2747 -0.1661 car 0.8075066208839417
545 20.4533 0.2142 car 0.6387147903442383
545 22.5838 -0.3622 car 0.4903651922941208
546 5.9655 -0.5373 car 0.9024721086025238
546 14.0616 -0.1661 car 0.828085720539093
546 20.2402 0.2142 car 0.6288056969642639
546 22.3708 -0.3622 car 0.46876370906829834
547 5.7525 -0.5744 car 0.9188997447490692
547 13.8486 -0.1661 car 0.8256210684776306
547 19.8141 0.2142 car 0.6216905117034912
547 21.7316 -0.2792 car 0.4402318745851517
548 5.5394 -0.5744 car 0.917127400636673
548 13.6355 -0.1821 car 0.8044970035552979
548 19.6010 0.1981 car 0.6187386512756348
548 21.7316 -0.2792 car 0.42010460793972015
549 5.3264 -0.5744 car 0.8982253074645996
549 13.4225 -0.1981 car 0.7779245674610138
549 19.3880 0.1981 car 0.6152948141098022
549 23.0099 -0.0394 car 0.4170772284269333
550 5.1133 -0.5932 car 0.8510966300964355
550 12.9963 -0.1981 car 0.7588613927364349
550 18.9619 0.1981 car 0.621307760477066
550 23.0099 -0.0551 car 0.44350504875183105
551 5.1133 -0.6317 car 0.7336300611495972
551 12.7833 -0.1981 car 0.7328678071498871
551 18.7488 0.1981 car 0.6093553304672241
551 22.5838 -0.0551 car 0.4363972693681717
552 12.3572 -0.2142 car 0.8327304720878601
552 18.5358 0.2142 car 0.6510553658008575
552 22.3708 -0.0709 car 0.6377703249454498
552 4.6872 -0.7333 car 0.49677902460098267
552 5.1133 -0.6514 car 0.48268595337867737
553 12.1441 -0.2142 car 0.8616088032722473
553 22.1577 -0.0551 car 0.6615565419197083
553 18.3227 0.2142 car 0.6240479350090027
554 11.9311 -0.2142 car 0.8856512904167175
554 21.7316 -0.0551 car 0.6824415922164917
554 17.8966 0.2142 car 0.6140474081039429
555 11.7180 -0.2142 car 0.8940026760101318
555 21.5185 -0.0709 car 0.7054539918899536
555 17.6836 0.2142 car 0.601994663476944
556 11.5050 -0.2142 car 0.8893277645111084
556 21.0924 -0.0551 car 0.7230961322784424
556 17.2574 0.1981 car 0.5870121717453003
557 11.0789 -0.2304 car 0.8758396208286285
557 20.8794 -0.0551 car 0.7303093671798706
557 17.0444 0.1981 car 0.5695551931858063
558 10.8658 -0.2304 car 0.8630036115646362
558 20.4533 -0.0709 car 0.7493190765380859
558 16.8313 0.1981 car 0.5538202226161957
559 10.6527 -0.2466 car 0.835981696844101
559 20.2402 -0.0709 car 0.7453418970108032
559 16.4052 0.2304 car 0.5406310856342316
560 10.2266 -0.2792 car 0.7871511578559875
560 20.0272 -0.0709 car 0.78379026055336
561 19.6010 -0.0709 car 0.8090727031230927
561 10.0136 -0.2792 car 0.7771776020526886
562 19.3880 -0.0709 car 0.831389307975769
562 9.5875 -0.2956 car 0.7861400246620178
563 19.1749 -0.0709 car 0.8423154950141907
563 9.3744 -0.3121 car 0.7918326258659363
564 18.7488 -0.0709 car 0.8388958871364594
564 9.1614 -0.3287 car 0.7702406048774719
565 18.5358 -0.0709 car 0.8262739777565002
565 8.7352 -0.3287 car 0.7509294748306274
566 18.1097 -0.0709 car 0.8161782324314117
566 8.5222 -0.3454 car 0.7438764274120331
567 17.8966 -0.0867 car 0.8066251873970032
567 8.3091 -0.3622 car 0.7231216132640839
568 17.6836 -0.1025 car 0.8761788010597229
568 7.8830 -0.4479 car 0.8003249168395996
569 17.4705 -0.1025 car 0.8910441398620605
569 7.6700 -0.4654 car 0.8167381584644318
570 17.2574 -0.1025 car 0.8987257480621338
570 7.4569 -0.4654 car 0.8381265699863434
571 16.8313 -0.1184 car 0.8958716094493866
571 7.2439 -0.4831 car 0.8517214953899384
572 16.6183 -0.1184 car 0.8847716748714447
572 6.8178 -0.4831 car 0.853948324918747
573 16.1922 -0.1184 car 0.8680852353572845
573 6.6047 -0.5010 car 0.8586907684803009
573 24.9274 0.1184 car 0.4124850630760193
574 6.1786 -0.5373 car 0.8672548234462738
574 15.9791 -0.1343 car 0.8608078360557556
574 24.9274 0.1502 car 0.5720296204090118
575 5.9655 -0.5373 car 0.8805772662162781
575 15.5530 -0.1343 car 0.8438113629817963
575 24.5013 0.1502 car 0.626429557800293
576 5.7525 -0.5744 car 0.9327609539031982
576 15.1269 -0.1661 car 0.8743526637554169
576 24.2883 0.1821 car 0.6860306859016418
577 5.5394 -0.5932 car 0.9421444535255432
577 14.9138 -0.1661 car 0.8881672918796539
577 23.8621 0.1502 car 0.6831177771091461
578 5.3264 -0.6124 car 0.9306270480155945
578 14.7008 -0.1661 car 0.8992645144462585
578 23.6491 0.1502 car 0.699845939874649
579 14.2747 -0.1981 car 0.9054330587387085
579 5.1133 -0.6317 car 0.8929504752159119
579 23.2230 0.1502 car 0.7109887003898621
580 14.0616 -0.1981 car 0.90037402510643
580 5.1133 -0.5932 car 0.8024496734142303
580 23.0099 0.1502 car 0.7152721881866455
581 13.8486 -0.1981 car 0.8850197494029999
581 22.5838 0.1502 car 0.7070597112178802
581 4.6872 -0.6714 car 0.6514602899551392
582 13.4225 -0.1981 car 0.8678894340991974
582 22.3708 0.1502 car 0.710929811000824
582 4.2611 -0.7765 car 0.4386497586965561
583 13.2094 -0.1981 car 0.8478075861930847
583 21.9447 0.1821 car 0.6963353455066681
584 12.7833 -0.2304 car 0.8419132828712463
584 21.7316 0.1661 car 0.6981006562709808
584 23.2230 -0.3287 car 0.5121915191411972
585 12.5702 -0.2304 car 0.8606212735176086
585 21.3055 0.1661 car 0.6730071306228638
585 23.2230 -0.3287 car 0.5011916160583496
586 12.1441 -0.2304 car 0.8720719218254089
586 21.0924 0.1661 car 0.6501522064208984
586 22.7969 -0.2956 car 0.49127230048179626
587 11.9311 -0.2466 car 0.8787665367126465
587 20.6663 0.1821 car 0.6160644292831421
587 22.3708 -0.3287 car 0.4439314305782318
588 11.7180 -0.2304 car 0.8661063611507416
588 20.4533 0.1821 car 0.5832506418228149
588 17.8966 -0.1025 car 0.4584420323371887
589 11.2919 -0.2304 car 0.8566460907459259
589 20.2402 0.1981 car 0.5404980480670929
589 17.6836 -0.1025 car 0.5374945402145386
590 11.0789 -0.2466 car 0.8532763719558716
590 17.2574 -0.1343 car 0.5998117625713348
590 19.8141 0.1981 car 0.49354715645313263
591 10.6527 -0.2629 car 0.8434533476829529
591 17.0444 -0.1343 car 0.6280664205551147
591 19.6010 0.1981 car 0.45050881803035736
592 10.4397 -0.2956 car 0.8452620506286621
592 16.6183 -0.1343 car 0.7089952528476715
593 10.0136 -0.2956 car 0.8592087924480438
593 16.1922 -0.1661 car 0.7553028166294098
594 9.8005 -0.3121 car 0.876011312007904
594 15.9791 -0.1661 car 0.815766841173172
595 9.5875 -0.3287 car 0.8841310441493988
595 15.5530 -0.1661 car 0.8499284088611603
595 24.2883 -0.1025 car 0.42903393507003784
596 9.1614 -0.3287 car 0.883969783782959
596 15.3400 -0.1661 car 0.8592245876789093
596 23.8621 -0.0867 car 0.4711380898952484
597 8.9483 -0.3454 car 0.8749809265136719
597 15.1269 -0.1661 car 0.8548227846622467
597 23.6491 -0.1025 car 0.476702481508255
598 8.7352 -0.3622 car 0.8557915389537811
598 14.9138 -0.1821 car 0.8448579013347626
598 23.2230 -0.0709 car 0.5129499584436417
599 8.5222 -0.3622 car 0.823956161737442
599 14.4877 -0.1821 car 0.8224476277828217
599 22.7969 -0.0709 car 0.5336502641439438
600 14.0616 -0.1981 car 0.8086116313934326
600 8.0961 -0.4479 car 0.8056178092956543
600 22.5838 -0.0394 car 0.7001833021640778
601 13.8486 -0.1981 car 0.8367713391780853
601 7.6700 -0.4654 car 0.8237088620662689
601 22.1577 -0.0394 car 0.774139404296875
602 13.4225 -0.1981 car 0.8640164434909821
602 7.4569 -0.4831 car 0.849894106388092
602 21.9447 -0.0394 car 0.8310052752494812
603 13.2094 -0.1981 car 0.8780070245265961
603 7.2439 -0.4831 car 0.8646909892559052
603 21.5185 -0.0394 car 0.862235963344574
604 21.3055 -0.0394 car 0.881291925907135
604 7.0308 -0.5010 car 0.8702818751335144
604 12.9963 -0.1981 car 0.8657346665859222
605 21.0924 -0.0394 car 0.8881133496761322
605 6.8178 -0.5191 car 0.8711254000663757
605 12.7833 -0.2142 car 0.8455657362937927
606 20.8794 -0.0394 car 0.8881162703037262
606 6.6047 -0.5373 car 0.8655273020267487
606 12.3572 -0.2142 car 0.8236976265907288
607 20.4533 -0.0394 car 0.871958464384079
607 6.1786 -0.5373 car 0.8581265211105347
607 12.1441 -0.2304 car 0.7979290783405304
608 5.7525 -0.6124 car 0.8775610625743866
608 11.7180 -0.2466 car 0.8528684675693512
608 20.0272 -0.0709 car 0.8025529086589813
609 5.5394 -0.6514 car 0.8969905078411102
609 11.5050 -0.2466 car 0.8399252593517303
609 19.8141 -0.0709 car 0.8115896582603455
610 5.3264 -0.6714 car 0.9040304720401764
610 19.6010 -0.0709 car 0.8230095505714417
610 11.0789 -0.2466 car 0.8175774216651917
611 5.1133 -0.6714 car 0.8997488021850586
611 19.1749 -0.0709 car 0.8284738659858704
611 10.8658 -0.2792 car 0.7789033055305481
612 5.1133 -0.7123 car 0.8782106339931488
612 18.7488 -0.0709 car 0.8195536434650421
612 10.4397 -0.2956 car 0.7165578603744507
613 5.1133 -0.7123 car 0.8385298252105713
613 18.5358 -0.0709 car 0.8082773983478546
613 10.2266 -0.3121 car 0.6570432186126709
614 18.1097 -0.0709 car 0.811448335647583
614 4.6872 -0.7547 car 0.7904926240444183
614 9.8005 -0.3454 car 0.603701651096344
615 17.6836 -0.0867 car 0.8085474371910095
615 4.9003 -0.7333 car 0.7297179996967316
615 9.3744 -0.3791 car 0.5673332214355469
616 17.4705 -0.1025 car 0.83600053191185
616 5.7525 -0.6124 car 0.6974073350429535
616 9.1614 -0.3791 car 0.5566498041152954
617 17.2574 -0.1025 car 0.8536927998065948
617 5.5394 -0.6317 car 0.6792290210723877
617 8.5222 -0.4479 car 0.5484980642795563
618 17.0444 -0.1184 car 0.8674185276031494
618 5.5394 -0.5932 car 0.6574257910251617
618 8.3091 -0.4654 car 0.5721747577190399
619 16.6183 -0.1343 car 0.8696505427360535
619 5.5394 -0.5932 car 0.6110681891441345
619 8.0961 -0.4831 car 0.5959426164627075
620 16.1922 -0.1343 car 0.8632917404174805
620 7.6700 -0.5010 car 0.6342723071575165
620 5.5394 -0.5932 car 0.5732945203781128
621 15.9791 -0.1343 car 0.8568184673786163
621 7.4569 -0.5191 car 0.6871385872364044
621 24.5013 -0.0394 car 0.5067773908376694
622 15.5530 -0.1343 car 0.8414014279842377
622 7.0308 -0.5191 car 0.7330041825771332
622 24.2883 -0.0394 car 0.6103402674198151
623 15.3400 -0.1502 car 0.8161748945713043
623 6.8178 -0.5373 car 0.7676169276237488
623 24.0752 -0.0394 car 0.6527628302574158
624 6.6047 -0.5557 car 0.842201441526413
624 14.7008 -0.1661 car 0.8332853317260742
624 23.6491 -0.0394 car 0.7094776332378387
625 6.3916 -0.5744 car 0.8720303177833557
625 14.4877 -0.1821 car 0.8582775592803955
625 23.4360 -0.0551 car 0.7346848249435425
626 5.9655 -0.5932 car 0.894426167011261
626 14.0616 -0.1821 car 0.8809778392314911
626 23.0099 -0.0551 car 0.771620362997055
627 5.7525 -0.5932 car 0.9145044982433319
627 13.8486 -0.1981 car 0.8966447412967682
627 22.7969 -0.0709 car 0.7964265942573547
628 5.5394 -0.5932 car 0.9146858751773834
628 13.6355 -0.1981 car 0.890347808599472
628 22.3708 -0.0709 car 0.8219120800495148
629 5.5394 -0.5932 car 0.8989869058132172
629 13.4225 -0.1981 car 0.8752329647541046
629 21.9447 -0.0709 car 0.8381220102310181
630 12.9963 -0.1981 car 0.8681411445140839
630 21.5185 -0.0709 car 0.8643308877944946
630 5.1133 -0.6317 car 0.8534339964389801
631 21.3055 -0.0867 car 0.8738099038600922
631 12.7833 -0.2142 car 0.8536480665206909
631 5.1133 -0.6317 car 0.7214483320713043
632 12.3572 -0.2142 car 0.8707788586616516
632 21.0924 -0.0709 car 0.8320922255516052
632 4.6872 -0.7765 car 0.5148471593856812
633 12.1441 -0.2304 car 0.8835273683071136
633 20.6663 -0.0867 car 0.843037337064743
634 11.7180 -0.2304 car 0.8910926580429077
634 20.2402 -0.0867 car 0.8570809662342072
635 11.5050 -0.2142 car 0.891290158033371
635 20.0272 -0.0867 car 0.8733354210853577
636 19.6010 -0.1025 car 0.8844447433948517
636 11.0789 -0.2466 car 0.8698462247848511
637 19.3880 -0.1025 car 0.8805667161941528
637 10.8658 -0.2466 car 0.841121256351471
638 18.9619 -0.1025 car 0.8737159669399261
638 10.4397 -0.2629 car 0.8135756552219391
639 18.7488 -0.1025 car 0.8469081223011017
639 10.2266 -0.2792 car 0.7819388508796692
640 18.3227 -0.1025 car 0.8277594745159149
640 9.8005 -0.3454 car 0.7827946543693542
641 18.1097 -0.1343 car 0.8344872891902924
641 9.5875 -0.3622 car 0.7862381637096405
642 17.6836 -0.1343 car 0.8419134616851807
642 9.3744 -0.3791 car 0.7915482521057129
643 17.4705 -0.1343 car 0.8416556119918823
643 8.9483 -0.3791 car 0.7957141995429993
644 17.0444 -0.1502 car 0.835690438747406
644 8.5222 -0.4132 car 0.793515145778656
645 16.8313 -0.1502 car 0.8241358995437622
645 8.3091 -0.4132 car 0.7971617877483368
646 16.4052 -0.1661 car 0.8310242295265198
646 7.8830 -0.4305 car 0.8193940818309784
647 7.4569 -0.4479 car 0.8406229019165039
647 15.9791 -0.1981 car 0.8269512355327606
648 7.2439 -0.4831 car 0.8851154148578644
648 15.5530 -0.1981 car 0.7969739139080048
649 7.0308 -0.4831 car 0.8970016539096832
649 15.3400 -0.2142 car 0.815454363822937
650 6.8178 -0.5010 car 0.9026208519935608
650 14.9138 -0.2142 car 0.833933562040329
651 6.3916 -0.5191 car 0.905543178319931
651 14.7008 -0.1981 car 0.8438548743724823
652 6.1786 -0.5373 car 0.9028638005256653
652 14.2747 -0.2142 car 0.8400777280330658
653 5.9655 -0.5557 car 0.9000040888786316
653 14.0616 -0.2142 car 0.8280662894248962
654 5.5394 -0.5557 car 0.8978086113929749
654 13.6355 -0.2142 car 0.8180477917194366
655 5.3264 -0.5744 car 0.8846369087696075
655 13.4225 -0.2304 car 0.7997795939445496
656 5.1133 -0.6317 car 0.8889244198799133
656 12.9963 -0.2304 car 0.80900439620018
657 5.1133 -0.6317 car 0.8698717057704926
657 12.7833 -0.2466 car 0.8109572529792786
658 12.3572 -0.2466 car 0.8259221911430359
658 5.1133 -0.6714 car 0.8005280196666718
659 11.9311 -0.2466 car 0.8359796404838562
659 4.9003 -0.7333 car 0.6778638064861298
660 11.7180 -0.2629 car 0.8278583586215973
660 4.6872 -0.7547 car 0.5297960638999939
660 4.4742 -1.0319 car 0.42798490822315216
661 11.5050 -0.2792 car 0.8119786381721497
662 11.0789 -0.2792 car 0.8130665421485901
663 10.8658 -0.2792 car 0.7988105118274689
664 10.4397 -0.3121 car 0.8333124816417694
664 24.9274 -0.1025 car 0.6813952922821045
665 10.2266 -0.3121 car 0.833729088306427
665 24.5013 -0.1025 car 0.7880373597145081
666 24.2883 -0.0867 car 0.8338396847248077
666 10.0136 -0.3287 car 0.8238169550895691
667 23.8621 -0.1025 car 0.847841888666153
667 9.5875 -0.3454 car 0.8085008263587952
668 23.4360 -0.1184 car 0.8389341235160828
668 9.3744 -0.3454 car 0.7749898731708527
669 23.0099 -0.1184 car 0.8229313790798187
669 8.9483 -0.3791 car 0.748024582862854
670 22.5838 -0.1184 car 0.8257213830947876
670 8.5222 -0.4132 car 0.7450722754001617
671 22.1577 -0.1184 car 0.829554945230484
671 8.3091 -0.4305 car 0.7371507585048676
672 21.5185 -0.1343 car 0.866140216588974
672 7.6700 -0.4831 car 0.8441724181175232
673 7.2439 -0.5191 car 0.8799063861370087
673 21.3055 -0.1502 car 0.876624196767807
674 7.0308 -0.5373 car 0.9080172181129456
674 20.8794 -0.1502 car 0.88323575258255
675 6.8178 -0.5373 car 0.9249798953533173
675 20.4533 -0.1502 car 0.870820015668869
676 6.6047 -0.5373 car 0.9258238673210144
676 20.2402 -0.1343 car 0.844195157289505
677 6.1786 -0.5744 car 0.9196573197841644
677 19.6010 -0.1343 car 0.812285989522934
678 5.9655 -0.5932 car 0.9127565026283264
678 19.3880 -0.1343 car 0.7962702214717865
679 5.5394 -0.5932 car 0.8984462022781372
679 18.7488 -0.1502 car 0.7944622039794922
679 24.7144 -0.1502 car 0.4875147342681885
680 5.5394 -0.6317 car 0.9219107329845428
680 18.3227 -0.1502 car 0.7944873571395874
680 24.2883 -0.1502 car 0.5466174185276031
681 5.1133 -0.6317 car 0.8915874063968658
681 17.8966 -0.1502 car 0.7995066344738007
681 24.0752 -0.1661 car 0.5853332281112671
682 17.4705 -0.1502 car 0.807436615228653
682 5.1133 -0.6714 car 0.7922199964523315
682 23.6491 -0.1661 car 0.6359593868255615
683 17.0444 -0.1502 car 0.8015380799770355
683 23.2230 -0.1981 car 0.6734683811664581
683 4.6872 -0.7988 car 0.6104303449392319
684 16.6183 -0.1502 car 0.7810571193695068
684 22.7969 -0.1981 car 0.705142468214035
685 16.1922 -0.1661 car 0.7483796179294586
685 22.5838 -0.2142 car 0.7363340258598328
686 22.1577 -0.2142 car 0.7658311724662781
686 15.5530 -0.1661 car 0.7284185588359833
687 21.9447 -0.1981 car 0.7749694287776947
687 15.1269 -0.1661 car 0.72944176197052
688 14.4877 -0.2142 car 0.7633445262908936
688 21.5185 -0.1821 car 0.7477954626083374
689 14.0616 -0.2142 car 0.7782267034053802
689 21.0924 -0.1821 car 0.7249732911586761
690 13.8486 -0.2466 car 0.7958336472511292
690 20.6663 -0.1661 car 0.7042202651500702
691 13.4225 -0.2629 car 0.7961246967315674
691 20.2402 -0.1502 car 0.6720581650733948
692 12.9963 -0.2629 car 0.7822767198085785
692 19.8141 -0.1661 car 0.6335407197475433
693 12.5702 -0.2792 car 0.7557553648948669
693 19.6010 -0.1661 car 0.6001674234867096
694 12.1441 -0.2956 car 0.7538125216960907
694 19.3880 -0.1343 car 0.5716526806354523
695 11.7180 -0.2956 car 0.7580440938472748
695 18.7488 -0.1343 car 0.539334625005722
696 11.5050 -0.3454 car 0.722537100315094
696 18.3227 -0.1343 car 0.6162511110305786
697 11.0789 -0.3454 car 0.7132211327552795
697 18.1097 -0.1343 car 0.6124812960624695
697 23.4360 0.1981 car 0.400460809469223
698 10.4397 -0.3622 car 0.7305607497692108
698 17.6836 -0.1343 car 0.6097040772438049
698 23.2230 0.2142 car 0.5060935616493225
698 13.6355 -0.3121 car 0.48761406540870667
699 10.0136 -0.3622 car 0.7567373812198639
699 17.2574 -0.1502 car 0.5839519202709198
699 22.7969 0.2142 car 0.5812316685914993
700 9.5875 -0.3622 car 0.7727294862270355
700 22.3708 0.2142 car 0.621534526348114
700 17.2574 -0.1502 car 0.5884919166564941
701 9.1614 -0.3791 car 0.7592666745185852
701 22.1577 0.2142 car 0.6280990839004517
701 16.8313 -0.1343 car 0.5935880839824677
702 8.7352 -0.3961 car 0.751246988773346
702 21.9447 0.2142 car 0.6295499503612518
702 16.6183 -0.1502 car 0.5861552953720093
703 8.5222 -0.3961 car 0.7464581429958344
703 21.5185 0.2142 car 0.6124818325042725
703 16.1922 -0.1343 car 0.5554919242858887
704 21.3055 0.1981 car 0.7250376343727112
704 8.0961 -0.4132 car 0.707197517156601
704 15.3400 0.2792 car 0.5300821661949158
704 16.8313 -0.1343 car 0.5198895782232285
705 7.6700 -0.4132 car 0.7339321970939636
705 20.8794 0.2142 car 0.7164334356784821
705 14.9138 0.2792 car 0.5460960268974304
705 16.8313 -0.1343 car 0.5344044864177704
706 7.2439 -0.4132 car 0.7758157253265381
706 20.4533 0.2142 car 0.7357794642448425
706 14.7008 0.2792 car 0.5675788819789886
706 16.8313 -0.1343 car 0.5252968370914459
707 6.8178 -0.4132 car 0.8018040657043457
707 20.2402 0.2142 car 0.7532411217689514
707 14.2747 0.2792 car 0.5938395857810974
707 16.8313 -0.1343 car 0.48612549901008606
708 6.6047 -0.4305 car 0.8032043874263763
708 19.8141 0.2142 car 0.7599178850650787
708 13.8486 0.2792 car 0.6111918687820435
708 16.6183 -0.1343 car 0.46039633452892303
709 6.1786 -0.4479 car 0.790611982345581
709 19.3880 0.1821 car 0.7610475122928619
709 13.8486 0.2792 car 0.6121101677417755
709 16.4052 -0.1343 car 0.42516472935676575
710 5.7525 -0.4479 car 0.7931516468524933
710 18.9619 0.1821 car 0.7827459275722504
710 13.4225 0.2956 car 0.6027092039585114
710 19.6010 -0.2792 car 0.47891098260879517
711 5.1133 -0.5557 car 0.8072540163993835
711 18.5358 0.1981 car 0.7905869483947754
711 13.2094 0.2956 car 0.5744974613189697
711 19.1749 -0.2792 car 0.5088475942611694
712 4.9003 -0.5932 car 0.874239057302475
712 18.1097 0.1821 car 0.8183620274066925
712 18.7488 -0.2792 car 0.6319241225719452
712 11.7180 -0.2792 car 0.5215525031089783
713 4.6872 -0.6124 car 0.8848050236701965
713 17.6836 0.1981 car 0.8101557195186615
713 18.5358 -0.2629 car 0.6350858807563782
713 11.2919 -0.2956 car 0.5406214743852615
714 4.4742 -0.6317 car 0.8795686364173889
714 17.2574 0.1981 car 0.8132258057594299
714 18.1097 -0.2629 car 0.6529226899147034
714 10.8658 -0.2956 car 0.5490714460611343
715 4.4742 -0.6916 car 0.8720684945583344
715 17.0444 0.1981 car 0.8144648373126984
715 17.8966 -0.2629 car 0.642362117767334
715 10.8658 -0.2956 car 0.5466529875993729
716 4.2611 -0.7333 car 0.8611429333686829
716 16.6183 0.1981 car 0.7963011860847473
716 17.4705 -0.2466 car 0.6077412664890289
716 10.4397 -0.2956 car 0.5227706879377365
717 4.2611 -0.7333 car 0.8414858877658844
717 16.1922 0.1981 car 0.7756446301937103
717 17.2574 -0.2629 car 0.5488184690475464
717 10.0136 -0.2956 car 0.46439965069293976
718 4.2611 -0.7333 car 0.8190150856971741
718 15.7661 0.1981 car 0.7659464776515961
718 16.8313 -0.2466 car 0.4677170217037201
718 9.8005 -0.2956 car 0.417192280292511
719 4.0480 -0.7333 car 0.7907772660255432
719 15.3400 0.2142 car 0.7563885450363159
720 4.0480 -0.7333 car 0.8575885593891144
720 14.9138 0.2142 car 0.7555212378501892
721 4.0480 -0.7333 car 0.8703747093677521
721 14.4877 0.2304 car 0.7595052719116211
722 4.0480 -0.7547 car 0.8774466216564178
722 14.0616 0.2304 car 0.7770955264568329
723 4.0480 -0.7547 car 0.8795219361782074
723 13.8486 0.2304 car 0.7918044924736023
724 4.0480 -0.7547 car 0.8754430711269379
724 13.6355 0.2304 car 0.7833263874053955
725 4.0480 -0.7547 car 0.8697338700294495
725 13.2094 0.2304 car 0.7695009112358093
726 4.0480 -0.7765 car 0.8595029711723328
726 12.7833 0.2629 car 0.7660638689994812
727 3.8350 -0.7765 car 0.8378168046474457
727 12.5702 0.2466 car 0.7511919140815735
728 4.4742 -0.6916 car 0.8531730473041534
728 12.3572 0.3121 car 0.6125262975692749
728 22.7969 -0.1981 car 0.527078703045845
728 8.0961 0.5744 car 0.4825868457555771
729 4.4742 -0.6916 car 0.8856515884399414
729 11.9311 0.3121 car 0.596553385257721
729 22.5838 -0.1981 car 0.5680717974901199
729 8.0961 0.5744 car 0.4437101036310196
729 12.5702 -0.7765 car 0.42496590316295624
730 4.4742 -0.6916 car 0.904188722372055
730 22.3708 -0.1981 car 0.6234582960605621
730 11.5050 0.3287 car 0.6049950420856476
730 12.3572 -0.7765 car 0.4504285901784897
730 7.8830 0.5932 car 0.41263745725154877
731 4.4742 -0.6916 car 0.9155899882316589
731 21.9447 -0.1981 car 0.6502321064472198
731 11.2919 0.3454 car 0.6161344349384308
731 12.1441 -0.7988 car 0.4734079837799072
732 4.2611 -0.7123 car 0.9163250029087067
732 21.5185 -0.1981 car 0.6361543834209442
732 10.6527 0.3454 car 0.6357521712779999
732 12.1441 -0.7988 car 0.46915486454963684
733 4.2611 -0.7123 car 0.9032703936100006
733 10.4397 0.3454 car 0.6407261788845062
733 21.3055 -0.1981 car 0.6055124998092651
733 11.9311 -0.7988 car 0.43205320835113525
734 4.2611 -0.7333 car 0.8498989343643188
734 10.0136 0.3622 car 0.6455740332603455
734 20.8794 -0.1502 car 0.5641771554946899
735 4.0480 -0.7765 car 0.7133253812789917
735 9.3744 0.4132 car 0.6442220509052277
735 20.4533 -0.1502 car 0.5146486759185791
736 8.9483 0.4305 car 0.6066838502883911
737 8.7352 0.4132 car 0.5951910614967346
737 15.5530 -0.4132 car 0.4307773560285568
738 8.5222 0.4305 car 0.5960453152656555
738 15.1269 -0.4132 car 0.47260935604572296
739 8.3091 0.4305 car 0.5745925605297089
739 14.9138 -0.4132 car 0.48394574224948883
740 7.8830 0.4479 car 0.5637265145778656
740 14.7008 -0.4305 car 0.4953210651874542
741 7.6700 0.4479 car 0.5564116984605789
741 13.8486 -0.4831 car 0.48302942514419556
742 7.6700 0.4479 car 0.5387722104787827
742 13.4225 -0.4831 car 0.47431881725788116
743 7.0308 0.4479 car 0.5146321356296539
743 13.4225 -0.5010 car 0.44163234531879425
746 9.3744 -0.7547 car 0.40939168259501457
747 9.1614 -0.7547 car 0.4625360667705536
748 9.1614 -0.7547 car 0.5072296485304832
748 14.7008 -0.3622 car 0.40123359858989716
749 8.9483 -0.7547 car 0.5559747219085693
750 8.5222 -0.7765 car 0.5988774448633194
751 8.0961 -0.7765 car 0.6211298406124115
752 8.9483 -0.7765 car 0.7780500054359436
753 9.1614 -0.7547 car 0.7976702153682709
754 9.1614 -0.7547 car 0.8138091862201691
755 9.1614 -0.7547 car 0.8229380548000336
756 9.1614 -0.7547 car 0.8291570246219635
757 9.1614 -0.7547 car 0.8323254585266113
758 9.1614 -0.7547 car 0.8228344917297363
759 9.1614 -0.7547 car 0.7984009385108948
760 9.1614 -0.7765 car 0.6637449860572815
760 21.5185 0.1661 car 0.6285438239574432
761 21.3055 0.1661 car 0.6289045363664627
761 9.1614 -0.7765 car 0.6139678955078125
762 20.8794 0.1661 car 0.6538727581501007
762 8.7352 -0.7765 car 0.517140194773674
763 20.4533 0.1981 car 0.6839423775672913
764 20.2402 0.1821 car 0.6864770650863647
765 19.8141 0.1821 car 0.6683720648288727
766 19.6010 0.1821 car 0.6493054926395416
767 19.1749 0.1821 car 0.6116180419921875
768 18.5358 0.1981 car 0.6785878539085388
769 18.1097 0.1981 car 0.7051526010036469
770 17.6836 0.1981 car 0.7435949146747589
771 17.4705 0.1981 car 0.7676803171634674
772 17.0444 0.1981 car 0.7568488419055939
773 16.8313 0.1981 car 0.7276811301708221
774 16.4052 0.2142 car 0.7159357070922852
775 15.9791 0.1981 car 0.7110610604286194
776 15.5530 0.2142 car 0.7887997925281525
776 10.2266 0.3622 car 0.49870455265045166
777 15.3400 0.2142 car 0.7839100956916809
777 9.3744 0.4305 car 0.5133486390113831
778 14.9138 0.2142 car 0.7842911183834076
778 9.1614 0.4305 car 0.5375147461891174
779 14.4877 0.2304 car 0.7841145098209381
779 9.1614 0.4305 car 0.5553416311740875
780 14.0616 0.2142 car 0.7698718011379242
780 8.7352 0.4305 car 0.5856084823608398
781 13.6355 0.2304 car 0.7546919584274292
781 8.5222 0.4479 car 0.5877999365329742
782 13.4225 0.2304 car 0.7529139518737793
782 8.3091 0.4479 car 0.5891006588935852
783 12.9963 0.2304 car 0.7304836511611938
783 8.0961 0.4831 car 0.5675064921379089
784 12.5702 0.2466 car 0.7353755235671997
784 7.8830 0.4831 car 0.5785502195358276
785 12.1441 0.2466 car 0.7307895720005035
785 7.8830 0.4831 car 0.5132146924734116
786 11.7180 0.2629 car 0.7403179109096527
786 7.4569 0.4831 car 0.44713447988033295
787 11.5050 0.2792 car 0.7454594373703003
788 11.0789 0.2792 car 0.7423242032527924
788 23.0099 -0.2304 car 0.4340631365776062
789 10.6527 0.3121 car 0.726874977350235
789 22.5838 -0.2304 car 0.5413291901350021
790 10.2266 0.3287 car 0.7239967286586761
790 21.9447 -0.2304 car 0.6355586647987366
791 10.0136 0.3454 car 0.7090766429901123
791 21.5185 -0.2304 car 0.6835808753967285
792 20.8794 -0.2142 car 0.7423814833164215
792 9.3744 0.3791 car 0.6743246912956238
793 20.4533 -0.2142 car 0.7251906991004944
793 9.1614 0.3791 car 0.689382016658783
794 19.8141 -0.2304 car 0.7252815961837769
794 8.7352 0.3791 car 0.7198605239391327
795 8.5222 0.3961 car 0.7502696514129639
795 19.3880 -0.2629 car 0.7249216139316559
796 8.0961 0.4305 car 0.7558093369007111
796 18.9619 -0.2629 car 0.7073542773723602
797 8.0961 0.4305 car 0.7386026680469513
797 18.3227 -0.2792 car 0.6931564211845398
798 7.8830 0.4479 car 0.7069671452045441
798 17.6836 -0.2956 car 0.6976202726364136
799 17.0444 -0.3121 car 0.7145305871963501
799 7.8830 0.4479 car 0.6548390686511993
800 16.1922 -0.3287 car 0.7812128365039825
800 7.6700 0.4479 car 0.5601330697536469
801 15.9791 -0.3287 car 0.7985847294330597
801 7.4569 0.4479 car 0.4921085238456726
802 15.3400 -0.3287 car 0.8059004247188568
802 7.4569 0.4479 car 0.42828190326690674
802 7.0308 0.3454 car 0.4047827571630478
803 14.9138 -0.3287 car 0.8103416562080383
804 14.2747 -0.3287 car 0.8152141869068146
805 13.8486 -0.3622 car 0.8214468657970428
806 13.4225 -0.3622 car 0.8372082710266113
807 12.7833 -0.3791 car 0.8388027548789978
808 11.9311 -0.4132 car 0.8244780898094177
809 11.5050 -0.4132 car 0.80967777967453
810 10.8658 -0.4305 car 0.8003316223621368
811 10.4397 -0.4654 car 0.8040164113044739
812 10.0136 -0.4654 car 0.7987354397773743
813 9.3744 -0.5010 car 0.8083965480327606
814 8.7352 -0.5373 car 0.8337112069129944
815 8.3091 -0.5373 car 0.8390085697174072
816 7.6700 -0.6124 car 0.8447806537151337
817 7.2439 -0.6514 car 0.879717081785202
818 7.0308 -0.6514 car 0.8945239782333374
819 6.8178 -0.6714 car 0.8660256862640381
820 6.3916 -0.6714 car 0.7685782313346863
821 5.9655 -0.6714 car 0.5622791796922684
822 5.5394 -0.7123 car 0.42136466689407825
