0 10.0136 0.1025 pedestrian 0.9113184809684753
0 11.2919 -0.0551 pedestrian 0.8935509324073792
1 10.0136 0.1025 pedestrian 0.9296135902404785
1 11.2919 -0.0551 pedestrian 0.9173925518989563
2 10.0136 0.1025 pedestrian 0.9410029053688049
2 11.2919 -0.0551 pedestrian 0.933954119682312
3 10.0136 0.1025 pedestrian 0.9482004642486572
3 11.2919 -0.0551 pedestrian 0.9462644457817078
4 11.2919 -0.0394 pedestrian 0.9587067365646362
4 9.8005 0.1025 pedestrian 0.9512414336204529
5 11.2919 -0.0394 pedestrian 0.965848445892334
5 9.8005 0.1025 pedestrian 0.9525385499000549
6 11.2919 -0.0394 pedestrian 0.9702366590499878
6 9.8005 0.1025 pedestrian 0.9539279937744141
7 11.2919 -0.0394 pedestrian 0.9730145931243896
7 9.8005 0.1025 pedestrian 0.9551300406455994
8 9.8005 0.0867 pedestrian 0.9234101176261902
8 11.2919 -0.0394 pedestrian 0.8910464644432068
9 9.8005 0.0867 pedestrian 0.931962639093399
9 11.2919 -0.0394 pedestrian 0.9137558937072754
10 9.8005 0.0867 pedestrian 0.936017632484436
10 11.2919 -0.0394 pedestrian 0.9306704699993134
11 11.2919 -0.0394 pedestrian 0.9418788254261017
11 9.8005 0.0709 pedestrian 0.9371088743209839
12 11.2919 -0.0394 pedestrian 0.9501919150352478
12 9.8005 0.0709 pedestrian 0.9409495294094086
13 11.2919 -0.0236 pedestrian 0.9542096257209778
13 9.8005 0.0709 pedestrian 0.9409914612770081
14 11.2919 -0.0236 pedestrian 0.9531900882720947
14 9.8005 0.0709 pedestrian 0.9389342367649078
15 11.2919 -0.0236 pedestrian 0.947237104177475
15 9.8005 0.0709 pedestrian 0.9301202297210693
16 11.2919 -0.0236 pedestrian 0.8947443068027496
16 9.8005 0.0394 pedestrian 0.8849267363548279
16 10.8658 0.0079 cyclist 0.40584906935691833
17 11.2919 -0.0236 pedestrian 0.905155748128891
17 9.8005 0.0394 pedestrian 0.8991179466247559
17 10.8658 0.0079 cyclist 0.418824702501297
18 11.2919 -0.0079 pedestrian 0.9109417498111725
18 9.8005 0.0394 pedestrian 0.9055729806423187
18 10.8658 0.0079 cyclist 0.4267457127571106
19 11.2919 -0.0079 pedestrian 0.9166371822357178
19 9.8005 0.0394 pedestrian 0.9073242843151093
19 10.8658 0.0079 cyclist 0.4236835837364197
20 11.2919 -0.0079 pedestrian 0.9184933006763458
20 9.8005 0.0394 pedestrian 0.9098600745201111
20 10.8658 0.0079 cyclist 0.41770368814468384
21 11.2919 -0.0079 pedestrian 0.9146885871887207
21 9.8005 0.0394 pedestrian 0.9073633849620819
22 11.2919 -0.0079 pedestrian 0.9073229730129242
22 9.8005 0.0394 pedestrian 0.9042454659938812
23 9.8005 0.0394 pedestrian 0.8983855545520782
23 11.2919 -0.0079 pedestrian 0.8912477195262909
24 9.8005 0.0079 pedestrian 0.8731200397014618
24 11.5050 0.0079 pedestrian 0.8652492463588715
24 10.8658 0.0079 cyclist 0.44177211821079254
25 11.5050 0.0079 pedestrian 0.8887101113796234
25 9.8005 0.0079 pedestrian 0.8828911185264587
25 10.8658 0.0079 cyclist 0.46071857213974
26 11.5050 0.0079 pedestrian 0.9033250510692596
26 10.0136 -0.0079 pedestrian 0.8936336934566498
26 10.8658 0.0079 cyclist 0.4688950181007385
27 11.5050 0.0079 pedestrian 0.9139045774936676
27 10.0136 -0.0079 pedestrian 0.9011393487453461
27 10.8658 0.0079 cyclist 0.4659429043531418
28 11.5050 0.0079 pedestrian 0.9195357859134674
28 10.0136 -0.0079 pedestrian 0.9024798274040222
28 10.8658 0.0079 cyclist 0.4589627981185913
29 11.5050 0.0236 pedestrian 0.9180183112621307
29 10.0136 -0.0079 pedestrian 0.9026497304439545
29 10.8658 0.0079 cyclist 0.4308703541755676
30 11.5050 0.0236 pedestrian 0.9128193259239197
30 10.0136 -0.0079 pedestrian 0.9025724530220032
30 10.8658 0.0079 cyclist 0.40160027146339417
31 10.0136 -0.0236 pedestrian 0.9015611410140991
31 11.5050 0.0236 pedestrian 0.8977863788604736
32 11.2919 0.0394 pedestrian 0.8599232137203217
32 10.0136 -0.0551 pedestrian 0.8598377406597137
33 11.2919 0.0394 pedestrian 0.8879538774490356
33 10.0136 -0.0551 pedestrian 0.8783965408802032
34 11.2919 0.0394 pedestrian 0.9069446325302124
34 10.0136 -0.0551 pedestrian 0.8928183913230896
35 11.2919 0.0394 pedestrian 0.9203991889953613
35 10.0136 -0.0551 pedestrian 0.9032315313816071
36 11.2919 0.0394 pedestrian 0.9278903007507324
36 10.0136 -0.0551 pedestrian 0.9062729179859161
37 11.2919 0.0394 pedestrian 0.9298420250415802
37 10.0136 -0.0551 pedestrian 0.9053527414798737
38 11.2919 0.0551 pedestrian 0.93028324842453
38 10.0136 -0.0709 pedestrian 0.9041957855224609
39 11.5050 0.0551 pedestrian 0.9272150993347168
39 10.0136 -0.0709 pedestrian 0.9010636210441589
40 11.2919 0.0709 pedestrian 0.9038166701793671
40 10.0136 -0.0867 pedestrian 0.7934054732322693
41 11.5050 0.0709 pedestrian 0.9263752400875092
41 10.0136 -0.1025 pedestrian 0.8185380697250366
42 11.5050 0.0709 pedestrian 0.9436444938182831
42 10.0136 -0.1025 pedestrian 0.8472779989242554
43 11.5050 0.0709 pedestrian 0.9558006823062897
43 10.0136 -0.1025 pedestrian 0.8701220750808716
44 11.5050 0.0709 pedestrian 0.9613345265388489
44 10.0136 -0.1025 pedestrian 0.8813869953155518
45 11.5050 0.0709 pedestrian 0.9617468416690826
45 10.0136 -0.1025 pedestrian 0.8820278942584991
46 11.5050 0.0709 pedestrian 0.95882248878479
46 10.2266 -0.1025 pedestrian 0.8789443969726562
47 11.5050 0.0867 pedestrian 0.9519627094268799
47 10.2266 -0.1025 pedestrian 0.8718907535076141
48 11.5050 0.1025 pedestrian 0.9212524890899658
48 10.2266 -0.1184 pedestrian 0.884777694940567
49 11.5050 0.1025 pedestrian 0.9322310090065002
49 10.2266 -0.1184 pedestrian 0.8982428312301636
50 11.5050 0.1025 pedestrian 0.937383234500885
50 10.2266 -0.1184 pedestrian 0.9094437062740326
51 11.5050 0.1025 pedestrian 0.9408378005027771
51 10.2266 -0.1184 pedestrian 0.9157691895961761
52 11.5050 0.1025 pedestrian 0.9432040750980377
52 10.2266 -0.1184 pedestrian 0.9217715859413147
53 11.5050 0.1184 pedestrian 0.9411970674991608
53 10.2266 -0.1184 pedestrian 0.9219509363174438
54 11.5050 0.1184 pedestrian 0.9379799067974091
54 10.2266 -0.1184 pedestrian 0.9188094139099121
55 11.5050 0.1184 pedestrian 0.9304421842098236
55 10.2266 -0.1184 pedestrian 0.908421516418457
56 11.5050 0.1502 pedestrian 0.898532509803772
56 10.2266 -0.1184 pedestrian 0.8723462820053101
57 11.5050 0.1502 pedestrian 0.9234499633312225
57 10.4397 -0.1343 pedestrian 0.8968139886856079
58 11.5050 0.1502 pedestrian 0.9364044070243835
58 10.4397 -0.1343 pedestrian 0.9181607365608215
59 11.5050 0.1502 pedestrian 0.9446490705013275
59 10.4397 -0.1343 pedestrian 0.9310888051986694
60 11.5050 0.1502 pedestrian 0.9454230666160583
60 10.4397 -0.1343 pedestrian 0.9325619339942932
61 11.5050 0.1502 pedestrian 0.9429207146167755
61 10.4397 -0.1343 pedestrian 0.9278818964958191
62 11.5050 0.1502 pedestrian 0.9363145232200623
62 10.4397 -0.1343 pedestrian 0.9228282868862152
63 11.5050 0.1502 pedestrian 0.9249643385410309
63 10.4397 -0.1343 pedestrian 0.9115408360958099
64 10.4397 -0.1343 pedestrian 0.9324240684509277
64 11.5050 0.1661 pedestrian 0.8798795640468597
65 10.4397 -0.1343 pedestrian 0.938570111989975
65 11.5050 0.1661 pedestrian 0.8927546143531799
66 10.4397 -0.1343 pedestrian 0.9420213997364044
66 11.5050 0.1661 pedestrian 0.8986908495426178
67 10.4397 -0.1343 pedestrian 0.9438993632793427
67 11.5050 0.1661 pedestrian 0.898739755153656
68 10.4397 -0.1343 pedestrian 0.9446997046470642
68 11.7180 0.1661 pedestrian 0.8981084525585175
69 10.4397 -0.1343 pedestrian 0.9430646300315857
69 11.7180 0.1661 pedestrian 0.9041112065315247
70 10.4397 -0.1343 pedestrian 0.9385853409767151
70 11.7180 0.1661 pedestrian 0.9066933691501617
71 10.4397 -0.1343 pedestrian 0.9301798641681671
71 11.7180 0.1821 pedestrian 0.9044167697429657
72 10.4397 -0.1502 pedestrian 0.8967706263065338
72 11.7180 0.1821 pedestrian 0.8920358419418335
73 10.4397 -0.1502 pedestrian 0.9057799279689789
73 11.7180 0.1821 pedestrian 0.9020746350288391
74 10.4397 -0.1502 pedestrian 0.9109430611133575
74 11.7180 0.1821 pedestrian 0.9072995483875275
75 10.4397 -0.1502 pedestrian 0.9121791124343872
75 11.7180 0.1821 pedestrian 0.909332662820816
76 10.4397 -0.1502 pedestrian 0.912244588136673
76 11.7180 0.1821 pedestrian 0.9107055068016052
77 10.6527 -0.1502 pedestrian 0.9144432842731476
77 11.7180 0.1821 pedestrian 0.9130481481552124
78 10.6527 -0.1661 pedestrian 0.9159378409385681
78 11.7180 0.1821 pedestrian 0.9118605256080627
79 10.6527 -0.1661 pedestrian 0.9110365808010101
79 11.7180 0.1981 pedestrian 0.9080073237419128
80 10.6527 -0.1661 pedestrian 0.903447300195694
80 11.7180 0.2142 pedestrian 0.8894746005535126
81 10.6527 -0.1661 pedestrian 0.9137998521327972
81 11.7180 0.2142 pedestrian 0.9012700915336609
82 10.6527 -0.1661 pedestrian 0.9200581014156342
82 11.7180 0.2142 pedestrian 0.9078288078308105
83 10.6527 -0.1661 pedestrian 0.9223012924194336
83 11.7180 0.2142 pedestrian 0.9103771150112152
84 10.6527 -0.1661 pedestrian 0.9232312440872192
84 11.7180 0.2142 pedestrian 0.9118598699569702
85 10.6527 -0.1661 pedestrian 0.9228547513484955
85 11.7180 0.2304 pedestrian 0.9160382151603699
86 10.6527 -0.1661 pedestrian 0.9210077822208405
86 11.7180 0.2304 pedestrian 0.9197611510753632
87 11.7180 0.2304 pedestrian 0.9204966425895691
87 10.6527 -0.1821 pedestrian 0.9143743216991425
88 11.7180 0.2304 pedestrian 0.8949072659015656
88 10.6527 -0.1821 pedestrian 0.8921322226524353
89 11.7180 0.2304 pedestrian 0.9065898358821869
89 10.6527 -0.1821 pedestrian 0.9062841236591339
90 10.6527 -0.1981 pedestrian 0.9153510928153992
90 11.7180 0.2466 pedestrian 0.9142061471939087
91 10.6527 -0.1981 pedestrian 0.92062047123909
91 11.7180 0.2466 pedestrian 0.9165878295898438
92 10.6527 -0.1981 pedestrian 0.9240322709083557
92 11.7180 0.2466 pedestrian 0.917498916387558
93 10.6527 -0.1981 pedestrian 0.9261933267116547
93 11.7180 0.2466 pedestrian 0.9177847802639008
94 10.6527 -0.1981 pedestrian 0.9238011538982391
94 11.7180 0.2466 pedestrian 0.9161219894886017
95 10.6527 -0.1981 pedestrian 0.9167420566082001
95 11.7180 0.2466 pedestrian 0.9112933576107025
96 10.6527 -0.2142 pedestrian 0.8927057981491089
96 11.7180 0.2466 pedestrian 0.8859081864356995
97 10.8658 -0.2142 pedestrian 0.9018794298171997
97 11.7180 0.2466 pedestrian 0.889353483915329
98 10.8658 -0.2142 pedestrian 0.9115302860736847
98 11.7180 0.2466 pedestrian 0.8893464207649231
99 10.8658 -0.2142 pedestrian 0.9161732196807861
99 11.7180 0.2466 pedestrian 0.885820060968399
100 10.8658 -0.2304 pedestrian 0.9173756241798401
100 11.9311 0.2466 pedestrian 0.8809332549571991
101 10.8658 -0.2304 pedestrian 0.9204659461975098
101 11.9311 0.2466 pedestrian 0.8777931332588196
102 10.8658 -0.2304 pedestrian 0.9203096330165863
102 11.9311 0.2629 pedestrian 0.8793121874332428
103 10.8658 -0.2304 pedestrian 0.9177354574203491
103 11.9311 0.2629 pedestrian 0.87801793217659
104 10.8658 -0.2466 pedestrian 0.9093478918075562
104 11.7180 0.2629 pedestrian 0.8255367875099182
105 10.8658 -0.2466 pedestrian 0.9209871292114258
105 11.9311 0.2792 pedestrian 0.8372088968753815
106 10.8658 -0.2466 pedestrian 0.9288791418075562
106 11.9311 0.2792 pedestrian 0.8480987846851349
107 10.8658 -0.2466 pedestrian 0.9329381287097931
107 11.9311 0.2792 pedestrian 0.8549624085426331
108 10.8658 -0.2466 pedestrian 0.9341139793395996
108 11.9311 0.2792 pedestrian 0.8590285778045654
109 10.8658 -0.2466 pedestrian 0.9338649809360504
109 11.9311 0.2792 pedestrian 0.8603696227073669
110 10.8658 -0.2466 pedestrian 0.9315977692604065
110 11.9311 0.2792 pedestrian 0.8607846796512604
111 10.8658 -0.2466 pedestrian 0.9273397326469421
111 11.9311 0.2792 pedestrian 0.8550948202610016
112 10.6527 -0.2466 pedestrian 0.9155773520469666
112 11.9311 0.3121 pedestrian 0.8418262004852295
113 10.6527 -0.2466 pedestrian 0.9279467761516571
113 11.9311 0.3121 pedestrian 0.8574803471565247
114 10.6527 -0.2466 pedestrian 0.93500617146492
114 11.9311 0.3121 pedestrian 0.8697218000888824
115 10.6527 -0.2466 pedestrian 0.9378132820129395
115 11.9311 0.3121 pedestrian 0.8779919743537903
116 10.6527 -0.2466 pedestrian 0.938681036233902
116 11.9311 0.3121 pedestrian 0.8844523727893829
117 10.6527 -0.2466 pedestrian 0.9389614462852478
117 11.9311 0.3287 pedestrian 0.8898347318172455
118 10.6527 -0.2466 pedestrian 0.9386206865310669
118 11.9311 0.3287 pedestrian 0.8935275077819824
119 10.6527 -0.2466 pedestrian 0.9351605176925659
119 11.9311 0.3287 pedestrian 0.8904055953025818
120 10.6527 -0.2629 pedestrian 0.911670982837677
120 11.9311 0.3454 pedestrian 0.8294589221477509
121 10.6527 -0.2629 pedestrian 0.9200038611888885
121 11.9311 0.3454 pedestrian 0.8405739665031433
122 10.6527 -0.2629 pedestrian 0.9238437414169312
122 11.9311 0.3454 pedestrian 0.8466571271419525
123 10.6527 -0.2629 pedestrian 0.9245927631855011
123 12.1441 0.3454 pedestrian 0.8607913553714752
124 10.6527 -0.2629 pedestrian 0.9228720366954803
124 12.1441 0.3454 pedestrian 0.8717843890190125
125 10.6527 -0.2629 pedestrian 0.9211143553256989
125 12.1441 0.3454 pedestrian 0.8792565166950226
126 10.6527 -0.2629 pedestrian 0.917887806892395
126 12.1441 0.3454 pedestrian 0.8808662295341492
127 10.6527 -0.2629 pedestrian 0.9080790579319
127 12.1441 0.3454 pedestrian 0.8731697797775269
128 10.6527 -0.2629 pedestrian 0.8829459547996521
128 12.1441 0.3454 pedestrian 0.864079624414444
129 10.6527 -0.2629 pedestrian 0.8882748782634735
129 12.1441 0.3454 pedestrian 0.8719078898429871
130 10.6527 -0.2629 pedestrian 0.8919398188591003
130 12.3572 0.3454 pedestrian 0.8759600520133972
131 10.6527 -0.2629 pedestrian 0.8897294104099274
131 12.3572 0.3454 pedestrian 0.8828980922698975
132 10.4397 -0.2629 pedestrian 0.8891756236553192
132 12.3572 0.3454 pedestrian 0.8891012966632843
133 12.3572 0.3454 pedestrian 0.8939691185951233
133 10.4397 -0.2792 pedestrian 0.8929086625576019
134 10.4397 -0.2792 pedestrian 0.8960558772087097
134 12.3572 0.3454 pedestrian 0.8957582116127014
135 10.4397 -0.2792 pedestrian 0.8937848806381226
135 12.3572 0.3622 pedestrian 0.8937303423881531
136 10.4397 -0.2792 pedestrian 0.9038427174091339
136 12.3572 0.3622 pedestrian 0.8681059181690216
137 10.4397 -0.2792 pedestrian 0.9081394374370575
137 12.3572 0.3791 pedestrian 0.8852452635765076
138 10.4397 -0.2792 pedestrian 0.9093508422374725
138 12.3572 0.3791 pedestrian 0.8973716497421265
139 10.4397 -0.2792 pedestrian 0.9099713861942291
139 12.3572 0.3791 pedestrian 0.9021033346652985
140 10.4397 -0.2792 pedestrian 0.9100137948989868
140 12.3572 0.3791 pedestrian 0.9035833775997162
141 10.4397 -0.2792 pedestrian 0.9089252054691315
141 12.3572 0.3791 pedestrian 0.9021472334861755
142 10.2266 -0.2792 pedestrian 0.9077204167842865
142 12.3572 0.3791 pedestrian 0.9010549485683441
143 10.2266 -0.2792 pedestrian 0.9050123393535614
143 12.3572 0.3791 pedestrian 0.894761711359024
144 10.2266 -0.2792 pedestrian 0.8964375853538513
144 12.5702 0.3961 pedestrian 0.8310457170009613
145 10.2266 -0.2792 pedestrian 0.9072828590869904
145 12.5702 0.3961 pedestrian 0.8524987697601318
146 10.2266 -0.2792 pedestrian 0.9124045968055725
146 12.5702 0.3961 pedestrian 0.8661148846149445
147 10.2266 -0.2792 pedestrian 0.9125355780124664
147 12.5702 0.3961 pedestrian 0.8726173639297485
148 10.2266 -0.2792 pedestrian 0.9128291308879852
148 12.5702 0.3961 pedestrian 0.8806229531764984
149 10.2266 -0.2792 pedestrian 0.9112084209918976
149 12.5702 0.3961 pedestrian 0.8848299086093903
150 10.2266 -0.2629 pedestrian 0.9088520407676697
150 12.5702 0.3961 pedestrian 0.8830276429653168
151 10.0136 -0.2629 pedestrian 0.9059182107448578
151 12.5702 0.3961 pedestrian 0.87571582198143
152 10.0136 -0.2629 pedestrian 0.9039420783519745
152 12.5702 0.3961 pedestrian 0.8769130706787109
153 10.0136 -0.2629 pedestrian 0.9096905291080475
153 12.5702 0.3791 pedestrian 0.8757936656475067
154 10.0136 -0.2629 pedestrian 0.9122559130191803
154 12.7833 0.3791 pedestrian 0.8769082427024841
155 10.0136 -0.2629 pedestrian 0.9109710454940796
155 12.7833 0.3791 pedestrian 0.8826363980770111
156 10.0136 -0.2629 pedestrian 0.9091207385063171
156 12.7833 0.3791 pedestrian 0.8847361505031586
157 10.0136 -0.2629 pedestrian 0.9058551490306854
157 12.7833 0.3791 pedestrian 0.8877118527889252
158 10.0136 -0.2629 pedestrian 0.9031179845333099
158 12.7833 0.3791 pedestrian 0.8880648612976074
159 10.0136 -0.2629 pedestrian 0.8940949141979218
159 12.7833 0.3961 pedestrian 0.8794922828674316
160 10.0136 -0.2466 pedestrian 0.9106285274028778
160 12.7833 0.3791 pedestrian 0.8331958055496216
161 10.0136 -0.2466 pedestrian 0.9187033772468567
161 12.7833 0.3791 pedestrian 0.8455075323581696
162 10.0136 -0.2466 pedestrian 0.9228992164134979
162 12.9963 0.3791 pedestrian 0.8557610213756561
163 10.0136 -0.2466 pedestrian 0.9233888685703278
163 12.9963 0.3791 pedestrian 0.8695578277111053
164 10.0136 -0.2466 pedestrian 0.9235846102237701
164 12.9963 0.3791 pedestrian 0.8829794526100159
165 10.0136 -0.2304 pedestrian 0.924711287021637
165 12.9963 0.3791 pedestrian 0.8941608369350433
166 10.0136 -0.2304 pedestrian 0.925729900598526
166 12.9963 0.3791 pedestrian 0.8988161087036133
167 10.0136 -0.2304 pedestrian 0.9237781763076782
167 12.9963 0.3791 pedestrian 0.8972022533416748
168 9.8005 -0.2304 pedestrian 0.8986585140228271
168 12.9963 0.3791 pedestrian 0.8764241635799408
169 9.8005 -0.2142 pedestrian 0.9108054041862488
169 12.9963 0.3791 pedestrian 0.890600860118866
170 9.8005 -0.2142 pedestrian 0.91667839884758
170 12.9963 0.3791 pedestrian 0.8994579911231995
171 9.8005 -0.2142 pedestrian 0.9176616370677948
171 12.9963 0.3791 pedestrian 0.904139906167984
172 9.8005 -0.2142 pedestrian 0.9161711633205414
172 12.9963 0.3791 pedestrian 0.9095176160335541
173 12.9963 0.3791 pedestrian 0.9136689007282257
173 9.8005 -0.2142 pedestrian 0.9122057557106018
174 12.9963 0.3791 pedestrian 0.9121111035346985
174 9.8005 -0.1981 pedestrian 0.9081296622753143
175 9.8005 -0.1981 pedestrian 0.90694659948349
175 12.9963 0.3791 pedestrian 0.9044901132583618
176 9.8005 -0.1821 pedestrian 0.8922945261001587
176 12.9963 0.3622 pedestrian 0.8667612969875336
177 9.8005 -0.1821 pedestrian 0.9051764607429504
177 12.9963 0.3622 pedestrian 0.8799687027931213
178 9.8005 -0.1821 pedestrian 0.9119168221950531
178 12.9963 0.3622 pedestrian 0.8859205842018127
179 9.8005 -0.1821 pedestrian 0.9140786230564117
179 12.9963 0.3622 pedestrian 0.8865025639533997
180 9.8005 -0.1821 pedestrian 0.9158459603786469
180 12.9963 0.3622 pedestrian 0.8854968249797821
181 9.8005 -0.1661 pedestrian 0.9182155728340149
181 13.2094 0.3622 pedestrian 0.8843508362770081
182 9.8005 -0.1661 pedestrian 0.9214705526828766
182 13.2094 0.3622 pedestrian 0.8887459337711334
183 9.8005 -0.1661 pedestrian 0.9228263795375824
183 13.2094 0.3622 pedestrian 0.8876467645168304
184 9.8005 -0.1661 pedestrian 0.9133841097354889
184 13.2094 0.3454 pedestrian 0.838173508644104
185 9.8005 -0.1661 pedestrian 0.9225387275218964
185 13.2094 0.3454 pedestrian 0.8574755787849426
186 9.8005 -0.1502 pedestrian 0.9283719956874847
186 13.2094 0.3454 pedestrian 0.8655407726764679
187 9.8005 -0.1502 pedestrian 0.9330084025859833
187 13.2094 0.3454 pedestrian 0.8703095614910126
188 9.8005 -0.1502 pedestrian 0.9355277717113495
188 13.2094 0.3454 pedestrian 0.8742237389087677
189 9.8005 -0.1502 pedestrian 0.9377714991569519
189 13.2094 0.3454 pedestrian 0.879485011100769
190 9.8005 -0.1502 pedestrian 0.9381385147571564
190 13.2094 0.3454 pedestrian 0.8783685863018036
191 9.8005 -0.1502 pedestrian 0.93675097823143
191 13.2094 0.3454 pedestrian 0.8697787523269653
192 9.8005 -0.1343 pedestrian 0.9165126383304596
192 13.2094 0.3121 pedestrian 0.8646876513957977
193 9.8005 -0.1343 pedestrian 0.9281305372714996
193 13.2094 0.3121 pedestrian 0.8782654106616974
194 9.8005 -0.1343 pedestrian 0.935086190700531
194 13.2094 0.3121 pedestrian 0.8838225305080414
195 9.8005 -0.1343 pedestrian 0.9377924799919128
195 13.2094 0.3121 pedestrian 0.8866933584213257
196 9.8005 -0.1343 pedestrian 0.9388296604156494
196 13.2094 0.3121 pedestrian 0.888134092092514
197 9.8005 -0.1343 pedestrian 0.9396908581256866
197 13.2094 0.3121 pedestrian 0.8910369873046875
198 9.8005 -0.1343 pedestrian 0.9383228123188019
198 13.2094 0.3121 pedestrian 0.8927229344844818
199 9.8005 -0.1343 pedestrian 0.9328695833683014
199 13.2094 0.3121 pedestrian 0.8889002799987793
200 9.8005 -0.1184 pedestrian 0.9290488362312317
200 13.2094 0.3121 pedestrian 0.8588386178016663
201 9.8005 -0.1184 pedestrian 0.9365420341491699
201 13.2094 0.2956 pedestrian 0.8764120042324066
202 9.8005 -0.1184 pedestrian 0.9408266246318817
202 13.2094 0.2956 pedestrian 0.8874878883361816
203 9.8005 -0.1184 pedestrian 0.9414982199668884
203 13.2094 0.2956 pedestrian 0.8922758102416992
204 9.8005 -0.1184 pedestrian 0.940961629152298
204 13.2094 0.2956 pedestrian 0.8954404592514038
205 9.8005 -0.1184 pedestrian 0.9388121068477631
205 13.2094 0.2956 pedestrian 0.8987210690975189
206 9.8005 -0.1025 pedestrian 0.936679869890213
206 13.2094 0.2956 pedestrian 0.9003651142120361
207 9.8005 -0.1025 pedestrian 0.9340009093284607
207 13.2094 0.2956 pedestrian 0.8971841633319855
208 9.8005 -0.0867 pedestrian 0.9141779541969299
208 13.2094 0.2956 pedestrian 0.8847467005252838
209 9.8005 -0.0867 pedestrian 0.9268170297145844
209 13.2094 0.2792 pedestrian 0.8935654163360596
210 9.8005 -0.0867 pedestrian 0.9337047934532166
210 13.2094 0.2792 pedestrian 0.8983176350593567
211 9.8005 -0.0867 pedestrian 0.935708612203598
211 13.2094 0.2792 pedestrian 0.9012909233570099
212 9.8005 -0.0709 pedestrian 0.9370583891868591
212 13.2094 0.2792 pedestrian 0.9026988446712494
213 9.8005 -0.0709 pedestrian 0.9389325976371765
213 13.2094 0.2792 pedestrian 0.9057515263557434
214 9.8005 -0.0709 pedestrian 0.9387060701847076
214 13.2094 0.2792 pedestrian 0.9077031910419464
215 9.8005 -0.0709 pedestrian 0.935472846031189
215 13.2094 0.2792 pedestrian 0.9056648910045624
216 9.8005 -0.0551 pedestrian 0.9179446995258331
216 13.2094 0.2629 pedestrian 0.8993185460567474
217 9.8005 -0.0551 pedestrian 0.9275510013103485
217 13.2094 0.2629 pedestrian 0.9091817140579224
218 9.8005 -0.0394 pedestrian 0.9323011338710785
218 13.2094 0.2629 pedestrian 0.916332870721817
219 9.8005 -0.0394 pedestrian 0.9353890717029572
219 13.2094 0.2629 pedestrian 0.9198654294013977
220 9.8005 -0.0394 pedestrian 0.936004102230072
220 13.2094 0.2629 pedestrian 0.9209276139736176
221 9.8005 -0.0394 pedestrian 0.9356062710285187
221 13.2094 0.2629 pedestrian 0.9205736517906189
222 9.8005 -0.0394 pedestrian 0.9346248805522919
222 13.2094 0.2629 pedestrian 0.9188579022884369
223 9.8005 -0.0394 pedestrian 0.9310959577560425
223 13.2094 0.2629 pedestrian 0.9145848453044891
224 9.8005 -0.0236 pedestrian 0.9039395451545715
224 13.2094 0.2466 pedestrian 0.8956129848957062
225 9.8005 -0.0079 pedestrian 0.9151922166347504
225 12.9963 0.2466 pedestrian 0.9032980799674988
226 9.8005 -0.0079 pedestrian 0.9225476682186127
226 12.9963 0.2466 pedestrian 0.9108318984508514
227 9.8005 -0.0079 pedestrian 0.9261135756969452
227 12.9963 0.2466 pedestrian 0.9153503477573395
228 9.8005 -0.0079 pedestrian 0.9267311990261078
228 12.9963 0.2466 pedestrian 0.9183594882488251
229 9.8005 -0.0079 pedestrian 0.9260640144348145
229 12.9963 0.2466 pedestrian 0.9211469888687134
230 9.8005 -0.0079 pedestrian 0.9242689311504364
230 12.9963 0.2466 pedestrian 0.9199759066104889
231 9.8005 0.0079 pedestrian 0.921263575553894
231 12.9963 0.2304 pedestrian 0.9195444285869598
232 12.9963 0.2142 pedestrian 0.9163572490215302
232 9.8005 0.0236 pedestrian 0.9022656381130219
233 12.9963 0.2142 pedestrian 0.9285387992858887
233 9.8005 0.0236 pedestrian 0.9115945100784302
234 12.9963 0.2142 pedestrian 0.9352853894233704
234 9.8005 0.0236 pedestrian 0.9165586531162262
235 12.9963 0.2142 pedestrian 0.9390697181224823
235 9.8005 0.0236 pedestrian 0.9173546135425568
236 12.9963 0.2142 pedestrian 0.9388285279273987
236 9.8005 0.0236 pedestrian 0.9163554012775421
237 12.9963 0.2142 pedestrian 0.9366022646427155
237 9.8005 0.0394 pedestrian 0.9175451099872589
238 12.9963 0.2142 pedestrian 0.9320184886455536
238 9.8005 0.0394 pedestrian 0.9176916182041168
239 12.9963 0.2142 pedestrian 0.9235477149486542
239 9.8005 0.0394 pedestrian 0.918428897857666
240 9.8005 0.0551 pedestrian 0.9090303480625153
240 12.9963 0.1821 pedestrian 0.876679927110672
241 9.8005 0.0551 pedestrian 0.9152430295944214
241 12.9963 0.1821 pedestrian 0.8837975263595581
242 9.8005 0.0551 pedestrian 0.915860652923584
242 12.7833 0.1821 pedestrian 0.8871229290962219
243 9.8005 0.0709 pedestrian 0.9152956008911133
243 12.7833 0.1821 pedestrian 0.8947327136993408
244 9.8005 0.0709 pedestrian 0.914369523525238
244 12.7833 0.1821 pedestrian 0.8992179036140442
245 9.8005 0.0709 pedestrian 0.9127174615859985
245 12.7833 0.1821 pedestrian 0.9037632048130035
246 9.8005 0.0709 pedestrian 0.9103527069091797
246 12.7833 0.1821 pedestrian 0.9047168493270874
247 12.7833 0.1661 pedestrian 0.9048318266868591
247 9.8005 0.0709 pedestrian 0.9031227231025696
248 10.0136 0.1025 pedestrian 0.9192317426204681
248 12.7833 0.1661 pedestrian 0.9062230288982391
249 10.0136 0.1025 pedestrian 0.928316593170166
249 12.7833 0.1661 pedestrian 0.9168805778026581
250 10.0136 0.1025 pedestrian 0.933898538351059
250 12.7833 0.1661 pedestrian 0.9228560328483582
251 10.0136 0.1025 pedestrian 0.9372687935829163
251 12.7833 0.1661 pedestrian 0.9269373714923859
252 10.0136 0.1184 pedestrian 0.9408774077892303
252 12.7833 0.1661 pedestrian 0.9284765422344208
253 10.0136 0.1184 pedestrian 0.9443209767341614
253 12.7833 0.1661 pedestrian 0.9288220703601837
254 10.0136 0.1184 pedestrian 0.9450661242008209
254 12.7833 0.1661 pedestrian 0.9277155697345734
255 10.0136 0.1184 pedestrian 0.9422909021377563
255 12.7833 0.1661 pedestrian 0.9260953664779663
256 10.0136 0.1343 pedestrian 0.9321277141571045
256 12.7833 0.1502 pedestrian 0.9105366766452789
257 10.0136 0.1343 pedestrian 0.9391019940376282
257 12.7833 0.1502 pedestrian 0.9167780578136444
258 10.0136 0.1343 pedestrian 0.9428747892379761
258 12.7833 0.1502 pedestrian 0.9216095507144928
259 10.0136 0.1343 pedestrian 0.9445766508579254
259 12.7833 0.1502 pedestrian 0.9243142008781433
260 10.0136 0.1343 pedestrian 0.9455673396587372
260 12.7833 0.1502 pedestrian 0.9242003262042999
261 10.0136 0.1343 pedestrian 0.9469391405582428
261 12.7833 0.1502 pedestrian 0.9236712157726288
262 10.0136 0.1343 pedestrian 0.9462931156158447
262 12.7833 0.1343 pedestrian 0.9235118627548218
263 10.0136 0.1502 pedestrian 0.9428237974643707
263 12.7833 0.1343 pedestrian 0.9182159304618835
264 10.0136 0.1502 pedestrian 0.9291090667247772
264 12.7833 0.1343 pedestrian 0.8941888213157654
265 10.0136 0.1502 pedestrian 0.9351705014705658
265 12.5702 0.1343 pedestrian 0.9063936173915863
266 10.0136 0.1502 pedestrian 0.9376979768276215
266 12.5702 0.1343 pedestrian 0.9172563254833221
267 10.0136 0.1502 pedestrian 0.9387832581996918
267 12.5702 0.1343 pedestrian 0.9235565960407257
268 10.0136 0.1502 pedestrian 0.9385211169719696
268 12.5702 0.1343 pedestrian 0.9288072884082794
269 10.0136 0.1502 pedestrian 0.9381657242774963
269 12.5702 0.1343 pedestrian 0.9320613145828247
270 10.0136 0.1502 pedestrian 0.93601393699646
270 12.5702 0.1343 pedestrian 0.9323664605617523
271 12.5702 0.1343 pedestrian 0.9299630522727966
271 10.0136 0.1502 pedestrian 0.9289963245391846
272 10.0136 0.1661 pedestrian 0.9207476675510406
272 12.5702 0.1184 pedestrian 0.9060826599597931
273 10.0136 0.1821 pedestrian 0.9297425746917725
273 12.5702 0.1184 pedestrian 0.9187393486499786
274 10.0136 0.1821 pedestrian 0.9359850287437439
274 12.5702 0.1184 pedestrian 0.924983412027359
275 10.0136 0.1821 pedestrian 0.9399298429489136
275 12.5702 0.1184 pedestrian 0.9294595718383789
276 10.0136 0.1821 pedestrian 0.941800057888031
276 12.5702 0.1184 pedestrian 0.9326978921890259
277 10.0136 0.1821 pedestrian 0.9430941343307495
277 12.5702 0.1184 pedestrian 0.9335917234420776
278 10.0136 0.1821 pedestrian 0.942296952009201
278 12.5702 0.1184 pedestrian 0.9317408204078674
279 10.0136 0.1821 pedestrian 0.938298225402832
279 12.5702 0.1184 pedestrian 0.926050990819931
280 10.0136 0.1981 pedestrian 0.9179672598838806
280 12.5702 0.1025 pedestrian 0.8962127566337585
281 10.0136 0.1981 pedestrian 0.9262377023696899
281 12.5702 0.1025 pedestrian 0.9101646244525909
282 10.0136 0.1981 pedestrian 0.9306054413318634
282 12.5702 0.1025 pedestrian 0.9175938963890076
283 10.0136 0.1981 pedestrian 0.9336054921150208
283 12.5702 0.1025 pedestrian 0.9223764538764954
284 10.0136 0.1981 pedestrian 0.9349640309810638
284 12.5702 0.1025 pedestrian 0.9264487326145172
285 10.0136 0.2142 pedestrian 0.9363710284233093
285 12.5702 0.1025 pedestrian 0.9277752637863159
286 10.0136 0.2142 pedestrian 0.9358801245689392
286 12.5702 0.0867 pedestrian 0.9281012117862701
287 10.0136 0.2142 pedestrian 0.9327278435230255
287 12.5702 0.0867 pedestrian 0.9270668923854828
288 12.5702 0.0709 pedestrian 0.9166768789291382
288 10.0136 0.2142 pedestrian 0.9017654359340668
289 12.5702 0.0709 pedestrian 0.9238901138305664
289 10.0136 0.2142 pedestrian 0.9066916406154633
290 12.5702 0.0709 pedestrian 0.9289007484912872
290 10.0136 0.2142 pedestrian 0.9072591066360474
291 12.5702 0.0709 pedestrian 0.9317767322063446
291 10.2266 0.2304 pedestrian 0.9137122333049774
292 12.5702 0.0709 pedestrian 0.9336621463298798
292 10.2266 0.2304 pedestrian 0.9187833666801453
293 12.5702 0.0709 pedestrian 0.9330053329467773
293 10.2266 0.2304 pedestrian 0.921523928642273
294 12.5702 0.0709 pedestrian 0.9314891397953033
294 10.2266 0.2304 pedestrian 0.9222440421581268
295 12.5702 0.0709 pedestrian 0.9280163049697876
295 10.2266 0.2304 pedestrian 0.9180870056152344
296 12.5702 0.0709 pedestrian 0.894194483757019
296 10.2266 0.2466 pedestrian 0.8625195324420929
297 12.5702 0.0551 pedestrian 0.9004590213298798
297 10.2266 0.2466 pedestrian 0.8776266276836395
298 12.5702 0.0551 pedestrian 0.9063403010368347
298 10.2266 0.2466 pedestrian 0.8847551047801971
299 12.5702 0.0551 pedestrian 0.9100852310657501
299 10.2266 0.2466 pedestrian 0.8878594636917114
300 12.5702 0.0551 pedestrian 0.9128267168998718
300 10.2266 0.2466 pedestrian 0.8904163837432861
301 12.5702 0.0551 pedestrian 0.9149767458438873
301 10.2266 0.2629 pedestrian 0.8929436206817627
302 12.5702 0.0551 pedestrian 0.9139547049999237
302 10.2266 0.2629 pedestrian 0.8920621275901794
303 12.5702 0.0551 pedestrian 0.9093149602413177
303 10.2266 0.2629 pedestrian 0.8849895596504211
304 12.5702 0.0394 pedestrian 0.9000641703605652
304 10.4397 0.2792 pedestrian 0.8569402694702148
305 12.5702 0.0394 pedestrian 0.9084852337837219
305 10.4397 0.2792 pedestrian 0.8687660992145538
306 12.5702 0.0236 pedestrian 0.917042076587677
306 10.4397 0.2792 pedestrian 0.878644734621048
307 12.5702 0.0236 pedestrian 0.9226615726947784
307 10.4397 0.2792 pedestrian 0.8863693177700043
308 12.5702 0.0236 pedestrian 0.9257563650608063
308 10.4397 0.2792 pedestrian 0.8933504819869995
309 12.5702 0.0236 pedestrian 0.9277938306331635
309 10.4397 0.2792 pedestrian 0.9029482305049896
310 12.5702 0.0236 pedestrian 0.9270872175693512
310 10.4397 0.2792 pedestrian 0.9073174595832825
311 12.5702 0.0236 pedestrian 0.922051876783371
311 10.4397 0.2792 pedestrian 0.9048001170158386
312 12.5702 0.0236 pedestrian 0.9037384390830994
312 10.4397 0.2956 pedestrian 0.8895271420478821
313 12.5702 0.0236 pedestrian 0.9098800122737885
313 10.4397 0.3121 pedestrian 0.9034202992916107
314 10.4397 0.3121 pedestrian 0.9148105978965759
314 12.5702 0.0236 pedestrian 0.9119938015937805
315 10.4397 0.3121 pedestrian 0.9227611422538757
315 12.5702 0.0079 pedestrian 0.9128614962100983
316 10.4397 0.3121 pedestrian 0.9280899167060852
316 12.5702 0.0079 pedestrian 0.9138279259204865
317 10.4397 0.3121 pedestrian 0.9331033527851105
317 12.5702 0.0079 pedestrian 0.9134478271007538
318 10.4397 0.3121 pedestrian 0.933997392654419
318 12.5702 0.0079 pedestrian 0.9118939936161041
319 10.4397 0.3121 pedestrian 0.9299384355545044
319 12.5702 0.0079 pedestrian 0.9067651927471161
320 10.4397 0.3287 pedestrian 0.8986236453056335
320 12.5702 -0.0079 pedestrian 0.8560236692428589
321 10.4397 0.3287 pedestrian 0.9092346131801605
321 12.5702 -0.0079 pedestrian 0.8704662621021271
322 10.4397 0.3287 pedestrian 0.914363294839859
322 12.3572 -0.0079 pedestrian 0.8790805041790009
323 10.4397 0.3454 pedestrian 0.9159801602363586
323 12.5702 -0.0079 pedestrian 0.88524529337883
324 10.4397 0.3454 pedestrian 0.918071448802948
324 12.5702 -0.0079 pedestrian 0.8908033967018127
325 10.4397 0.3454 pedestrian 0.9206723868846893
325 12.3572 -0.0236 pedestrian 0.893190860748291
326 10.4397 0.3454 pedestrian 0.9185493886470795
326 12.3572 -0.0236 pedestrian 0.8952509164810181
327 10.4397 0.3454 pedestrian 0.911223292350769
327 12.3572 -0.0236 pedestrian 0.8942232728004456
328 10.6527 0.3622 pedestrian 0.8832392990589142
328 12.5702 -0.0236 pedestrian 0.8789579570293427
329 10.6527 0.3622 pedestrian 0.8962502181529999
329 12.3572 -0.0236 pedestrian 0.8878883123397827
330 10.6527 0.3622 pedestrian 0.9033829569816589
330 12.5702 -0.0394 pedestrian 0.8948364555835724
331 10.6527 0.3622 pedestrian 0.9050790071487427
331 12.5702 -0.0394 pedestrian 0.9003523588180542
332 10.6527 0.3622 pedestrian 0.905227392911911
332 12.5702 -0.0394 pedestrian 0.904339611530304
333 12.5702 -0.0394 pedestrian 0.9083157181739807
333 10.6527 0.3791 pedestrian 0.9040968418121338
334 12.5702 -0.0394 pedestrian 0.9102600812911987
334 10.6527 0.3791 pedestrian 0.9047086834907532
335 12.5702 -0.0394 pedestrian 0.9079392552375793
335 10.6527 0.3791 pedestrian 0.9012649059295654
336 12.5702 -0.0394 pedestrian 0.8672688007354736
336 10.6527 0.3961 pedestrian 0.8129944503307343
337 12.5702 -0.0394 pedestrian 0.8809863030910492
337 10.6527 0.3961 pedestrian 0.829744279384613
338 12.5702 -0.0394 pedestrian 0.8894865810871124
338 10.6527 0.3961 pedestrian 0.8387167155742645
339 12.5702 -0.0394 pedestrian 0.8912646174430847
339 10.6527 0.3961 pedestrian 0.8377032577991486
340 12.5702 -0.0394 pedestrian 0.892522782087326
340 10.6527 0.3961 pedestrian 0.8384437263011932
341 12.5702 -0.0394 pedestrian 0.8916900157928467
341 10.6527 0.3961 pedestrian 0.8366101384162903
342 12.5702 -0.0551 pedestrian 0.8944497108459473
342 10.8658 0.3961 pedestrian 0.8316052258014679
343 12.5702 -0.0551 pedestrian 0.8966740965843201
343 10.8658 0.3961 pedestrian 0.8172293305397034
344 12.5702 -0.0709 pedestrian 0.8619572222232819
344 10.8658 0.4305 pedestrian 0.7752688229084015
345 12.5702 -0.0709 pedestrian 0.8761217892169952
345 10.8658 0.4305 pedestrian 0.7906146943569183
346 12.5702 -0.0867 pedestrian 0.8868665993213654
346 10.8658 0.4305 pedestrian 0.8105002641677856
347 12.5702 -0.0867 pedestrian 0.8938201069831848
347 10.8658 0.4305 pedestrian 0.8226574659347534
348 12.5702 -0.0867 pedestrian 0.8955262303352356
348 10.8658 0.4305 pedestrian 0.8307724595069885
349 12.5702 -0.0867 pedestrian 0.8956440687179565
349 10.8658 0.4305 pedestrian 0.8413093090057373
350 12.5702 -0.0867 pedestrian 0.8930038809776306
350 10.8658 0.4305 pedestrian 0.8358154892921448
351 12.5702 -0.0867 pedestrian 0.8822955787181854
351 10.8658 0.4305 pedestrian 0.8143058121204376
352 12.5702 -0.0867 pedestrian 0.8685566186904907
352 10.8658 0.4479 pedestrian 0.8399625420570374
353 12.5702 -0.1025 pedestrian 0.8753543794155121
353 10.8658 0.4479 pedestrian 0.853015661239624
354 12.5702 -0.1025 pedestrian 0.8816411793231964
354 10.8658 0.4479 pedestrian 0.8607843220233917
355 12.5702 -0.1025 pedestrian 0.8852716982364655
355 10.8658 0.4479 pedestrian 0.8652709722518921
356 12.5702 -0.1025 pedestrian 0.8902681767940521
356 11.0789 0.4479 pedestrian 0.8718385994434357
357 12.5702 -0.1025 pedestrian 0.893839567899704
357 11.0789 0.4479 pedestrian 0.8834925889968872
358 12.5702 -0.1025 pedestrian 0.8924659788608551
358 11.0789 0.4479 pedestrian 0.8876257538795471
359 12.5702 -0.1025 pedestrian 0.8866491317749023
359 11.0789 0.4479 pedestrian 0.8835646510124207
360 12.5702 -0.1184 pedestrian 0.8977211117744446
360 11.0789 0.4654 pedestrian 0.8535746335983276
361 12.5702 -0.1184 pedestrian 0.9095427691936493
361 11.0789 0.4654 pedestrian 0.8685518801212311
362 12.5702 -0.1184 pedestrian 0.9163670241832733
362 11.0789 0.4654 pedestrian 0.8800197839736938
363 12.5702 -0.1184 pedestrian 0.9216576218605042
363 11.2919 0.4654 pedestrian 0.8911447823047638
364 12.5702 -0.1184 pedestrian 0.9259999394416809
364 11.2919 0.4654 pedestrian 0.9006496667861938
365 12.5702 -0.1184 pedestrian 0.929090678691864
365 11.2919 0.4654 pedestrian 0.9091688692569733
366 12.5702 -0.1184 pedestrian 0.9290327429771423
366 11.2919 0.4654 pedestrian 0.9110369682312012
367 12.5702 -0.1184 pedestrian 0.9271428883075714
367 11.2919 0.4831 pedestrian 0.9004198610782623
368 12.5702 -0.1343 pedestrian 0.9112946093082428
368 11.2919 0.4831 pedestrian 0.8940272033214569
369 12.5702 -0.1343 pedestrian 0.9225324988365173
369 11.2919 0.4831 pedestrian 0.9036906957626343
370 12.5702 -0.1343 pedestrian 0.9284397065639496
370 11.2919 0.4831 pedestrian 0.9088371098041534
371 12.5702 -0.1343 pedestrian 0.9326249659061432
371 11.2919 0.4831 pedestrian 0.9021880328655243
372 12.5702 -0.1343 pedestrian 0.9352501034736633
372 11.2919 0.4831 pedestrian 0.8940077722072601
373 12.5702 -0.1343 pedestrian 0.9360526204109192
373 11.5050 0.4831 pedestrian 0.8845459222793579
374 12.5702 -0.1343 pedestrian 0.9326673448085785
374 11.5050 0.4831 pedestrian 0.8744566440582275
375 12.5702 -0.1343 pedestrian 0.9259361922740936
375 11.5050 0.4831 pedestrian 0.842712014913559
376 12.5702 -0.1502 pedestrian 0.8999626338481903
376 11.5050 0.5010 pedestrian 0.7725802659988403
377 12.5702 -0.1502 pedestrian 0.905831515789032
377 11.5050 0.5010 pedestrian 0.8039503991603851
378 12.7833 -0.1502 pedestrian 0.9134087264537811
378 11.5050 0.5191 pedestrian 0.8227124214172363
379 12.7833 -0.1502 pedestrian 0.9199017286300659
379 11.7180 0.5191 pedestrian 0.8421837985515594
380 12.7833 -0.1502 pedestrian 0.9237669408321381
380 11.7180 0.5191 pedestrian 0.8637016713619232
381 12.7833 -0.1502 pedestrian 0.9249407947063446
381 11.7180 0.5191 pedestrian 0.8798524737358093
382 12.7833 -0.1502 pedestrian 0.9249222278594971
382 11.7180 0.5191 pedestrian 0.8740234375
383 12.7833 -0.1502 pedestrian 0.9216981828212738
383 11.7180 0.5191 pedestrian 0.8485308587551117
384 12.7833 -0.1661 pedestrian 0.9030385315418243
384 11.7180 0.5191 pedestrian 0.8905294239521027
385 12.7833 -0.1661 pedestrian 0.9117587208747864
385 11.7180 0.5191 pedestrian 0.9012077450752258
386 12.7833 -0.1661 pedestrian 0.9178059101104736
386 11.7180 0.5191 pedestrian 0.9055172502994537
387 12.7833 -0.1661 pedestrian 0.9207322895526886
387 11.7180 0.5191 pedestrian 0.9075137078762054
388 12.9963 -0.1661 pedestrian 0.9219281375408173
388 11.7180 0.5191 pedestrian 0.9090074896812439
389 12.9963 -0.1661 pedestrian 0.9290156960487366
389 11.7180 0.5191 pedestrian 0.9068494737148285
390 12.9963 -0.1661 pedestrian 0.9341414272785187
390 11.9311 0.5191 pedestrian 0.9011325538158417
391 12.9963 -0.1661 pedestrian 0.9365923702716827
391 11.9311 0.5191 pedestrian 0.8925745189189911
392 12.9963 -0.1661 pedestrian 0.912287175655365
392 11.9311 0.5191 pedestrian 0.7049526572227478
393 12.9963 -0.1661 pedestrian 0.9258933365345001
393 11.9311 0.5191 pedestrian 0.7398827075958252
394 12.9963 -0.1661 pedestrian 0.9354123175144196
394 11.9311 0.5191 pedestrian 0.7621364593505859
395 12.9963 -0.1661 pedestrian 0.9413888454437256
395 11.9311 0.5191 pedestrian 0.7722571194171906
396 12.9963 -0.1661 pedestrian 0.9453518092632294
396 12.1441 0.5191 pedestrian 0.7972404360771179
397 12.9963 -0.1661 pedestrian 0.9482861757278442
397 12.1441 0.5191 pedestrian 0.8253089189529419
398 12.9963 -0.1661 pedestrian 0.9492413997650146
398 12.1441 0.5191 pedestrian 0.8278663456439972
399 12.9963 -0.1661 pedestrian 0.9478616118431091
399 12.1441 0.5010 pedestrian 0.8105467557907104
400 12.9963 -0.1502 pedestrian 0.9122589230537415
400 12.1441 0.5010 pedestrian 0.819140613079071
401 12.9963 -0.1502 pedestrian 0.9194359481334686
401 12.1441 0.5010 pedestrian 0.8394710421562195
402 12.9963 -0.1502 pedestrian 0.9234427213668823
402 12.1441 0.5010 pedestrian 0.8550471365451813
403 12.9963 -0.1502 pedestrian 0.925952285528183
403 12.1441 0.5010 pedestrian 0.8607398569583893
404 12.9963 -0.1502 pedestrian 0.9265316724777222
404 12.1441 0.5010 pedestrian 0.8650725185871124
405 12.9963 -0.1502 pedestrian 0.9259915053844452
405 12.1441 0.5010 pedestrian 0.872844398021698
406 13.2094 -0.1502 pedestrian 0.9233171939849854
406 12.1441 0.5010 pedestrian 0.8720520436763763
407 13.2094 -0.1502 pedestrian 0.9215905070304871
407 12.1441 0.5010 pedestrian 0.8563523590564728
408 13.2094 -0.1502 pedestrian 0.89120814204216
408 12.1441 0.5010 pedestrian 0.8439350426197052
409 13.2094 -0.1502 pedestrian 0.9035467803478241
409 12.1441 0.5010 pedestrian 0.8549860715866089
410 13.2094 -0.1502 pedestrian 0.910245954990387
410 12.1441 0.5010 pedestrian 0.8622189164161682
411 13.2094 -0.1502 pedestrian 0.9123657643795013
411 12.3572 0.5010 pedestrian 0.8678166568279266
412 13.2094 -0.1502 pedestrian 0.9157244861125946
412 12.3572 0.5010 pedestrian 0.8738197386264801
413 13.2094 -0.1343 pedestrian 0.9217496812343597
413 12.3572 0.5010 pedestrian 0.8781924843788147
414 13.2094 -0.1343 pedestrian 0.9250853359699249
414 12.3572 0.5010 pedestrian 0.8795013427734375
415 13.2094 -0.1343 pedestrian 0.9215688109397888
415 12.3572 0.5010 pedestrian 0.8743354976177216
416 13.2094 -0.1343 pedestrian 0.9053512215614319
416 12.3572 0.4831 pedestrian 0.8559650480747223
417 13.2094 -0.1343 pedestrian 0.9168149530887604
417 12.3572 0.4831 pedestrian 0.863567978143692
418 13.2094 -0.1343 pedestrian 0.9227293729782104
418 12.3572 0.4831 pedestrian 0.8688459396362305
419 13.2094 -0.1343 pedestrian 0.9251433610916138
419 12.3572 0.4831 pedestrian 0.8710431456565857
420 13.2094 -0.1343 pedestrian 0.9264751970767975
420 12.3572 0.4831 pedestrian 0.873153805732727
421 13.2094 -0.1343 pedestrian 0.9280027449131012
421 12.3572 0.4831 pedestrian 0.8732163310050964
422 13.2094 -0.1343 pedestrian 0.9285517632961273
422 12.3572 0.4654 pedestrian 0.8720994293689728
423 13.2094 -0.1343 pedestrian 0.9247390031814575
423 12.3572 0.4654 pedestrian 0.8654944896697998
424 13.2094 -0.1184 pedestrian 0.8972656428813934
424 12.3572 0.4654 pedestrian 0.7791979312896729
425 13.2094 -0.1184 pedestrian 0.9101993441581726
425 12.3572 0.4654 pedestrian 0.7964019477367401
426 13.2094 -0.1184 pedestrian 0.9156943261623383
426 12.3572 0.4479 pedestrian 0.8057743608951569
427 13.2094 -0.1184 pedestrian 0.9174273610115051
427 12.3572 0.4479 pedestrian 0.8161388635635376
428 13.2094 -0.1184 pedestrian 0.9183541536331177
428 12.3572 0.4479 pedestrian 0.827976793050766
429 13.2094 -0.1184 pedestrian 0.9180497229099274
429 12.3572 0.4479 pedestrian 0.8433905243873596
430 13.4225 -0.1184 pedestrian 0.9205919802188873
430 12.3572 0.4479 pedestrian 0.848652184009552
431 13.4225 -0.1184 pedestrian 0.9215607047080994
431 12.3572 0.4479 pedestrian 0.8437086045742035
432 13.4225 -0.1184 pedestrian 0.8846451342105865
432 12.3572 0.4305 pedestrian 0.8399286866188049
433 13.4225 -0.1184 pedestrian 0.8931016623973846
433 12.3572 0.4305 pedestrian 0.845985472202301
434 13.4225 -0.1184 pedestrian 0.8981509506702423
434 12.1441 0.4305 pedestrian 0.8511543571949005
435 13.4225 -0.1025 pedestrian 0.899688184261322
435 12.1441 0.4305 pedestrian 0.8549529314041138
436 13.4225 -0.1025 pedestrian 0.9016970098018646
436 12.1441 0.4305 pedestrian 0.8578134775161743
437 13.4225 -0.1025 pedestrian 0.9044831097126007
437 12.1441 0.4305 pedestrian 0.859294056892395
438 13.4225 -0.1025 pedestrian 0.9061321318149567
438 12.1441 0.4132 pedestrian 0.8605167269706726
439 13.4225 -0.1025 pedestrian 0.9054805040359497
439 12.1441 0.4132 pedestrian 0.8577392101287842
440 13.4225 -0.1025 pedestrian 0.8878993988037109
440 12.1441 0.3961 pedestrian 0.6914080679416656
441 13.4225 -0.1025 pedestrian 0.8984896242618561
441 12.1441 0.3961 pedestrian 0.7191908955574036
442 13.4225 -0.1025 pedestrian 0.9043005108833313
442 12.1441 0.3961 pedestrian 0.7392472922801971
443 13.4225 -0.1025 pedestrian 0.9070053398609161
443 12.1441 0.3791 pedestrian 0.7564227879047394
444 13.4225 -0.1025 pedestrian 0.9086728096008301
444 12.1441 0.3791 pedestrian 0.7811528146266937
445 13.4225 -0.1025 pedestrian 0.9093706011772156
445 12.1441 0.3791 pedestrian 0.8136827647686005
446 13.4225 -0.1025 pedestrian 0.9087345600128174
446 12.1441 0.3791 pedestrian 0.8261394798755646
447 13.4225 -0.1025 pedestrian 0.9062574803829193
447 12.1441 0.3791 pedestrian 0.8258380591869354
448 13.4225 -0.0867 pedestrian 0.8767012357711792
448 12.1441 0.3791 pedestrian 0.8345348238945007
449 13.4225 -0.0709 pedestrian 0.8843989074230194
449 12.1441 0.3791 pedestrian 0.8555170297622681
450 13.4225 -0.0709 pedestrian 0.8880767822265625
450 12.1441 0.3791 pedestrian 0.866790235042572
451 13.4225 -0.0709 pedestrian 0.8906503915786743
451 12.1441 0.3791 pedestrian 0.8731499314308167
452 13.4225 -0.0709 pedestrian 0.8934821784496307
452 12.1441 0.3791 pedestrian 0.8776603639125824
453 13.4225 -0.0709 pedestrian 0.8981160819530487
453 12.1441 0.3622 pedestrian 0.8820111751556396
454 13.4225 -0.0709 pedestrian 0.900894433259964
454 12.1441 0.3622 pedestrian 0.885556161403656
455 13.4225 -0.0709 pedestrian 0.9010269343852997
455 12.1441 0.3622 pedestrian 0.887875497341156
456 13.4225 -0.0551 pedestrian 0.8904063105583191
456 12.1441 0.3454 pedestrian 0.8106787800788879
457 13.4225 -0.0551 pedestrian 0.8999438583850861
457 12.1441 0.3454 pedestrian 0.8284440338611603
458 13.4225 -0.0551 pedestrian 0.9029920995235443
458 11.9311 0.3287 pedestrian 0.8424018621444702
459 13.4225 -0.0551 pedestrian 0.9021107256412506
459 11.9311 0.3287 pedestrian 0.8571003675460815
460 13.4225 -0.0551 pedestrian 0.9024779200553894
460 11.9311 0.3287 pedestrian 0.8696633875370026
461 13.4225 -0.0551 pedestrian 0.9024386405944824
461 11.9311 0.3287 pedestrian 0.8763565421104431
462 13.4225 -0.0551 pedestrian 0.9024824798107147
462 11.9311 0.3287 pedestrian 0.8809143006801605
463 13.4225 -0.0551 pedestrian 0.8994187414646149
463 11.9311 0.3287 pedestrian 0.8833377361297607
464 13.4225 -0.0394 pedestrian 0.8817517757415771
464 11.9311 0.3121 pedestrian 0.8647706508636475
465 13.4225 -0.0394 pedestrian 0.8898862898349762
465 11.9311 0.3121 pedestrian 0.8729849457740784
466 13.4225 -0.0394 pedestrian 0.8950664103031158
466 11.9311 0.3121 pedestrian 0.8796979784965515
467 13.4225 -0.0394 pedestrian 0.8976492285728455
467 11.9311 0.3121 pedestrian 0.8844949305057526
468 13.4225 -0.0394 pedestrian 0.8984581530094147
468 11.9311 0.3121 pedestrian 0.8862253427505493
469 13.4225 -0.0394 pedestrian 0.8957355916500092
469 11.9311 0.3121 pedestrian 0.8866421580314636
470 13.4225 -0.0394 pedestrian 0.8927719295024872
470 11.9311 0.3121 pedestrian 0.8890746235847473
471 11.9311 0.3121 pedestrian 0.8880193829536438
471 13.4225 -0.0394 pedestrian 0.8876528143882751
472 11.9311 0.2956 pedestrian 0.8745160698890686
472 13.4225 -0.0236 pedestrian 0.857668399810791
473 11.9311 0.2956 pedestrian 0.8862395584583282
473 13.4225 -0.0236 pedestrian 0.864740252494812
474 11.9311 0.2956 pedestrian 0.8927797377109528
474 13.4225 -0.0236 pedestrian 0.8697210252285004
475 11.9311 0.2956 pedestrian 0.8956140577793121
475 13.4225 -0.0079 pedestrian 0.8739208579063416
476 11.9311 0.2792 pedestrian 0.9018914103507996
476 13.4225 -0.0079 pedestrian 0.8781631886959076
477 11.9311 0.2792 pedestrian 0.9075714945793152
477 13.4225 -0.0079 pedestrian 0.8827448785305023
478 11.9311 0.2792 pedestrian 0.9095108807086945
478 13.4225 -0.0079 pedestrian 0.8844553530216217
479 11.9311 0.2792 pedestrian 0.9056714177131653
479 13.4225 -0.0079 pedestrian 0.8822680413722992
480 13.4225 0.0079 pedestrian 0.9088119566440582
480 11.7180 0.2792 pedestrian 0.8753165006637573
481 13.4225 0.0079 pedestrian 0.9175621867179871
481 11.7180 0.2792 pedestrian 0.8871060311794281
482 13.4225 0.0079 pedestrian 0.9219005107879639
482 11.7180 0.2792 pedestrian 0.8930063545703888
483 13.4225 0.0079 pedestrian 0.9224738478660583
483 11.7180 0.2792 pedestrian 0.8959831595420837
484 13.4225 0.0079 pedestrian 0.9221592247486115
484 11.7180 0.2792 pedestrian 0.8979052901268005
485 13.4225 0.0236 pedestrian 0.9221570491790771
485 11.7180 0.2792 pedestrian 0.8993405401706696
486 13.4225 0.0236 pedestrian 0.9207213819026947
486 11.7180 0.2629 pedestrian 0.9001849591732025
487 13.4225 0.0236 pedestrian 0.9161377847194672
487 11.7180 0.2629 pedestrian 0.8983252048492432
488 13.4225 0.0394 pedestrian 0.9058980345726013
488 11.7180 0.2629 pedestrian 0.8665491938591003
489 13.4225 0.0394 pedestrian 0.9146289527416229
489 11.7180 0.2629 pedestrian 0.878294050693512
490 13.4225 0.0394 pedestrian 0.9204284846782684
490 11.7180 0.2466 pedestrian 0.8849899470806122
491 13.4225 0.0394 pedestrian 0.924487292766571
491 11.7180 0.2466 pedestrian 0.8890813291072845
492 13.4225 0.0394 pedestrian 0.9276572167873383
492 11.7180 0.2466 pedestrian 0.8924950063228607
493 13.4225 0.0394 pedestrian 0.9293327629566193
493 11.7180 0.2466 pedestrian 0.8932958543300629
494 13.4225 0.0394 pedestrian 0.9289920628070831
494 11.7180 0.2466 pedestrian 0.8895213901996613
495 13.4225 0.0394 pedestrian 0.9250599443912506
495 11.5050 0.2466 pedestrian 0.890148788690567
496 13.4225 0.0551 pedestrian 0.8813058733940125
496 11.5050 0.2304 pedestrian 0.8683600127696991
497 13.4225 0.0709 pedestrian 0.8981407880783081
497 11.5050 0.2304 pedestrian 0.8830791115760803
498 13.4225 0.0709 pedestrian 0.9087266623973846
498 11.5050 0.2304 pedestrian 0.8926005661487579
499 13.4225 0.0709 pedestrian 0.9151545464992523
499 11.5050 0.2304 pedestrian 0.8962778747081757
500 13.4225 0.0709 pedestrian 0.9213217794895172
500 11.5050 0.2304 pedestrian 0.8989181220531464
501 13.4225 0.0709 pedestrian 0.9228295981884003
501 11.5050 0.2304 pedestrian 0.8964532017707825
502 13.4225 0.0709 pedestrian 0.9194638729095459
502 11.5050 0.2142 pedestrian 0.890240490436554
503 13.4225 0.0709 pedestrian 0.9124805331230164
503 11.5050 0.2142 pedestrian 0.8760004043579102
504 13.4225 0.0709 pedestrian 0.8884943723678589
504 11.5050 0.2142 pedestrian 0.8671413362026215
505 13.4225 0.0709 pedestrian 0.8972350358963013
505 11.5050 0.2142 pedestrian 0.8796177506446838
506 13.4225 0.0867 pedestrian 0.9062109291553497
506 11.5050 0.2142 pedestrian 0.8853961527347565
507 13.4225 0.0867 pedestrian 0.9135303497314453
507 11.5050 0.2142 pedestrian 0.8871484100818634
508 13.4225 0.0867 pedestrian 0.9204690754413605
508 11.5050 0.2142 pedestrian 0.8877510726451874
509 13.4225 0.0867 pedestrian 0.9258007109165192
509 11.2919 0.1981 pedestrian 0.8879087865352631
510 13.4225 0.0867 pedestrian 0.9268507063388824
510 11.2919 0.1981 pedestrian 0.8915182948112488
511 13.4225 0.0867 pedestrian 0.924095630645752
511 11.2919 0.1981 pedestrian 0.8900146186351776
512 13.4225 0.1025 pedestrian 0.9201853275299072
512 11.2919 0.1821 pedestrian 0.8679803013801575
513 13.4225 0.1025 pedestrian 0.9286663234233856
513 11.2919 0.1821 pedestrian 0.8852583169937134
514 13.4225 0.1025 pedestrian 0.9331219494342804
514 11.2919 0.1821 pedestrian 0.8946808874607086
515 13.4225 0.1025 pedestrian 0.9354046583175659
515 11.2919 0.1821 pedestrian 0.9006650149822235
516 13.4225 0.1025 pedestrian 0.9369892776012421
516 11.2919 0.1821 pedestrian 0.9056977033615112
517 13.4225 0.1025 pedestrian 0.9383611381053925
517 11.2919 0.1821 pedestrian 0.9070431292057037
518 13.4225 0.1025 pedestrian 0.938518226146698
518 11.2919 0.1821 pedestrian 0.9055792391300201
519 13.4225 0.1025 pedestrian 0.9340059757232666
519 11.2919 0.1661 pedestrian 0.9028165340423584
520 13.4225 0.1025 pedestrian 0.9161950051784515
520 11.2919 0.1661 pedestrian 0.8766091465950012
521 13.4225 0.1025 pedestrian 0.9245000779628754
521 11.2919 0.1661 pedestrian 0.886257141828537
522 13.4225 0.1025 pedestrian 0.9284850060939789
522 11.2919 0.1661 pedestrian 0.8937923908233643
523 13.4225 0.1025 pedestrian 0.9303626418113708
523 11.2919 0.1661 pedestrian 0.8974520564079285
524 13.4225 0.1025 pedestrian 0.9312544465065002
524 11.2919 0.1661 pedestrian 0.8985390663146973
525 13.4225 0.1025 pedestrian 0.9304237961769104
525 11.2919 0.1661 pedestrian 0.8970783650875092
526 13.4225 0.1025 pedestrian 0.9271145761013031
526 11.2919 0.1502 pedestrian 0.8966769278049469
527 13.4225 0.1025 pedestrian 0.9197534918785095
527 11.2919 0.1502 pedestrian 0.8917389512062073
528 11.2919 0.1502 pedestrian 0.8813826739788055
528 13.4225 0.1184 pedestrian 0.866125226020813
529 11.2919 0.1343 pedestrian 0.8891298174858093
529 13.4225 0.1184 pedestrian 0.8809340000152588
530 11.0789 0.1343 pedestrian 0.8954513669013977
530 13.4225 0.1184 pedestrian 0.8879430592060089
531 11.0789 0.1343 pedestrian 0.8996281921863556
531 13.4225 0.1184 pedestrian 0.8892220854759216
532 11.0789 0.1343 pedestrian 0.9012816548347473
532 13.4225 0.1184 pedestrian 0.8912746012210846
533 11.0789 0.1343 pedestrian 0.898444414138794
533 13.4225 0.1343 pedestrian 0.8955618739128113
534 11.0789 0.1343 pedestrian 0.8954407274723053
534 13.4225 0.1343 pedestrian 0.8935317397117615
535 11.0789 0.1343 pedestrian 0.8883276581764221
535 13.4225 0.1343 pedestrian 0.8805680572986603
536 13.4225 0.1502 pedestrian 0.9151223003864288
536 11.0789 0.1184 pedestrian 0.8610949218273163
537 13.4225 0.1502 pedestrian 0.925147294998169
537 11.0789 0.1184 pedestrian 0.8704065084457397
538 13.4225 0.1502 pedestrian 0.9316396117210388
538 11.0789 0.1184 pedestrian 0.8764053583145142
539 13.4225 0.1502 pedestrian 0.9355833828449249
539 11.0789 0.1184 pedestrian 0.8807654678821564
540 13.4225 0.1502 pedestrian 0.9376130402088165
540 11.0789 0.1184 pedestrian 0.8797381222248077
541 13.4225 0.1502 pedestrian 0.9383445680141449
541 11.0789 0.1184 pedestrian 0.8792425394058228
542 13.4225 0.1502 pedestrian 0.9379727840423584
542 11.0789 0.1184 pedestrian 0.8762202858924866
543 13.4225 0.1502 pedestrian 0.9354176223278046
543 11.0789 0.1025 pedestrian 0.8699948489665985
544 11.0789 0.0867 pedestrian 0.8543472290039062
544 13.4225 0.1661 pedestrian 0.8349820077419281
545 11.0789 0.0867 pedestrian 0.870883971452713
545 13.4225 0.1661 pedestrian 0.845548689365387
546 11.0789 0.0867 pedestrian 0.8835326433181763
546 13.4225 0.1661 pedestrian 0.8565349280834198
547 11.0789 0.0867 pedestrian 0.8929160535335541
547 13.4225 0.1661 pedestrian 0.8628668189048767
548 11.0789 0.0709 pedestrian 0.8989799618721008
548 13.4225 0.1661 pedestrian 0.8754877150058746
549 11.0789 0.0709 pedestrian 0.9041502475738525
549 13.4225 0.1661 pedestrian 0.880024641752243
550 11.0789 0.0709 pedestrian 0.9066472053527832
550 13.4225 0.1821 pedestrian 0.8805035948753357
551 11.0789 0.0709 pedestrian 0.9045300781726837
551 13.4225 0.1821 pedestrian 0.877112478017807
552 11.0789 0.0551 pedestrian 0.8725163042545319
552 13.4225 0.1821 pedestrian 0.8403407633304596
553 11.0789 0.0551 pedestrian 0.8872186243534088
553 13.4225 0.1981 pedestrian 0.8524683117866516
554 11.0789 0.0551 pedestrian 0.8961714506149292
554 13.4225 0.1981 pedestrian 0.8546890914440155
555 11.0789 0.0551 pedestrian 0.9019577503204346
555 13.4225 0.1981 pedestrian 0.8520335257053375
556 11.0789 0.0551 pedestrian 0.9065066277980804
556 13.4225 0.1981 pedestrian 0.8447633385658264
557 11.0789 0.0551 pedestrian 0.9094581604003906
557 13.4225 0.1981 pedestrian 0.8324336409568787
558 11.0789 0.0551 pedestrian 0.9113388955593109
558 13.4225 0.1981 pedestrian 0.8205151557922363
559 11.0789 0.0551 pedestrian 0.9103000164031982
559 13.4225 0.1981 pedestrian 0.8009754717350006
560 13.4225 0.1981 pedestrian 0.9105763137340546
560 11.0789 0.0551 pedestrian 0.896247923374176
561 13.2094 0.1981 pedestrian 0.9135161936283112
561 11.0789 0.0551 pedestrian 0.9068762958049774
562 13.2094 0.1981 pedestrian 0.916319340467453
562 11.0789 0.0551 pedestrian 0.9153465926647186
563 11.0789 0.0551 pedestrian 0.9215065836906433
563 13.2094 0.1981 pedestrian 0.9156468510627747
564 11.0789 0.0551 pedestrian 0.9231334030628204
564 13.2094 0.1981 pedestrian 0.9133626818656921
565 11.0789 0.0551 pedestrian 0.9241495728492737
565 13.2094 0.1981 pedestrian 0.9112135767936707
566 11.0789 0.0394 pedestrian 0.9263303875923157
566 13.2094 0.1981 pedestrian 0.9099965691566467
567 11.0789 0.0394 pedestrian 0.9248011708259583
567 13.2094 0.1981 pedestrian 0.9069521427154541
568 11.0789 0.0236 pedestrian 0.8951294124126434
568 13.4225 0.2142 pedestrian 0.875523030757904
569 11.0789 0.0236 pedestrian 0.9089789688587189
569 13.2094 0.2142 pedestrian 0.8894041180610657
570 11.0789 0.0236 pedestrian 0.9204415082931519
570 13.2094 0.2142 pedestrian 0.8982275426387787
571 11.0789 0.0236 pedestrian 0.9278282523155212
571 13.2094 0.2142 pedestrian 0.9033202528953552
572 11.0789 0.0236 pedestrian 0.9301440715789795
572 13.2094 0.2142 pedestrian 0.9053616225719452
573 11.0789 0.0236 pedestrian 0.929777979850769
573 13.2094 0.2142 pedestrian 0.9038724601268768
574 11.0789 0.0236 pedestrian 0.9267759919166565
574 13.2094 0.2142 pedestrian 0.9013172388076782
575 11.0789 0.0236 pedestrian 0.9177166521549225
575 13.2094 0.2142 pedestrian 0.8948174715042114
576 13.2094 0.2304 pedestrian 0.8901508748531342
576 11.0789 0.0079 pedestrian 0.8873810768127441
577 11.0789 0.0079 pedestrian 0.8945785164833069
577 13.2094 0.2304 pedestrian 0.8940027058124542
578 11.0789 0.0079 pedestrian 0.8993581235408783
578 13.2094 0.2304 pedestrian 0.8943041265010834
579 11.0789 0.0079 pedestrian 0.9001085460186005
579 13.2094 0.2304 pedestrian 0.8925705254077911
580 11.0789 0.0079 pedestrian 0.8964127898216248
580 13.2094 0.2304 pedestrian 0.8911504745483398
581 10.8658 0.0079 pedestrian 0.8914863765239716
581 13.2094 0.2304 pedestrian 0.8913367688655853
582 10.8658 0.0079 pedestrian 0.8902587592601776
582 13.2094 0.2304 pedestrian 0.8897829353809357
583 10.8658 -0.0079 pedestrian 0.8873555958271027
583 13.2094 0.2304 pedestrian 0.8811976313591003
584 11.0789 -0.0236 pedestrian 0.8764098286628723
584 13.4225 0.2304 pedestrian 0.8547000885009766
585 11.0789 -0.0236 pedestrian 0.886090487241745
585 13.4225 0.2142 pedestrian 0.8636680543422699
586 11.0789 -0.0236 pedestrian 0.8914806544780731
586 13.4225 0.2142 pedestrian 0.8692392706871033
587 11.0789 -0.0394 pedestrian 0.894494891166687
587 13.4225 0.2142 pedestrian 0.8658143281936646
588 11.0789 -0.0394 pedestrian 0.8956731557846069
588 13.4225 0.2142 pedestrian 0.8610166311264038
589 11.0789 -0.0394 pedestrian 0.895695149898529
589 13.4225 0.2142 pedestrian 0.8570767045021057
590 11.0789 -0.0394 pedestrian 0.8951191306114197
590 13.2094 0.1981 pedestrian 0.849226176738739
591 11.0789 -0.0394 pedestrian 0.8901048302650452
591 13.2094 0.1981 pedestrian 0.8327209055423737
592 11.0789 -0.0551 pedestrian 0.8803415298461914
592 13.2094 0.1821 pedestrian 0.774507611989975
593 11.0789 -0.0709 pedestrian 0.8954827785491943
593 13.2094 0.1821 pedestrian 0.8065519630908966
594 11.0789 -0.0709 pedestrian 0.9075942933559418
594 13.2094 0.1821 pedestrian 0.8336337804794312
595 11.0789 -0.0709 pedestrian 0.9161072671413422
595 13.2094 0.1821 pedestrian 0.8542619049549103
596 11.0789 -0.0709 pedestrian 0.921520859003067
596 13.2094 0.1821 pedestrian 0.865936279296875
597 11.0789 -0.0709 pedestrian 0.9228663742542267
597 13.2094 0.1821 pedestrian 0.8661008477210999
598 11.0789 -0.0709 pedestrian 0.9212085902690887
598 13.2094 0.1821 pedestrian 0.8654167056083679
599 11.0789 -0.0709 pedestrian 0.9150711596012115
599 13.2094 0.1821 pedestrian 0.8587155640125275
600 11.0789 -0.0867 pedestrian 0.9115128517150879
600 13.2094 0.1661 pedestrian 0.8319480121135712
601 11.0789 -0.0867 pedestrian 0.9223650991916656
601 13.2094 0.1661 pedestrian 0.8469507098197937
602 11.0789 -0.0867 pedestrian 0.9293685257434845
602 13.2094 0.1661 pedestrian 0.8530166447162628
603 11.0789 -0.0867 pedestrian 0.9329067170619965
603 13.2094 0.1661 pedestrian 0.856497198343277
604 11.0789 -0.0867 pedestrian 0.9354229867458344
604 13.2094 0.1661 pedestrian 0.8658452332019806
605 11.0789 -0.0867 pedestrian 0.9352152347564697
605 13.2094 0.1661 pedestrian 0.8760954439640045
606 11.0789 -0.0867 pedestrian 0.934105634689331
606 13.2094 0.1661 pedestrian 0.879798024892807
607 11.0789 -0.0867 pedestrian 0.930298388004303
607 12.9963 0.1661 pedestrian 0.8773356080055237
608 11.0789 -0.0867 pedestrian 0.9044484496116638
608 12.9963 0.1502 pedestrian 0.7554892599582672
609 11.0789 -0.0867 pedestrian 0.9121651649475098
609 12.9963 0.1502 pedestrian 0.7605255842208862
610 11.0789 -0.1025 pedestrian 0.9172116816043854
610 12.9963 0.1502 pedestrian 0.767261803150177
611 11.0789 -0.1025 pedestrian 0.9199784100055695
611 12.9963 0.1502 pedestrian 0.7716212868690491
612 11.0789 -0.1025 pedestrian 0.9193358421325684
612 12.9963 0.1343 pedestrian 0.7811031937599182
613 11.0789 -0.1025 pedestrian 0.9166373014450073
613 12.9963 0.1343 pedestrian 0.7849725186824799
614 11.0789 -0.1025 pedestrian 0.9130460619926453
614 13.2094 0.1502 pedestrian 0.787878006696701
615 11.0789 -0.1025 pedestrian 0.9068853855133057
615 13.2094 0.1343 pedestrian 0.7807541191577911
616 10.8658 -0.1343 pedestrian 0.8684331476688385
616 13.2094 0.1661 cyclist 0.47922659665346146
617 10.8658 -0.1343 pedestrian 0.8897996544837952
617 13.2094 0.1661 cyclist 0.48030006885528564
618 10.8658 -0.1343 pedestrian 0.9031413495540619
618 13.2094 0.1661 cyclist 0.47329043596982956
619 10.8658 -0.1343 pedestrian 0.9120309054851532
619 13.2094 0.1661 cyclist 0.4662294425070286
620 10.8658 -0.1343 pedestrian 0.917048990726471
620 13.2094 0.1661 cyclist 0.45697664469480515
621 10.8658 -0.1343 pedestrian 0.917276918888092
621 13.2094 0.1661 cyclist 0.4448408782482147
622 10.8658 -0.1343 pedestrian 0.9143592119216919
622 13.2094 0.1661 cyclist 0.43367839232087135
623 10.8658 -0.1343 pedestrian 0.9087907373905182
623 13.2094 0.1661 cyclist 0.43063966929912567
624 11.0789 -0.1502 pedestrian 0.8938390016555786
625 11.0789 -0.1502 pedestrian 0.9050374031066895
625 13.2094 0.1343 pedestrian 0.4109630137681961
626 11.0789 -0.1502 pedestrian 0.9120347797870636
626 13.2094 0.1343 pedestrian 0.4272400476038456
627 11.0789 -0.1502 pedestrian 0.9136566519737244
627 13.2094 0.1343 pedestrian 0.4390210993587971
628 11.0789 -0.1502 pedestrian 0.913201779127121
628 13.2094 0.1343 pedestrian 0.45534126088023186
629 11.0789 -0.1661 pedestrian 0.9145552814006805
629 13.2094 0.1343 pedestrian 0.4672408699989319
630 11.0789 -0.1661 pedestrian 0.9168716371059418
630 13.4225 0.1343 pedestrian 0.4957299828529358
631 11.0789 -0.1661 pedestrian 0.9141820967197418
631 13.4225 0.1343 pedestrian 0.5249303057789803
632 11.0789 -0.1661 pedestrian 0.8879573047161102
632 13.4225 0.1184 pedestrian 0.822003036737442
633 11.0789 -0.1661 pedestrian 0.9013481140136719
633 13.4225 0.1184 pedestrian 0.8450676798820496
634 11.0789 -0.1661 pedestrian 0.9112045466899872
634 13.4225 0.1184 pedestrian 0.8573587834835052
635 11.0789 -0.1661 pedestrian 0.9146581888198853
635 13.4225 0.1184 pedestrian 0.8638870716094971
636 11.0789 -0.1661 pedestrian 0.9145270586013794
636 13.4225 0.1025 pedestrian 0.8724250793457031
637 11.0789 -0.1661 pedestrian 0.914431244134903
637 13.4225 0.1025 pedestrian 0.880688339471817
638 11.0789 -0.1661 pedestrian 0.9139037430286407
638 13.4225 0.1025 pedestrian 0.8797882795333862
639 11.0789 -0.1821 pedestrian 0.90798020362854
639 13.4225 0.1025 pedestrian 0.8714167177677155
640 11.0789 -0.1821 pedestrian 0.9038651287555695
640 13.4225 0.0867 pedestrian 0.8438687920570374
641 11.0789 -0.1821 pedestrian 0.910752147436142
641 13.4225 0.0867 pedestrian 0.8449077308177948
642 11.0789 -0.1821 pedestrian 0.9137569665908813
642 13.6355 0.0867 pedestrian 0.8410977423191071
643 11.0789 -0.1821 pedestrian 0.9125057458877563
643 13.6355 0.0867 pedestrian 0.8387120962142944
644 11.0789 -0.1821 pedestrian 0.90912064909935
644 13.6355 0.0867 pedestrian 0.8392552137374878
645 11.0789 -0.1821 pedestrian 0.9044878482818604
645 13.6355 0.0867 pedestrian 0.8458825945854187
646 11.0789 -0.1981 pedestrian 0.9032081663608551
646 13.6355 0.0709 pedestrian 0.8545700907707214
647 11.0789 -0.1981 pedestrian 0.8973191976547241
647 13.6355 0.0709 pedestrian 0.8583246767520905
648 11.0789 -0.1981 pedestrian 0.8980783522129059
648 13.6355 0.0709 pedestrian 0.8665338754653931
649 11.0789 -0.1981 pedestrian 0.9048241376876831
649 13.6355 0.0709 pedestrian 0.8719141185283661
650 11.0789 -0.1981 pedestrian 0.9076972901821136
650 13.6355 0.0709 pedestrian 0.8747966289520264
651 11.0789 -0.2142 pedestrian 0.9093091189861298
651 13.6355 0.0551 pedestrian 0.8782351315021515
652 11.0789 -0.2142 pedestrian 0.9094902873039246
652 13.6355 0.0551 pedestrian 0.8843162953853607
653 11.0789 -0.2142 pedestrian 0.9076699018478394
653 13.6355 0.0551 pedestrian 0.8904255330562592
654 11.0789 -0.2142 pedestrian 0.9054076671600342
654 13.6355 0.0551 pedestrian 0.893749475479126
655 11.0789 -0.2142 pedestrian 0.9004380106925964
655 13.6355 0.0551 pedestrian 0.8929056525230408
656 11.0789 -0.2466 pedestrian 0.8598089516162872
656 13.6355 0.0551 pedestrian 0.8384101092815399
657 11.0789 -0.2466 pedestrian 0.8721751868724823
657 13.6355 0.0551 pedestrian 0.8474994897842407
658 11.0789 -0.2466 pedestrian 0.8800252377986908
658 13.8486 0.0551 pedestrian 0.8538641333580017
659 11.0789 -0.2466 pedestrian 0.8813933432102203
659 13.8486 0.0551 pedestrian 0.8631464540958405
660 11.0789 -0.2466 pedestrian 0.8838972747325897
660 13.8486 0.0551 pedestrian 0.8747642338275909
661 11.0789 -0.2466 pedestrian 0.8851876854896545
661 13.8486 0.0551 pedestrian 0.8823685646057129
662 11.0789 -0.2466 pedestrian 0.8859841227531433
662 13.8486 0.0551 pedestrian 0.8839075267314911
663 10.8658 -0.2629 pedestrian 0.8866727352142334
663 13.8486 0.0551 pedestrian 0.8751686811447144
664 10.8658 -0.2629 pedestrian 0.8956557810306549
664 13.8486 0.0394 pedestrian 0.8599587976932526
665 10.8658 -0.2629 pedestrian 0.9064236581325531
665 13.8486 0.0394 pedestrian 0.8683288097381592
666 10.8658 -0.2629 pedestrian 0.91283318400383
666 13.8486 0.0394 pedestrian 0.8751185536384583
667 10.8658 -0.2629 pedestrian 0.9177067875862122
667 13.8486 0.0394 pedestrian 0.8785286843776703
668 10.8658 -0.2629 pedestrian 0.9221880435943604
668 13.8486 0.0394 pedestrian 0.882737785577774
669 10.8658 -0.2629 pedestrian 0.9248112142086029
669 13.8486 0.0394 pedestrian 0.8848995864391327
670 10.8658 -0.2629 pedestrian 0.9239668250083923
670 13.8486 0.0394 pedestrian 0.8859663903713226
671 10.8658 -0.2629 pedestrian 0.9209054410457611
671 13.8486 0.0394 pedestrian 0.8819620907306671
672 13.8486 0.0236 pedestrian 0.8734090626239777
672 10.8658 -0.2629 pedestrian 0.8524084985256195
673 13.8486 0.0236 pedestrian 0.8820452094078064
673 10.8658 -0.2629 pedestrian 0.8665916621685028
674 13.8486 0.0236 pedestrian 0.8839710354804993
674 10.8658 -0.2629 pedestrian 0.8742771148681641
675 13.8486 0.0236 pedestrian 0.8820016384124756
675 10.8658 -0.2629 pedestrian 0.873179703950882
676 13.8486 0.0236 pedestrian 0.8796863257884979
676 10.8658 -0.2629 pedestrian 0.8751353025436401
677 13.8486 0.0236 pedestrian 0.8785739541053772
677 10.8658 -0.2629 pedestrian 0.8770107924938202
678 13.8486 0.0236 pedestrian 0.8750838041305542
678 10.8658 -0.2629 pedestrian 0.8743813633918762
679 10.6527 -0.2629 pedestrian 0.8639990389347076
679 13.8486 0.0236 pedestrian 0.8639269173145294
680 10.6527 -0.2466 pedestrian 0.8901694715023041
680 13.8486 0.0079 pedestrian 0.8528822064399719
681 10.6527 -0.2466 pedestrian 0.9043884873390198
681 14.0616 0.0079 pedestrian 0.8522413074970245
682 10.6527 -0.2466 pedestrian 0.9117766618728638
682 14.0616 0.0079 pedestrian 0.8506840169429779
683 10.6527 -0.2466 pedestrian 0.9150715470314026
683 14.0616 0.0079 pedestrian 0.8412863910198212
684 10.6527 -0.2466 pedestrian 0.9188735485076904
684 14.0616 0.0079 pedestrian 0.8337366878986359
685 10.6527 -0.2466 pedestrian 0.9200121760368347
685 14.0616 0.0079 pedestrian 0.8331854045391083
686 10.6527 -0.2466 pedestrian 0.9192466735839844
686 14.0616 0.0079 pedestrian 0.829531192779541
687 10.6527 -0.2466 pedestrian 0.9150199890136719
687 14.0616 0.0079 pedestrian 0.8027552962303162
688 10.4397 -0.2629 pedestrian 0.9063189923763275
688 14.0616 0.0236 pedestrian 0.7700598537921906
689 10.4397 -0.2629 pedestrian 0.9174107313156128
689 14.0616 0.0079 pedestrian 0.7755734324455261
690 10.4397 -0.2629 pedestrian 0.9234716296195984
690 14.0616 0.0079 pedestrian 0.77297443151474
691 10.4397 -0.2629 pedestrian 0.9264965951442719
691 14.0616 0.0079 pedestrian 0.7628411948680878
692 10.4397 -0.2629 pedestrian 0.9287900626659393
692 14.0616 0.0079 pedestrian 0.7604830861091614
693 10.4397 -0.2629 pedestrian 0.9281398952007294
693 14.0616 0.0079 pedestrian 0.7694620490074158
694 10.4397 -0.2629 pedestrian 0.9242341816425323
694 14.0616 0.0079 pedestrian 0.7683795392513275
695 10.4397 -0.2466 pedestrian 0.9151381552219391
695 14.0616 -0.0079 pedestrian 0.7522002756595612
696 10.2266 -0.2466 pedestrian 0.8931339383125305
696 14.0616 -0.0236 pedestrian 0.8256038129329681
697 10.2266 -0.2466 pedestrian 0.9049181640148163
697 14.0616 -0.0236 pedestrian 0.8456823825836182
698 10.2266 -0.2466 pedestrian 0.9114763140678406
698 14.0616 -0.0236 pedestrian 0.8547020554542542
699 10.2266 -0.2304 pedestrian 0.9140135645866394
699 14.0616 -0.0236 pedestrian 0.8569506108760834
700 10.2266 -0.2304 pedestrian 0.9174789488315582
700 14.0616 -0.0394 pedestrian 0.8642427027225494
701 10.2266 -0.2304 pedestrian 0.9169106483459473
701 14.0616 -0.0394 pedestrian 0.8679790794849396
702 10.2266 -0.2304 pedestrian 0.9118694961071014
702 14.0616 -0.0394 pedestrian 0.8673746585845947
703 10.2266 -0.2304 pedestrian 0.9031689465045929
703 14.0616 -0.0394 pedestrian 0.8570562601089478
704 14.0616 -0.0551 pedestrian 0.8828480839729309
704 10.0136 -0.2142 pedestrian 0.88156658411026
705 10.0136 -0.2142 pedestrian 0.8932421505451202
705 14.0616 -0.0551 pedestrian 0.8859044313430786
706 10.0136 -0.2142 pedestrian 0.8995457291603088
706 14.0616 -0.0551 pedestrian 0.884833574295044
707 10.0136 -0.2142 pedestrian 0.901798278093338
707 14.0616 -0.0551 pedestrian 0.8832584619522095
708 10.0136 -0.2142 pedestrian 0.9009920060634613
708 14.0616 -0.0551 pedestrian 0.8818325996398926
709 10.0136 -0.1981 pedestrian 0.9003119468688965
709 14.0616 -0.0709 pedestrian 0.885013610124588
710 10.0136 -0.1981 pedestrian 0.9002240896224976
710 14.2747 -0.0709 pedestrian 0.891735315322876
711 10.0136 -0.1981 pedestrian 0.9009901583194733
711 14.2747 -0.0709 pedestrian 0.8956829011440277
712 14.0616 -0.0709 pedestrian 0.8941074013710022
712 10.0136 -0.1821 pedestrian 0.8882384300231934
713 10.0136 -0.1821 pedestrian 0.9023049175739288
713 14.0616 -0.0709 pedestrian 0.8997251987457275
714 10.0136 -0.1821 pedestrian 0.9108739793300629
714 14.0616 -0.0709 pedestrian 0.9023857414722443
715 10.0136 -0.1821 pedestrian 0.9157946705818176
715 14.0616 -0.0709 pedestrian 0.9030137062072754
716 10.0136 -0.1821 pedestrian 0.9183845221996307
716 14.0616 -0.0709 pedestrian 0.9026843309402466
717 10.0136 -0.1821 pedestrian 0.9210637509822845
717 14.0616 -0.0709 pedestrian 0.9010456502437592
718 10.0136 -0.1821 pedestrian 0.9203056693077087
718 14.0616 -0.0709 pedestrian 0.8973689675331116
719 10.0136 -0.1821 pedestrian 0.9190402328968048
719 14.0616 -0.0709 pedestrian 0.8903579115867615
720 10.0136 -0.1661 pedestrian 0.9072429537773132
720 14.2747 -0.0867 pedestrian 0.8742512762546539
721 10.0136 -0.1661 pedestrian 0.9146724343299866
721 14.2747 -0.0867 pedestrian 0.879978597164154
722 10.0136 -0.1661 pedestrian 0.9189183413982391
722 14.2747 -0.0867 pedestrian 0.8814818263053894
723 10.0136 -0.1661 pedestrian 0.921183168888092
723 14.2747 -0.0867 pedestrian 0.8797883689403534
724 10.0136 -0.1661 pedestrian 0.919970840215683
724 14.2747 -0.0867 pedestrian 0.8748215138912201
725 10.0136 -0.1661 pedestrian 0.9171797633171082
725 14.2747 -0.0867 pedestrian 0.8722295463085175
726 10.0136 -0.1661 pedestrian 0.9133811891078949
726 14.2747 -0.0867 pedestrian 0.8678437173366547
727 10.0136 -0.1661 pedestrian 0.908187597990036
727 14.2747 -0.1025 pedestrian 0.8624351620674133
728 10.0136 -0.1502 pedestrian 0.8952838480472565
728 14.2747 -0.1184 pedestrian 0.8517787754535675
729 10.0136 -0.1343 pedestrian 0.9015774130821228
729 14.0616 -0.1184 pedestrian 0.8576157987117767
730 10.0136 -0.1343 pedestrian 0.9087944328784943
730 14.0616 -0.1184 pedestrian 0.8625721037387848
731 10.0136 -0.1343 pedestrian 0.9135089814662933
731 14.0616 -0.1184 pedestrian 0.8619712293148041
732 10.0136 -0.1343 pedestrian 0.9147245585918427
732 14.0616 -0.1184 pedestrian 0.8545567691326141
733 10.0136 -0.1343 pedestrian 0.9154994189739227
733 14.0616 -0.1343 pedestrian 0.8511250615119934
734 10.0136 -0.1343 pedestrian 0.9150577187538147
734 14.0616 -0.1343 pedestrian 0.8526188433170319
735 10.0136 -0.1343 pedestrian 0.9137153327465057
735 14.2747 -0.1343 pedestrian 0.8470712006092072
736 10.0136 -0.1184 pedestrian 0.8929910659790039
736 14.2747 -0.1343 pedestrian 0.8681092262268066
737 10.0136 -0.1184 pedestrian 0.9004592597484589
737 14.2747 -0.1343 pedestrian 0.8776811957359314
738 10.0136 -0.1184 pedestrian 0.9043004512786865
738 14.2747 -0.1343 pedestrian 0.8837049007415771
739 10.0136 -0.1184 pedestrian 0.905056893825531
739 14.2747 -0.1343 pedestrian 0.8880169987678528
740 10.0136 -0.1184 pedestrian 0.9047388434410095
740 14.2747 -0.1343 pedestrian 0.8920189142227173
741 10.0136 -0.1025 pedestrian 0.9042653739452362
741 14.2747 -0.1343 pedestrian 0.8970226049423218
742 10.0136 -0.1025 pedestrian 0.9045014679431915
742 14.2747 -0.1502 pedestrian 0.8998538553714752
743 10.0136 -0.1025 pedestrian 0.9022570848464966
743 14.2747 -0.1502 pedestrian 0.901381641626358
744 14.0616 -0.1502 pedestrian 0.8867827951908112
744 10.0136 -0.0867 pedestrian 0.8798777163028717
745 14.0616 -0.1502 pedestrian 0.8983093202114105
745 10.0136 -0.0867 pedestrian 0.8939361870288849
746 14.0616 -0.1502 pedestrian 0.9063000679016113
746 10.0136 -0.0867 pedestrian 0.9018949270248413
747 14.0616 -0.1502 pedestrian 0.9107196927070618
747 10.0136 -0.0867 pedestrian 0.9058968722820282
748 14.0616 -0.1502 pedestrian 0.9120636582374573
748 10.0136 -0.0709 pedestrian 0.911142110824585
749 10.0136 -0.0709 pedestrian 0.9158943891525269
749 14.0616 -0.1502 pedestrian 0.9131534099578857
750 10.0136 -0.0709 pedestrian 0.9175016283988953
750 14.0616 -0.1502 pedestrian 0.91324383020401
751 10.0136 -0.0709 pedestrian 0.916609525680542
751 14.0616 -0.1502 pedestrian 0.9111099243164062
752 10.0136 -0.0551 pedestrian 0.8978515863418579
752 14.0616 -0.1502 pedestrian 0.8829832971096039
753 10.0136 -0.0551 pedestrian 0.9096130430698395
753 14.0616 -0.1502 pedestrian 0.8894349932670593
754 10.0136 -0.0394 pedestrian 0.9184485077857971
754 14.0616 -0.1502 pedestrian 0.8937083184719086
755 10.0136 -0.0394 pedestrian 0.9242368340492249
755 14.0616 -0.1502 pedestrian 0.8951525092124939
756 10.0136 -0.0394 pedestrian 0.9283134341239929
756 14.0616 -0.1661 pedestrian 0.8969300091266632
757 10.0136 -0.0394 pedestrian 0.9297960102558136
757 14.0616 -0.1661 pedestrian 0.9011288285255432
758 10.0136 -0.0394 pedestrian 0.9285701215267181
758 14.0616 -0.1661 pedestrian 0.9013350307941437
759 10.0136 -0.0394 pedestrian 0.9252615571022034
759 14.0616 -0.1661 pedestrian 0.8940033316612244
760 10.0136 -0.0236 pedestrian 0.9010089039802551
760 14.0616 -0.1661 pedestrian 0.8813821077346802
761 10.0136 -0.0236 pedestrian 0.9104500710964203
761 14.0616 -0.1661 pedestrian 0.8856709599494934
762 10.0136 -0.0236 pedestrian 0.9155735373497009
762 14.0616 -0.1821 pedestrian 0.8867087364196777
763 10.0136 -0.0236 pedestrian 0.9162852466106415
763 14.0616 -0.1821 pedestrian 0.8868720531463623
764 10.0136 -0.0236 pedestrian 0.9166780114173889
764 14.0616 -0.1821 pedestrian 0.8879675269126892
765 10.0136 -0.0236 pedestrian 0.9163550138473511
765 14.0616 -0.1821 pedestrian 0.8876844644546509
766 10.0136 -0.0079 pedestrian 0.9162973761558533
766 14.0616 -0.1821 pedestrian 0.8848379552364349
767 10.0136 -0.0079 pedestrian 0.9149263799190521
767 13.8486 -0.1821 pedestrian 0.8751920759677887
768 10.0136 -0.0079 pedestrian 0.9078947007656097
768 13.8486 -0.1981 pedestrian 0.8611328899860382
769 10.0136 -0.0079 pedestrian 0.9145632088184357
769 13.8486 -0.1981 pedestrian 0.8759214580059052
770 10.0136 0.0079 pedestrian 0.9193236231803894
770 13.8486 -0.1981 pedestrian 0.8856162428855896
771 10.0136 0.0079 pedestrian 0.9218640327453613
771 13.8486 -0.1981 pedestrian 0.8936881124973297
772 10.0136 0.0079 pedestrian 0.9215365648269653
772 13.8486 -0.1981 pedestrian 0.9011907577514648
773 10.0136 0.0079 pedestrian 0.9200662076473236
773 13.8486 -0.1981 pedestrian 0.9084916412830353
774 10.0136 0.0079 pedestrian 0.9184096455574036
774 13.8486 -0.1981 pedestrian 0.9120711088180542
775 10.0136 0.0079 pedestrian 0.9164847135543823
775 13.8486 -0.1981 pedestrian 0.9106051027774811
776 10.0136 0.0394 pedestrian 0.8985922336578369
776 13.8486 -0.1981 pedestrian 0.8812417387962341
777 10.0136 0.0394 pedestrian 0.9054048955440521
777 13.8486 -0.1981 pedestrian 0.8948257565498352
778 10.0136 0.0394 pedestrian 0.9072898626327515
778 13.8486 -0.1981 pedestrian 0.9031343162059784
779 10.0136 0.0551 pedestrian 0.9116070866584778
779 13.8486 -0.1981 pedestrian 0.9085264503955841
780 13.8486 -0.1981 pedestrian 0.9160133898258209
780 10.0136 0.0551 pedestrian 0.9144448935985565
781 13.8486 -0.1981 pedestrian 0.9197856485843658
781 10.0136 0.0551 pedestrian 0.9164286255836487
782 10.0136 0.0551 pedestrian 0.9164492189884186
782 13.8486 -0.1981 pedestrian 0.9156214892864227
783 10.0136 0.0551 pedestrian 0.9134862720966339
783 13.8486 -0.2142 pedestrian 0.9058718085289001
784 10.0136 0.0867 pedestrian 0.8879314363002777
784 13.6355 -0.2142 pedestrian 0.8579488098621368
785 10.0136 0.0867 pedestrian 0.9042379856109619
785 13.6355 -0.2142 pedestrian 0.8737795948982239
786 10.0136 0.0867 pedestrian 0.9138414859771729
786 13.6355 -0.2142 pedestrian 0.8825814425945282
787 10.0136 0.0867 pedestrian 0.9175012409687042
787 13.6355 -0.2142 pedestrian 0.8871662616729736
788 10.0136 0.0867 pedestrian 0.91883385181427
788 13.6355 -0.2142 pedestrian 0.8944432437419891
789 10.0136 0.0867 pedestrian 0.9187410473823547
789 13.6355 -0.2142 pedestrian 0.8993885815143585
790 10.0136 0.0867 pedestrian 0.9169346392154694
790 13.6355 -0.2142 pedestrian 0.8986065983772278
791 10.0136 0.1025 pedestrian 0.9132540225982666
791 13.6355 -0.2142 pedestrian 0.8901185095310211
792 10.0136 0.1025 pedestrian 0.9080777168273926
792 13.6355 -0.2142 pedestrian 0.8854864239692688
793 10.0136 0.1025 pedestrian 0.911417156457901
793 13.6355 -0.2142 pedestrian 0.8947992622852325
794 10.0136 0.1025 pedestrian 0.9126979112625122
794 13.6355 -0.2142 pedestrian 0.8996782004833221
795 10.0136 0.1025 pedestrian 0.912002444267273
795 13.6355 -0.2142 pedestrian 0.9026914536952972
796 10.2266 0.1025 pedestrian 0.9094005227088928
796 13.6355 -0.2142 pedestrian 0.9067689478397369
797 10.2266 0.1025 pedestrian 0.9102638363838196
797 13.6355 -0.2142 pedestrian 0.9090063571929932
798 10.2266 0.1025 pedestrian 0.9129928052425385
798 13.6355 -0.2142 pedestrian 0.9081814587116241
799 10.2266 0.1025 pedestrian 0.9133026897907257
799 13.6355 -0.2142 pedestrian 0.9051308631896973
800 10.2266 0.1184 pedestrian 0.9092875421047211
800 13.6355 -0.2142 pedestrian 0.8772899806499481
801 10.2266 0.1184 pedestrian 0.9159337878227234
801 13.6355 -0.2142 pedestrian 0.8892009556293488
802 10.2266 0.1184 pedestrian 0.9187517464160919
802 13.6355 -0.2142 pedestrian 0.8962966799736023
803 10.2266 0.1184 pedestrian 0.9187089502811432
803 13.6355 -0.2142 pedestrian 0.9006465971469879
804 10.2266 0.1343 pedestrian 0.9191299974918365
804 13.6355 -0.2142 pedestrian 0.9046290814876556
805 10.2266 0.1343 pedestrian 0.9199600219726562
805 13.6355 -0.2142 pedestrian 0.9069662988185883
806 10.2266 0.1343 pedestrian 0.9206643402576447
806 13.6355 -0.2142 pedestrian 0.9084462225437164
807 10.2266 0.1343 pedestrian 0.917839765548706
807 13.6355 -0.2142 pedestrian 0.9067508280277252
808 13.6355 -0.2142 pedestrian 0.8910597562789917
808 10.2266 0.1502 pedestrian 0.8825115859508514
809 13.6355 -0.2142 pedestrian 0.8967760801315308
809 10.2266 0.1502 pedestrian 0.8947601914405823
810 10.2266 0.1502 pedestrian 0.9034073650836945
810 13.6355 -0.2142 pedestrian 0.9003140926361084
811 10.2266 0.1502 pedestrian 0.9079026877880096
811 13.6355 -0.2142 pedestrian 0.9033941328525543
812 10.2266 0.1502 pedestrian 0.9075897634029388
812 13.6355 -0.2142 pedestrian 0.9048258066177368
813 10.2266 0.1661 pedestrian 0.9075295031070709
813 13.6355 -0.2142 pedestrian 0.9033747911453247
814 10.2266 0.1661 pedestrian 0.9104542434215546
814 13.6355 -0.2142 pedestrian 0.9033543169498444
815 10.2266 0.1661 pedestrian 0.9099468886852264
815 13.6355 -0.2142 pedestrian 0.8986170887947083
816 13.4225 -0.1981 pedestrian 0.8640601634979248
816 10.2266 0.1821 pedestrian 0.8386340439319611
817 13.4225 -0.1981 pedestrian 0.8764260113239288
817 10.2266 0.1821 pedestrian 0.8573761284351349
818 13.4225 -0.1981 pedestrian 0.8854682445526123
818 10.2266 0.1821 pedestrian 0.872522234916687
819 13.4225 -0.1981 pedestrian 0.8921435177326202
819 10.2266 0.1821 pedestrian 0.8814048767089844
820 13.4225 -0.1981 pedestrian 0.9015554785728455
820 10.2266 0.1821 pedestrian 0.88750159740448
821 13.4225 -0.1981 pedestrian 0.9093307554721832
821 10.2266 0.1981 pedestrian 0.8931728303432465
822 13.4225 -0.1981 pedestrian 0.9113897681236267
822 10.2266 0.1981 pedestrian 0.8980160653591156
823 13.4225 -0.1981 pedestrian 0.9099694192409515
823 10.2266 0.1981 pedestrian 0.8988009095191956
824 13.4225 -0.1821 pedestrian 0.8974661231040955
824 10.2266 0.2142 pedestrian 0.8797525465488434
825 13.4225 -0.1821 pedestrian 0.9070661664009094
825 10.4397 0.2142 pedestrian 0.8949339389801025
826 13.4225 -0.1821 pedestrian 0.9138143956661224
826 10.4397 0.2142 pedestrian 0.9053255617618561
827 13.4225 -0.1821 pedestrian 0.9174316823482513
827 10.4397 0.2142 pedestrian 0.9098882675170898
828 13.4225 -0.1821 pedestrian 0.9190881848335266
828 10.4397 0.2142 pedestrian 0.9103436172008514
829 13.4225 -0.1821 pedestrian 0.9198343455791473
829 10.4397 0.2142 pedestrian 0.9133122861385345
830 13.4225 -0.1821 pedestrian 0.9212844669818878
830 10.4397 0.2142 pedestrian 0.9148875176906586
831 13.4225 -0.1821 pedestrian 0.9180374443531036
831 10.4397 0.2142 pedestrian 0.9115453660488129
832 10.4397 0.2304 pedestrian 0.917113333940506
832 13.4225 -0.1821 pedestrian 0.909811794757843
833 10.4397 0.2304 pedestrian 0.9224246442317963
833 13.4225 -0.1821 pedestrian 0.918516218662262
834 10.4397 0.2304 pedestrian 0.9238105714321136
834 13.4225 -0.1661 pedestrian 0.9230841100215912
835 13.4225 -0.1661 pedestrian 0.9257583916187286
835 10.4397 0.2304 pedestrian 0.9224837422370911
836 13.4225 -0.1661 pedestrian 0.9279116988182068
836 10.4397 0.2466 pedestrian 0.9215903282165527
837 13.4225 -0.1661 pedestrian 0.9290419816970825
837 10.4397 0.2466 pedestrian 0.9225588440895081
838 13.4225 -0.1661 pedestrian 0.9288626313209534
838 10.4397 0.2466 pedestrian 0.9203548431396484
839 13.4225 -0.1661 pedestrian 0.9279156625270844
839 10.4397 0.2466 pedestrian 0.9118364453315735
840 13.4225 -0.1502 pedestrian 0.8995616137981415
840 10.6527 0.2629 pedestrian 0.8772473037242889
841 13.4225 -0.1502 pedestrian 0.9094064235687256
841 10.6527 0.2629 pedestrian 0.8928500413894653
842 13.4225 -0.1502 pedestrian 0.9156686067581177
842 10.6527 0.2629 pedestrian 0.9037390947341919
843 13.4225 -0.1502 pedestrian 0.9177184104919434
843 10.6527 0.2629 pedestrian 0.9097653925418854
844 13.4225 -0.1502 pedestrian 0.9177380204200745
844 10.6527 0.2629 pedestrian 0.9133334755897522
845 13.4225 -0.1502 pedestrian 0.9167792201042175
845 10.6527 0.2629 pedestrian 0.9145915806293488
846 13.4225 -0.1502 pedestrian 0.916461318731308
846 10.6527 0.2629 pedestrian 0.9154367744922638
847 13.4225 -0.1502 pedestrian 0.9123352766036987
847 10.6527 0.2792 pedestrian 0.9119358956813812
848 13.4225 -0.1343 pedestrian 0.9033166766166687
848 10.6527 0.2792 pedestrian 0.84611776471138
849 13.4225 -0.1343 pedestrian 0.9137926399707794
849 10.6527 0.2792 pedestrian 0.8648114800453186
850 13.4225 -0.1343 pedestrian 0.9210843741893768
850 10.6527 0.2792 pedestrian 0.8738881945610046
851 13.4225 -0.1343 pedestrian 0.9251419603824615
851 10.6527 0.2956 pedestrian 0.8828806579113007
852 13.4225 -0.1343 pedestrian 0.9277805089950562
852 10.6527 0.2956 pedestrian 0.8934373557567596
853 13.4225 -0.1343 pedestrian 0.9273958504199982
853 10.6527 0.2956 pedestrian 0.8983425796031952
854 13.4225 -0.1343 pedestrian 0.9258115887641907
854 10.8658 0.2956 pedestrian 0.8982117176055908
855 13.4225 -0.1343 pedestrian 0.9226652383804321
855 10.8658 0.2956 pedestrian 0.8966198563575745
856 13.4225 -0.1184 pedestrian 0.8888588845729828
856 10.6527 0.2956 pedestrian 0.8580639958381653
857 13.4225 -0.1184 pedestrian 0.8992308974266052
857 10.8658 0.2956 pedestrian 0.8714723587036133
858 13.4225 -0.1184 pedestrian 0.9045248925685883
858 10.8658 0.2956 pedestrian 0.8840948343276978
859 13.4225 -0.1184 pedestrian 0.9063975811004639
859 10.8658 0.3121 pedestrian 0.8921293914318085
860 13.4225 -0.1184 pedestrian 0.9085084199905396
860 10.8658 0.3121 pedestrian 0.8960418701171875
861 13.4225 -0.1184 pedestrian 0.9095548391342163
861 10.8658 0.3121 pedestrian 0.8969703316688538
862 13.4225 -0.1184 pedestrian 0.9069494903087616
862 10.8658 0.3121 pedestrian 0.8960914015769958
863 13.4225 -0.1184 pedestrian 0.9005717039108276
863 10.8658 0.3121 pedestrian 0.8922364115715027
864 13.4225 -0.1025 pedestrian 0.8870273530483246
864 11.0789 0.3121 pedestrian 0.834723711013794
865 13.4225 -0.1025 pedestrian 0.892817884683609
865 11.0789 0.3121 pedestrian 0.851958692073822
866 13.2094 -0.0867 pedestrian 0.9021342694759369
866 11.0789 0.3121 pedestrian 0.8665269911289215
867 13.2094 -0.0867 pedestrian 0.9086410701274872
867 11.0789 0.3121 pedestrian 0.8762147128582001
868 13.2094 -0.0867 pedestrian 0.9155144095420837
868 11.0789 0.3121 pedestrian 0.8823251128196716
869 13.2094 -0.0867 pedestrian 0.9192633032798767
869 11.0789 0.3121 pedestrian 0.8841523230075836
870 13.2094 -0.0867 pedestrian 0.9194273948669434
870 11.0789 0.3121 pedestrian 0.8838028013706207
871 13.2094 -0.0867 pedestrian 0.9175601005554199
871 11.0789 0.3121 pedestrian 0.8779429197311401
872 13.2094 -0.0867 pedestrian 0.8957038819789886
872 11.2919 0.3121 pedestrian 0.8638074994087219
873 13.2094 -0.0867 pedestrian 0.9066530466079712
873 11.2919 0.3121 pedestrian 0.8775615096092224
874 13.2094 -0.0867 pedestrian 0.9129101634025574
874 11.2919 0.3287 pedestrian 0.8870458006858826
875 13.2094 -0.0709 pedestrian 0.9182064533233643
875 11.2919 0.3287 pedestrian 0.8934779763221741
876 13.2094 -0.0709 pedestrian 0.9233320951461792
876 11.2919 0.3287 pedestrian 0.9015323519706726
877 13.2094 -0.0709 pedestrian 0.9244460761547089
877 11.2919 0.3287 pedestrian 0.9089800417423248
878 13.2094 -0.0709 pedestrian 0.9218361973762512
878 11.2919 0.3287 pedestrian 0.9101939797401428
879 13.2094 -0.0709 pedestrian 0.9153150022029877
879 11.2919 0.3287 pedestrian 0.9053227305412292
880 11.2919 0.3121 pedestrian 0.8852570056915283
880 13.2094 -0.0709 pedestrian 0.8569526374340057
881 11.2919 0.3121 pedestrian 0.896367758512497
881 13.2094 -0.0709 pedestrian 0.8802047371864319
882 11.2919 0.3121 pedestrian 0.9024812877178192
882 13.2094 -0.0709 pedestrian 0.8901737630367279
883 11.5050 0.3121 pedestrian 0.90741166472435
883 13.2094 -0.0709 pedestrian 0.8949705362319946
884 11.5050 0.3121 pedestrian 0.9117056429386139
884 13.2094 -0.0551 pedestrian 0.9031291007995605
885 11.5050 0.3121 pedestrian 0.915617436170578
885 13.2094 -0.0709 pedestrian 0.9096046984195709
886 11.5050 0.3121 pedestrian 0.9186292886734009
886 13.2094 -0.0709 pedestrian 0.90887051820755
887 11.5050 0.3121 pedestrian 0.9150895476341248
887 13.2094 -0.0551 pedestrian 0.9040464460849762
888 11.5050 0.2956 pedestrian 0.9328768849372864
888 13.2094 -0.0551 pedestrian 0.9047275185585022
889 11.5050 0.2956 pedestrian 0.9332551956176758
889 13.2094 -0.0551 pedestrian 0.903577446937561
890 11.5050 0.2956 pedestrian 0.932043731212616
890 13.2094 -0.0551 pedestrian 0.9023493528366089
891 11.5050 0.2956 pedestrian 0.9267690181732178
891 13.2094 -0.0551 pedestrian 0.896342933177948
892 11.5050 0.2956 pedestrian 0.9216448664665222
892 13.2094 -0.0551 pedestrian 0.8917518258094788
893 11.5050 0.2956 pedestrian 0.9204128980636597
893 13.2094 -0.0551 pedestrian 0.8907273411750793
894 11.5050 0.2956 pedestrian 0.9186041951179504
894 13.2094 -0.0551 pedestrian 0.8853424191474915
895 11.5050 0.2956 pedestrian 0.9096712470054626
895 12.9963 -0.0551 pedestrian 0.8642334938049316
