0 3.4089 0.3121 pedestrian 0.4481288194656372
1 3.1958 0.3121 pedestrian 0.4940946698188782
2 3.4089 0.3121 pedestrian 0.564264178276062
3 3.1958 0.3121 pedestrian 0.5549346208572388
4 3.4089 0.3121 pedestrian 0.5951915383338928
4 3.4089 -0.6916 cyclist 0.3217983841896057
5 3.4089 0.2956 pedestrian 0.5920528173446655
5 3.4089 -0.6317 cyclist 0.3390631675720215
5 3.8350 -0.7123 cyclist 0.3167147636413574
6 3.4089 0.2956 pedestrian 0.6136286854743958
6 3.4089 -0.6714 cyclist 0.3973276615142822
7 3.4089 0.3121 pedestrian 0.6192849278450012
7 3.4089 -0.6916 cyclist 0.40581876039505005
8 3.4089 0.2792 pedestrian 0.5079344809055328
8 3.4089 -0.6714 cyclist 0.3018124997615814
9 3.1958 0.3121 pedestrian 0.5157158672809601
10 3.4089 0.2792 pedestrian 0.5503465831279755
10 3.4089 -0.7123 car 0.30608007311820984
11 3.4089 0.2956 pedestrian 0.5363968312740326
12 3.4089 0.2792 pedestrian 0.5389250814914703
12 3.4089 -0.7988 car 0.3081506937742233
13 3.4089 0.2792 pedestrian 0.5283022522926331
13 3.4089 -0.7123 car 0.3060423880815506
14 3.4089 0.2792 pedestrian 0.511147141456604
14 3.4089 -0.7123 car 0.30745556950569153
15 3.4089 0.2956 pedestrian 0.46410030126571655
16 3.1958 -0.7333 car 0.32828977704048157
17 3.4089 -0.7123 car 0.32883529365062714
18 3.4089 -0.7988 car 0.3248134106397629
18 3.8350 -0.8451 car 0.31098951399326324
19 3.8350 -0.7988 car 0.3256448805332184
20 3.4089 -0.7988 car 0.36528949439525604
21 3.6219 -0.7547 car 0.35171128809452057
22 3.4089 -0.7123 car 0.35630136728286743
23 3.6219 -0.7547 car 0.36379584670066833
24 3.8350 -0.7123 car 0.4810044914484024
24 4.2611 0.1981 car 0.3233652412891388
24 3.6219 0.2142 car 0.3126975744962692
25 3.8350 -0.7123 car 0.4784201979637146
25 4.0480 0.2304 car 0.3246854394674301
26 4.0480 -0.6714 car 0.47419796884059906
26 4.0480 0.1981 car 0.32817243039608
26 4.4742 0.2142 car 0.32591578364372253
27 3.8350 -0.6714 car 0.47421981394290924
27 4.6872 0.2466 car 0.33844247460365295
27 5.5394 0.2466 car 0.30394528061151505
28 4.2611 -0.6714 car 0.47170914709568024
28 5.1133 0.2466 car 0.36496078968048096
29 4.2611 -0.6317 car 0.461145281791687
29 3.8350 -0.5932 car 0.45576944947242737
29 4.9003 0.2466 car 0.36482736468315125
30 4.0480 -0.5932 car 0.46583807468414307
30 5.1133 0.2304 car 0.35844390094280243
31 4.2611 -0.5932 car 0.42841215431690216
31 5.1133 0.2304 car 0.3604602813720703
32 4.2611 -0.4132 car 0.45054101943969727
32 4.2611 -0.3454 car 0.4403187036514282
32 5.5394 0.2304 car 0.35574962198734283
32 5.5394 0.1661 car 0.33630263805389404
33 4.9003 -0.3287 car 0.45278114080429077
33 5.5394 0.1821 car 0.35558538138866425
34 5.1133 -0.3622 car 0.44005726277828217
34 4.9003 -0.2466 car 0.43834109604358673
34 5.5394 0.1981 car 0.37740762531757355
35 4.9003 -0.2466 car 0.44443852454423904
35 5.1133 -0.3791 car 0.42859139293432236
35 5.7525 0.1821 car 0.38701625168323517
35 5.1133 0.1343 car 0.37084880471229553
36 5.7525 0.1502 car 0.41769877076148987
36 5.3264 -0.2466 car 0.4116227850317955
36 5.3264 -0.1981 car 0.40532881021499634
37 5.5394 0.1821 car 0.4209715723991394
37 5.5394 0.0551 car 0.3959944099187851
37 4.9003 -0.2629 car 0.39250045269727707
37 4.6872 -0.2142 car 0.3859269991517067
38 5.9655 0.1502 car 0.4361380636692047
38 5.3264 -0.0079 car 0.40089354664087296
38 5.5394 -0.1981 car 0.38504358381032944
39 5.5394 0.1025 car 0.4337938278913498
39 5.7525 0.1821 car 0.4271937608718872
39 5.3264 -0.1821 car 0.4049513041973114
40 5.5394 -0.0236 car 0.717610776424408
41 5.3264 0.0079 car 0.7335228323936462
42 5.3264 0.0079 car 0.7509273290634155
42 5.7525 -0.0551 car 0.7369469106197357
43 5.7525 0.0236 car 0.764019250869751
44 6.1786 0.0709 car 0.7563319206237793
45 6.1786 0.0551 car 0.7520922124385834
46 6.1786 0.0709 car 0.7460277378559113
46 6.1786 0.0079 car 0.7274320125579834
47 6.1786 0.0709 car 0.7301090061664581
48 6.3916 0.0867 car 0.811807781457901
49 6.6047 0.0867 car 0.8144601881504059
50 6.6047 0.1343 car 0.7900409996509552
51 6.8178 0.1343 car 0.8013098835945129
52 7.0308 0.1661 car 0.7803448140621185
53 7.2439 0.1343 car 0.7611295282840729
54 7.4569 0.1981 car 0.7459440231323242
55 7.4569 0.1821 car 0.7329718172550201
56 7.8830 0.1981 car 0.8007374405860901
57 7.6700 0.2142 car 0.8158811032772064
58 7.8830 0.2629 car 0.8251845240592957
59 8.0961 0.2304 car 0.8227000832557678
60 8.5222 0.2304 car 0.7946913242340088
61 8.3091 0.2466 car 0.7764383554458618
62 8.7352 0.2629 car 0.7780990600585938
63 8.7352 0.2792 car 0.7707209587097168
64 8.7352 0.3121 car 0.9131173491477966
65 9.1614 0.2792 car 0.9133119285106659
66 9.1614 0.3287 car 0.9398285150527954
67 9.1614 0.2792 car 0.9351158142089844
68 9.5875 0.3121 car 0.9207384586334229
69 9.8005 0.3287 car 0.8967155516147614
70 9.8005 0.3287 car 0.8828627169132233
71 10.0136 0.3121 car 0.8832662403583527
72 10.4397 0.3121 car 0.9150525331497192
73 10.4397 0.3121 car 0.9330207705497742
74 10.4397 0.3287 car 0.9474073052406311
75 10.6527 0.3287 car 0.9491312801837921
76 10.8658 0.3287 car 0.8618476986885071
77 11.0789 0.3287 car 0.8317132592201233
78 11.2919 0.3287 car 0.7924980223178864
79 11.5050 0.3622 car 0.7494879066944122
80 11.7180 0.3121 car 0.775516927242279
81 12.1441 0.3121 car 0.7745449841022491
82 12.1441 0.3287 car 0.7762653827667236
83 12.5702 0.3121 car 0.784787118434906
84 12.7833 0.3287 car 0.7365829646587372
85 12.9963 0.3121 car 0.7268998026847839
86 13.2094 0.3287 car 0.7346731126308441
87 13.4225 0.3121 car 0.73220494389534
88 13.8486 0.3121 car 0.8276352286338806
89 13.8486 0.3121 car 0.8329001665115356
90 13.8486 0.3287 car 0.8325185775756836
91 14.2747 0.2792 car 0.8469993770122528
92 14.7008 0.3121 car 0.8008020520210266
93 14.7008 0.3121 car 0.8038197457790375
94 14.9138 0.3287 car 0.7965952157974243
95 15.1269 0.3121 car 0.7881249487400055
96 15.5530 0.2792 car 0.8840504586696625
97 15.5530 0.2629 car 0.8989620208740234
98 15.7661 0.2792 car 0.9089471101760864
99 15.9791 0.2792 car 0.9237895309925079
100 16.1922 0.2629 car 0.9061657190322876
101 16.4052 0.2792 car 0.9154253602027893
102 16.4052 0.2792 car 0.9110227227210999
103 16.8313 0.2792 car 0.8994353413581848
104 17.2574 0.2466 car 1.0
105 16.8313 0.2142 car 1.0
106 17.2574 0.2466 car 1.0
107 17.2574 0.2792 car 1.0
108 17.6836 0.2629 car 0.985954225063324
109 18.1097 0.2792 car 0.9654363095760345
110 18.1097 0.2792 car 0.9571917653083801
111 18.1097 0.2792 car 0.9526356756687164
112 18.9619 0.2466 car 0.891664445400238
113 18.9619 0.2466 car 0.9176313281059265
114 19.1749 0.2629 car 0.9230321645736694
115 19.3880 0.2466 car 0.9414352774620056
116 19.6010 0.2466 car 0.9385302066802979
117 19.8141 0.2792 car 0.939017117023468
118 19.8141 0.2629 car 0.9328565299510956
119 20.2402 0.2466 car 0.9207404851913452
120 20.6663 0.2466 car 0.988286703824997
121 20.6663 0.2466 car 0.9823842942714691
122 20.8794 0.2466 car 0.9659404456615448
123 21.0924 0.2466 car 0.9616281390190125
124 21.3055 0.2466 car 0.9322449564933777
125 21.5185 0.2792 car 0.9176435768604279
126 21.7316 0.2629 car 0.8977772295475006
127 21.9447 0.2629 car 0.8868938982486725
128 22.3708 0.2466 car 0.9743956625461578
129 22.5838 0.2629 car 0.9864597022533417
130 22.7969 0.2629 car 0.9851163029670715
131 23.0099 0.2792 car 0.9746668636798859
132 23.4360 0.2466 car 0.9706435799598694
133 23.6491 0.2792 car 1.0
134 23.6491 0.2956 car 0.9979303777217865
135 23.8621 0.2792 car 1.0
136 24.2883 0.2466 car 0.8219866752624512
137 24.2883 0.2629 car 0.833350658416748
138 24.5013 0.2629 car 0.707464337348938
139 24.2883 0.2792 car 0.637110561132431
140 24.9274 0.2629 car 0.421122208237648
140 24.2883 0.3121 car 0.384731188416481
141 25.1405 0.2629 car 0.32252177596092224
147 24.2883 0.4479 car 0.3365958482027054
148 24.0752 0.4831 car 0.40326277911663055
149 24.2883 0.4654 car 0.43336230516433716
150 24.5013 0.4831 car 0.4818792939186096
151 24.2883 0.4479 car 0.48923245072364807
152 24.2883 0.4132 car 0.7668340504169464
153 24.2883 0.3961 car 0.7959325909614563
154 24.2883 0.4132 car 0.8447526097297668
155 24.0752 0.4132 car 0.8539472818374634
156 24.2883 0.4132 car 0.8170543611049652
157 24.0752 0.4132 car 0.792974054813385
158 24.0752 0.3961 car 0.7426711022853851
159 24.0752 0.4132 car 0.7029375731945038
160 24.0752 0.3791 car 0.6551268398761749
161 24.2883 0.3622 car 0.6798098683357239
162 24.0752 0.3791 car 0.7131903767585754
163 24.2883 0.3622 car 0.7492001354694366
164 24.2883 0.3622 car 0.7668143808841705
165 24.2883 0.3622 car 0.7861915528774261
166 24.0752 0.3791 car 0.7847634255886078
167 24.2883 0.3622 car 0.7816433310508728
168 24.0752 0.3791 car 0.7955780029296875
169 24.2883 0.3791 car 0.8307830393314362
170 24.2883 0.3791 car 0.8500146567821503
171 24.2883 0.3622 car 0.8506625890731812
172 24.5013 0.3791 car 0.8147213757038116
173 24.5013 0.3791 car 0.8078628182411194
174 24.5013 0.4132 car 0.7365472316741943
175 24.2883 0.3622 car 0.698210746049881
176 24.5013 0.3454 car 0.576630249619484
177 24.5013 0.3791 car 0.6023699939250946
178 24.5013 0.4132 car 0.6009992957115173
179 24.5013 0.3961 car 0.6111467182636261
180 24.7144 0.4132 car 0.5928826332092285
181 24.5013 0.3791 car 0.5879535973072052
182 24.5013 0.4132 car 0.5369128584861755
183 24.2883 0.3622 car 0.4997834265232086
184 24.5013 0.4132 car 0.3036682903766632
185 24.2883 0.3622 car 0.3086317479610443
585 24.9274 -0.0394 car 0.3316996395587921
586 24.7144 -0.0709 car 0.4664519131183624
587 24.2883 -0.0709 car 0.5476506799459457
588 24.0752 -0.0709 car 0.6312650740146637
588 24.0752 0.3791 car 0.301839642226696
589 23.8621 -0.0867 car 0.6474220156669617
590 23.6491 -0.0709 car 0.6942296028137207
591 23.6491 -0.0709 car 0.6744396984577179
592 23.2230 -0.0709 car 0.7845521867275238
592 23.2230 0.3791 car 0.3599274158477783
593 23.2230 -0.0867 car 0.8183794021606445
593 23.2230 0.4305 car 0.37597502768039703
594 23.0099 -0.0867 car 0.8450534045696259
594 23.0099 0.4132 car 0.3917969912290573
595 22.7969 -0.0867 car 0.8493947684764862
595 22.5838 0.4479 car 0.40470854938030243
596 22.5838 -0.0867 car 0.8128035664558411
596 22.1577 0.4132 car 0.41791439056396484
597 22.1577 -0.0867 car 0.7857601642608643
597 21.9447 0.3961 car 0.4142124354839325
598 21.9447 -0.0709 car 0.778123140335083
598 21.7316 0.4132 car 0.41744641959667206
599 21.9447 -0.1025 car 0.732164204120636
599 21.5185 0.4305 car 0.40513600409030914
600 21.5185 -0.1025 car 0.6443465352058411
600 21.0924 0.4132 car 0.45273926854133606
601 21.5185 -0.0867 car 0.6572665870189667
601 21.0924 0.3961 car 0.463179275393486
602 21.0924 -0.0867 car 0.6576709747314453
602 20.8794 0.4132 car 0.44329722225666046
603 20.8794 -0.1184 car 0.6669872999191284
603 20.6663 0.4132 car 0.4298214763402939
604 20.6663 -0.1184 car 0.618402361869812
604 20.4533 0.4132 car 0.37767842411994934
605 20.2402 -0.1343 car 0.5960524678230286
605 20.2402 0.3961 car 0.34382593631744385
606 20.2402 -0.1343 car 0.5610618144273758
606 20.0272 0.3961 car 0.3075231611728668
607 19.8141 -0.1025 car 0.5287297070026398
608 19.3880 -0.1025 car 0.41561150550842285
609 19.3880 -0.1343 car 0.4327164441347122
609 2.9828 -0.1184 pedestrian 0.3472364619374275
610 19.1749 -0.1502 car 0.40622660517692566
610 3.1958 -0.1343 pedestrian 0.400390625
611 2.9828 -0.1025 pedestrian 0.39978665113449097
611 19.1749 -0.1184 car 0.3932297080755234
612 3.1958 -0.1025 pedestrian 0.43105635046958923
612 18.9619 -0.1661 car 0.33330439031124115
613 3.1958 -0.1025 pedestrian 0.42349618673324585
613 18.7488 -0.1502 car 0.3112417161464691
614 3.1958 -0.0867 pedestrian 0.4041130542755127
615 3.1958 -0.0867 pedestrian 0.37447652220726013
616 17.8966 -0.0867 car 0.49062106013298035
617 17.8966 -0.1343 car 0.5409372746944427
618 17.4705 -0.1025 car 0.6094788759946823
619 17.2574 -0.1025 car 0.6315495818853378
620 17.0444 -0.1502 car 0.6778659820556641
620 16.6183 0.3454 car 0.3205486088991165
620 3.8350 0.3287 cyclist 0.31631144881248474
621 16.8313 -0.1343 car 0.7066259980201721
621 3.6219 0.3287 cyclist 0.3351426050066948
621 16.6183 0.3791 car 0.3326347917318344
622 16.4052 -0.1184 car 0.7292135953903198
622 3.8350 0.3287 cyclist 0.37993692606687546
622 16.6183 0.3791 car 0.3377181738615036
622 4.0480 0.3454 car 0.30541013926267624
623 16.4052 -0.1343 car 0.718576580286026
623 3.8350 0.3791 cyclist 0.3807777389883995
623 16.1922 0.3961 car 0.3251921385526657
624 15.9791 -0.1343 car 0.7807627618312836
624 4.0480 0.4132 cyclist 0.4329257681965828
624 4.2611 0.3622 car 0.36077257990837097
624 3.8350 0.4479 car 0.33761368691921234
625 15.9791 -0.1343 car 0.8140312433242798
625 4.2611 0.4305 cyclist 0.4520939737558365
625 4.0480 0.3791 car 0.37565888464450836
626 15.5530 -0.1502 car 0.8474116921424866
626 4.0480 0.4305 cyclist 0.4321870803833008
626 4.2611 0.4305 car 0.3826591819524765
626 4.2611 0.5010 car 0.34683091938495636
627 15.5530 -0.1502 car 0.8494386374950409
627 4.4742 0.4654 cyclist 0.4219793826341629
627 4.4742 0.3961 car 0.3617608994245529
627 4.6872 0.4479 car 0.34584878385066986
628 15.1269 -0.1343 car 0.8603456020355225
628 4.2611 0.4831 cyclist 0.386464461684227
628 4.2611 0.4305 car 0.36131812632083893
628 4.2611 0.5010 car 0.3475290387868881
629 15.1269 -0.1661 car 0.8545599579811096
629 4.4742 0.4654 cyclist 0.3786679208278656
629 5.1133 0.4132 car 0.3381888419389725
629 4.2611 0.4132 car 0.318335622549057
630 14.9138 -0.1661 car 0.8596562147140503
630 5.1133 0.5010 car 0.33839845657348633
630 4.9003 0.5557 car 0.33006560802459717
630 4.6872 0.5373 cyclist 0.3148011416196823
631 14.7008 -0.1661 car 0.8287588059902191
631 5.1133 0.4831 car 0.32971295714378357
631 4.6872 0.5010 car 0.3253634124994278
631 4.4742 0.5373 cyclist 0.3028995394706726
632 14.2747 -0.1981 car 0.8991078734397888
632 5.3264 0.6124 car 0.31808577477931976
633 14.4877 -0.1661 car 0.9501941800117493
633 5.5394 0.6714 car 0.32934214174747467
634 14.2747 -0.1981 car 0.9614154100418091
634 5.5394 0.6514 car 0.3259302228689194
635 14.0616 -0.1981 car 0.9848025739192963
635 5.5394 0.6714 car 0.3258182108402252
636 13.8486 -0.1981 car 0.9483075141906738
637 13.6355 -0.1981 car 0.9299006462097168
638 13.4225 -0.1981 car 0.8905679881572723
639 13.2094 -0.1981 car 0.8476877510547638
640 12.9963 -0.1981 car 0.9997618496417999
640 12.7833 0.7333 car 0.376212015748024
640 12.5702 0.4831 car 0.33531150221824646
641 12.7833 -0.2304 car 1.0
641 12.7833 0.7547 car 0.40004515647888184
641 12.5702 0.5191 car 0.35698147118091583
642 12.5702 -0.2142 car 1.0
642 12.5702 0.7547 car 0.4462747871875763
643 12.7833 -0.2304 car 1.0
643 12.3572 0.7547 car 0.4877435564994812
643 12.3572 0.5932 car 0.4179093837738037
644 12.1441 -0.2629 car 1.0
644 12.1441 0.7765 car 0.48150356113910675
645 12.1441 -0.2304 car 1.0
645 11.9311 0.7333 car 0.4811400771141052
646 12.1441 -0.2629 car 0.9656352400779724
646 11.7180 0.7547 car 0.4643946439027786
647 11.9311 -0.2304 car 0.9360714852809906
647 11.7180 0.7547 car 0.45368753373622894
648 11.7180 -0.2629 car 0.8783481419086456
648 11.7180 0.7333 car 0.32288485765457153
648 11.2919 0.3791 car 0.31355592608451843
649 11.5050 -0.2792 car 0.8936980068683624
649 11.5050 0.7547 car 0.312359020113945
649 10.8658 0.3791 car 0.307507187128067
650 11.5050 -0.2629 car 0.8964992463588715
651 11.2919 -0.2792 car 0.8770331144332886
652 11.2919 -0.2629 car 0.8472179174423218
653 11.0789 -0.2792 car 0.8125030696392059
654 10.8658 -0.2792 car 0.7824468612670898
655 10.8658 -0.2629 car 0.7367631196975708
655 10.4397 -0.2956 car 0.7268467247486115
656 10.4397 -0.3791 car 0.8105479776859283
657 10.2266 -0.3961 car 0.8373822569847107
658 10.0136 -0.3791 car 0.8689705729484558
659 10.2266 -0.3622 car 0.8906541466712952
660 9.5875 -0.3961 car 0.8980549573898315
661 9.8005 -0.3961 car 0.8997310996055603
662 9.5875 -0.3961 car 0.9194517135620117
663 9.3744 -0.4132 car 0.8824709355831146
664 8.7352 -0.4654 car 0.9160785675048828
664 8.9483 0.5010 car 0.39205941557884216
665 8.9483 -0.4654 car 0.9560903906822205
665 8.5222 0.5010 car 0.41049569845199585
666 8.7352 -0.4654 car 1.0
666 8.5222 0.5010 car 0.4372652620077133
667 8.7352 -0.4654 car 1.0
667 8.5222 0.5010 car 0.43378761410713196
668 8.7352 -0.4654 car 1.0
668 8.5222 0.4831 car 0.4300909787416458
669 8.5222 -0.5010 car 1.0
669 8.3091 0.4831 car 0.40956732630729675
670 8.3091 -0.4654 car 1.0
670 8.3091 0.4479 car 0.3691173419356346
671 8.3091 -0.4831 car 0.9931889474391937
671 8.0961 0.5010 car 0.3370152413845062
672 8.3091 -0.5373 car 0.8667063415050507
673 8.3091 -0.5373 car 0.8852709829807281
674 8.0961 -0.5373 car 0.8976121842861176
675 8.0961 -0.5557 car 0.9025160372257233
676 7.8830 -0.5373 car 0.9055606126785278
677 7.8830 -0.5932 car 0.8866555392742157
678 7.8830 -0.5557 car 0.8626089096069336
679 7.8830 -0.5744 car 0.8356954753398895
680 7.6700 -0.6317 car 0.7606598436832428
681 7.6700 -0.6514 car 0.7753380239009857
682 7.4569 -0.6916 car 0.7849224209785461
683 7.4569 -0.6514 car 0.7903357446193695
684 7.4569 -0.6916 car 0.7685811221599579
685 7.4569 -0.7123 car 0.7728257775306702
686 7.4569 -0.7333 car 0.7559581398963928
687 7.4569 -0.7333 car 0.7241888344287872
688 7.2439 -0.8217 car 0.5959674268960953
689 7.2439 -0.7765 car 0.6085109710693359
690 7.2439 -0.8217 car 0.6215311884880066
691 7.2439 -0.8217 car 0.6145507395267487
692 7.2439 -0.8217 car 0.6048397719860077
693 7.0308 -0.8451 car 0.5967420637607574
694 7.2439 -0.8217 car 0.5698672086000443
695 7.2439 -0.8939 car 0.5413303971290588
696 7.4569 -0.8217 car 0.30586932599544525
697 7.2439 -0.8217 car 0.30320899188518524
699 7.2439 -0.8939 car 0.30632050335407257
816 3.1958 0.4479 car 0.45335163176059723
817 3.1958 0.3791 car 0.4946456849575043
817 3.6219 0.4132 car 0.4901113510131836
818 3.6219 0.4132 car 0.5715002715587616
819 3.6219 0.4654 car 0.616206705570221
820 4.0480 0.4831 car 0.6581959426403046
821 4.0480 0.4831 car 0.653298944234848
822 4.2611 0.5191 car 0.6408175826072693
823 4.2611 0.5373 car 0.6351439356803894
824 4.9003 0.6317 car 0.4596628099679947
825 4.9003 0.6714 car 0.4792167991399765
826 5.3264 0.6916 car 0.47164539992809296
827 5.5394 0.6916 car 0.47773635387420654
828 5.9655 0.7123 car 0.4790541082620621
829 6.1786 0.7547 car 0.48973216116428375
830 6.1786 0.7547 car 0.5050695091485977
831 6.1786 0.7547 car 0.47315917909145355
0 3.4089 0.3121 pedestrian 0.4739631712436676
0 2.3436 -0.6714 cyclist 0.4037003815174103
1 3.4089 0.3121 pedestrian 0.5557668209075928
1 2.3436 -0.6714 cyclist 0.458911269903183
1 8.0961 -0.3961 pedestrian 0.4169059097766876
2 3.4089 0.3121 pedestrian 0.6168088912963867
2 2.3436 -0.6714 cyclist 0.48383209109306335
2 8.0961 -0.3622 pedestrian 0.4376852810382843
3 3.4089 0.2956 pedestrian 0.6760739088058472
3 2.3436 -0.6714 cyclist 0.4984683394432068
3 8.0961 -0.3622 pedestrian 0.4675406515598297
4 3.4089 0.2956 pedestrian 0.7401577830314636
4 8.0961 -0.4305 pedestrian 0.5318701267242432
4 2.3436 -0.6714 cyclist 0.4761766493320465
5 3.4089 0.2956 pedestrian 0.7755046486854553
5 8.0961 -0.4305 pedestrian 0.6070075035095215
5 2.1305 -0.6916 cyclist 0.4575066566467285
6 3.4089 0.2792 pedestrian 0.7897608280181885
6 8.0961 -0.4305 pedestrian 0.6617234945297241
6 2.1305 -0.7123 cyclist 0.4342065453529358
7 3.4089 0.2792 pedestrian 0.790097713470459
7 8.0961 -0.4305 pedestrian 0.7078233957290649
8 8.0961 -0.4305 pedestrian 0.7835721969604492
8 3.4089 0.2792 pedestrian 0.740295797586441
9 8.0961 -0.4305 pedestrian 0.8086866140365601
9 3.4089 0.2792 pedestrian 0.7793195843696594
10 7.8830 -0.4132 pedestrian 0.8224214315414429
10 3.4089 0.2792 pedestrian 0.804934561252594
11 7.8830 -0.4305 pedestrian 0.8370645046234131
11 3.4089 0.2792 pedestrian 0.8187300264835358
12 7.8830 -0.4305 pedestrian 0.8494089543819427
12 3.4089 0.2629 pedestrian 0.829121321439743
13 7.8830 -0.4305 pedestrian 0.8596929311752319
13 3.4089 0.2629 pedestrian 0.8267646729946136
14 7.8830 -0.4305 pedestrian 0.8680269420146942
14 3.4089 0.2629 pedestrian 0.8071920573711395
15 8.0961 -0.4305 pedestrian 0.8704988956451416
15 3.4089 0.2629 pedestrian 0.7694972157478333
16 8.0961 -0.4305 pedestrian 0.6959730088710785
16 3.4089 0.2629 pedestrian 0.6212065368890762
17 8.0961 -0.4305 pedestrian 0.6977017968893051
17 3.4089 0.2629 pedestrian 0.6231448650360107
18 8.0961 -0.4305 pedestrian 0.6804839670658112
18 3.4089 0.2629 pedestrian 0.6212547421455383
19 8.0961 -0.4305 pedestrian 0.6637400388717651
19 3.4089 0.2629 pedestrian 0.6156162470579147
20 8.0961 -0.4305 pedestrian 0.6525853872299194
20 3.4089 0.2629 pedestrian 0.6189371645450592
21 8.0961 -0.4305 pedestrian 0.6129874140024185
21 3.4089 0.2629 pedestrian 0.5892846882343292
22 8.0961 -0.4305 pedestrian 0.5615253150463104
22 3.4089 0.2629 pedestrian 0.5248250067234039
23 8.0961 -0.4305 pedestrian 0.5125783085823059
23 3.6219 0.2629 pedestrian 0.43124885857105255
24 4.6872 -0.8217 car 0.40267863869667053
24 4.6872 -0.7333 car 0.40023423731327057
25 4.4742 -0.6514 car 0.4342288188636303
26 4.6872 -0.6124 car 0.4523524548858404
27 4.6872 -0.6124 car 0.46789585053920746
28 4.6872 -0.5744 car 0.48354455456137657
29 4.6872 -0.5744 car 0.48672859743237495
30 4.6872 -0.5744 car 0.48214827850461006
31 4.6872 -0.5373 car 0.4739045165479183
32 4.4742 -0.4132 car 0.7713308036327362
32 4.9003 0.1502 car 0.6225838959217072
33 4.4742 -0.4132 car 0.7796763777732849
33 4.9003 0.1502 car 0.6258029341697693
34 4.4742 -0.3791 car 0.7816826701164246
34 4.9003 0.1502 car 0.6261262893676758
35 4.6872 -0.3622 car 0.7832051515579224
35 4.9003 0.1502 car 0.6319943964481354
36 4.6872 -0.3287 car 0.7769688069820404
36 4.9003 0.1502 car 0.6358863562345505
37 4.6872 -0.3287 car 0.7576617300510406
37 5.1133 0.0709 car 0.6313113272190094
38 5.1133 -0.2956 car 0.7280051410198212
38 5.1133 0.0867 car 0.6146004647016525
39 5.1133 -0.2956 car 0.6989611983299255
39 5.1133 0.0867 car 0.5882469564676285
40 5.1133 -0.0551 car 0.8619484305381775
41 5.3264 -0.0236 car 0.8745563626289368
42 5.5394 0.0079 car 0.883547306060791
43 5.7525 0.0709 car 0.8915390074253082
44 5.7525 0.0709 car 0.8987711668014526
45 5.7525 0.0709 car 0.9001242816448212
46 5.9655 0.0709 car 0.897569477558136
47 5.9655 0.0709 car 0.8869270384311676
48 6.1786 0.1025 car 0.9024776518344879
49 6.3916 0.1184 car 0.9111850559711456
50 6.6047 0.1343 car 0.9078750312328339
51 6.8178 0.1502 car 0.9102364480495453
52 6.8178 0.1502 car 0.9123234152793884
53 6.8178 0.1502 car 0.9079196155071259
54 7.0308 0.1821 car 0.904516875743866
55 7.2439 0.1821 car 0.8939767479896545
56 7.2439 0.2304 car 0.8838448524475098
57 7.4569 0.2304 car 0.8950878977775574
58 7.6700 0.2466 car 0.8977597951889038
59 7.8830 0.2629 car 0.9028272032737732
60 8.0961 0.2629 car 0.9028623998165131
61 8.0961 0.2629 car 0.9001301825046539
62 8.3091 0.2629 car 0.8968364596366882
63 8.5222 0.2629 car 0.8891956508159637
64 8.7352 0.2956 car 0.9146155714988708
65 8.9483 0.2956 car 0.9258440434932709
66 9.1614 0.2956 car 0.927655965089798
67 9.1614 0.3287 car 0.9339883327484131
68 9.3744 0.3287 car 0.9334256052970886
69 9.3744 0.3287 car 0.9327122867107391
70 9.5875 0.3287 car 0.9324112236499786
71 9.8005 0.3287 car 0.9267178773880005
72 10.2266 0.3287 car 0.9389009177684784
73 10.4397 0.3287 car 0.9448899030685425
74 10.6527 0.3287 car 0.9395763874053955
75 10.6527 0.3287 car 0.935873419046402
76 10.8658 0.3287 car 0.9216575622558594
77 11.0789 0.3287 car 0.9064339697360992
78 11.0789 0.3454 car 0.8819545805454254
79 11.2919 0.3287 car 0.8419018387794495
80 11.7180 0.3121 car 0.7994649112224579
81 12.1441 0.3121 car 0.7770569026470184
82 12.3572 0.2956 car 0.7734891176223755
83 12.7833 0.2956 car 0.8146054744720459
84 12.7833 0.2956 car 0.8451498448848724
85 12.9963 0.3121 car 0.8747004568576813
86 13.2094 0.3121 car 0.8935177624225616
87 13.2094 0.3121 car 0.8946296274662018
88 13.6355 0.2956 car 0.8956525027751923
89 13.6355 0.2956 car 0.9028753340244293
90 13.8486 0.2956 car 0.9009673297405243
91 14.0616 0.2956 car 0.9015545845031738
92 14.2747 0.2956 car 0.8946933746337891
93 14.4877 0.2956 car 0.8855316042900085
94 14.4877 0.2956 car 0.8736054301261902
95 14.7008 0.2956 car 0.8528334200382233
96 15.3400 0.2792 car 0.8603897094726562
97 15.3400 0.2792 car 0.8682166635990143
98 15.7661 0.2956 car 0.8715430498123169
99 15.9791 0.2956 car 0.8875007629394531
100 15.9791 0.2956 car 0.8996151089668274
101 16.1922 0.2956 car 0.9112843573093414
102 16.4052 0.2792 car 0.9147166311740875
103 16.4052 0.2792 car 0.9080451726913452
104 16.8313 0.2629 car 0.8927543759346008
105 17.0444 0.2792 car 0.89381343126297
106 17.2574 0.2792 car 0.8822230696678162
107 17.4705 0.2792 car 0.8786704838275909
108 17.6836 0.2792 car 0.875023603439331
109 17.8966 0.2792 car 0.876708984375
110 17.8966 0.2792 car 0.8780438303947449
111 18.1097 0.2792 car 0.8706625401973724
112 18.5358 0.2466 car 0.878754049539566
113 18.7488 0.2629 car 0.8768288493156433
114 18.9619 0.2629 car 0.8571984469890594
115 19.1749 0.2629 car 0.8533528745174408
116 19.3880 0.2629 car 0.8489942848682404
117 19.6010 0.2629 car 0.8489510715007782
118 19.6010 0.2629 car 0.8480091392993927
119 20.0272 0.2629 car 0.835600882768631
120 20.4533 0.2629 car 0.8318296372890472
121 20.4533 0.2629 car 0.8244009613990784
122 20.8794 0.2629 car 0.8172538578510284
123 21.0924 0.2629 car 0.8312051892280579
124 21.3055 0.2629 car 0.84846031665802
125 21.5185 0.2466 car 0.860039472579956
126 21.7316 0.2629 car 0.8667298257350922
127 21.7316 0.2629 car 0.8568206131458282
128 22.3708 0.2466 car 0.8433055877685547
129 22.5838 0.2629 car 0.8369361162185669
130 22.7969 0.2466 car 0.826490581035614
131 23.0099 0.2629 car 0.8350978493690491
132 23.2230 0.2629 car 0.8417150974273682
133 23.4360 0.2629 car 0.8507328033447266
134 23.6491 0.2629 car 0.8566219210624695
135 23.8621 0.2629 car 0.8563564121723175
136 24.2883 0.2629 car 0.8118218183517456
137 24.2883 0.2629 car 0.7882610559463501
138 24.5013 0.2629 car 0.7320139110088348
139 24.7144 0.2629 car 0.6617906391620636
140 24.7144 0.2629 car 0.5843022763729095
141 24.9274 0.2629 car 0.49433934688568115
142 25.1405 0.2629 car 0.4207257479429245
154 24.0752 0.4132 car 0.4193068891763687
155 24.0752 0.4132 car 0.4635613262653351
156 24.0752 0.4132 car 0.5043152421712875
157 24.0752 0.4132 car 0.5355539917945862
158 24.0752 0.4132 car 0.5435776859521866
159 24.0752 0.4132 car 0.5347395539283752
160 24.0752 0.3791 car 0.4296312853693962
161 24.0752 0.3791 car 0.4599305987358093
162 24.0752 0.3791 car 0.4865273982286453
163 24.0752 0.3622 car 0.5158336907625198
164 24.0752 0.3622 car 0.5361771583557129
165 24.0752 0.3622 car 0.5632905662059784
166 24.0752 0.3622 car 0.5831382721662521
167 24.0752 0.3622 car 0.5862447917461395
168 24.0752 0.3622 car 0.6496345102787018
169 24.0752 0.3622 car 0.6742732226848602
170 24.0752 0.3454 car 0.6770714223384857
171 24.0752 0.3454 car 0.6755951344966888
172 24.2883 0.3454 car 0.6789700984954834
173 24.2883 0.3454 car 0.6741746664047241
174 24.2883 0.3454 car 0.6515963673591614
175 24.2883 0.3454 car 0.6222648918628693
176 24.2883 0.3622 car 0.6244664490222931
177 24.2883 0.3622 car 0.6360379755496979
178 24.2883 0.3622 car 0.6458285748958588
179 24.2883 0.3622 car 0.6551759541034698
180 24.2883 0.3622 car 0.6536496579647064
181 24.2883 0.3622 car 0.634407252073288
182 24.2883 0.3961 car 0.6026856303215027
183 24.2883 0.3961 car 0.5482187718153
585 24.7144 -0.0394 car 0.4119991511106491
586 24.7144 -0.0394 car 0.5102815181016922
587 24.2883 -0.0394 car 0.5935811102390289
588 24.0752 -0.0551 car 0.6500496566295624
589 24.0752 -0.0551 car 0.679535299539566
590 23.8621 -0.0709 car 0.6914801299571991
591 23.6491 -0.0551 car 0.6731131076812744
592 23.4360 -0.0709 car 0.7881693542003632
593 23.2230 -0.0867 car 0.8028609156608582
594 23.0099 -0.0709 car 0.8047952055931091
595 22.5838 -0.0867 car 0.8156575262546539
596 22.3708 -0.0867 car 0.8102949857711792
597 22.1577 -0.1025 car 0.7989104092121124
598 21.9447 -0.1025 car 0.7923445105552673
599 21.7316 -0.1025 car 0.7755544483661652
600 21.5185 -0.0867 car 0.8138441443443298
601 21.3055 -0.0867 car 0.8269497752189636
602 21.0924 -0.0867 car 0.8280566036701202
602 2.7697 -0.6916 pedestrian 0.44634875655174255
603 20.6663 -0.0867 car 0.8273689150810242
603 2.7697 -0.6916 pedestrian 0.48487257957458496
604 20.4533 -0.0867 car 0.8118815124034882
604 2.7697 -0.6916 pedestrian 0.47953207790851593
605 20.2402 -0.0867 car 0.7822512984275818
605 2.7697 -0.6514 pedestrian 0.4424489289522171
606 20.0272 -0.1025 car 0.7557958364486694
607 20.0272 -0.1025 car 0.7199737429618835
608 19.6010 -0.1025 car 0.7492024004459381
609 19.6010 -0.1025 car 0.7470283508300781
610 19.3880 -0.1025 car 0.7178265750408173
610 2.9828 -0.1981 pedestrian 0.4237969368696213
611 19.1749 -0.1025 car 0.6594041883945465
611 2.9828 -0.1661 pedestrian 0.4721808582544327
612 19.1749 -0.1025 car 0.603156253695488
612 2.9828 -0.1661 pedestrian 0.5029774457216263
613 18.9619 -0.1025 car 0.5236875414848328
613 2.9828 -0.1343 pedestrian 0.49340686202049255
614 2.9828 -0.1025 pedestrian 0.4429520517587662
614 18.7488 -0.1025 car 0.4406386688351631
616 18.1097 -0.1343 car 0.6026742160320282
617 17.8966 -0.1343 car 0.6565700173377991
618 17.4705 -0.1343 car 0.7210953533649445
619 17.2574 -0.1184 car 0.777858316898346
620 17.2574 -0.1184 car 0.795678049325943
621 17.0444 -0.1184 car 0.7930364012718201
622 16.8313 -0.1502 car 0.7808633148670197
623 16.4052 -0.1502 car 0.7442949712276459
624 16.4052 -0.1184 car 0.7077309191226959
624 4.4742 0.5010 cyclist 0.48855966329574585
625 16.1922 -0.1343 car 0.7026132345199585
625 4.4742 0.5010 cyclist 0.5521147698163986
626 15.9791 -0.1343 car 0.7003591060638428
626 4.6872 0.5191 cyclist 0.6183712184429169
627 15.7661 -0.1502 car 0.7074806094169617
627 4.6872 0.5191 cyclist 0.6700275540351868
628 4.9003 0.5557 cyclist 0.707491397857666
628 15.5530 -0.1502 car 0.7006998956203461
629 4.9003 0.5557 cyclist 0.7282180190086365
629 15.3400 -0.1502 car 0.6901071667671204
630 4.9003 0.5557 cyclist 0.7139559388160706
630 15.1269 -0.1502 car 0.6716448664665222
631 5.1133 0.5744 cyclist 0.6839595437049866
631 14.9138 -0.1661 car 0.62130406498909
632 14.7008 -0.1502 car 0.6421201229095459
632 5.3264 0.6514 cyclist 0.5856825113296509
633 14.7008 -0.1502 car 0.6173565089702606
633 5.3264 0.6514 cyclist 0.6055747121572495
634 5.3264 0.6514 cyclist 0.6144624799489975
634 14.4877 -0.1661 car 0.5792761147022247
635 5.5394 0.6514 cyclist 0.6246436089277267
635 14.2747 -0.1821 car 0.5588276237249374
636 5.5394 0.6514 cyclist 0.5943606644868851
636 13.8486 -0.1821 car 0.5472789481282234
637 5.7525 0.6317 cyclist 0.5492879003286362
637 13.8486 -0.1821 car 0.5335069820284843
638 13.4225 -0.2142 car 0.5109545290470123
638 5.7525 0.6317 cyclist 0.48455842584371567
639 13.2094 -0.2142 car 0.49188727140426636
640 12.9963 -0.2142 car 0.8010993301868439
641 12.7833 -0.2142 car 0.8096287250518799
642 12.5702 -0.2142 car 0.8227075040340424
643 12.3572 -0.2142 car 0.8373892903327942
644 12.3572 -0.2304 car 0.8358518183231354
645 12.1441 -0.2304 car 0.8295035064220428
646 11.9311 -0.2466 car 0.8221970498561859
647 11.9311 -0.2466 car 0.804619163274765
648 11.5050 -0.2466 car 0.8703991770744324
649 11.2919 -0.2466 car 0.8776389360427856
650 11.2919 -0.2466 car 0.8766448199748993
651 11.2919 -0.2629 car 0.8725400269031525
652 11.0789 -0.2629 car 0.8613263070583344
653 11.0789 -0.2629 car 0.8415665924549103
654 10.8658 -0.2792 car 0.8249256908893585
655 10.8658 -0.2792 car 0.8026883006095886
656 10.2266 -0.3454 car 0.7794249355792999
657 10.2266 -0.3454 car 0.7960986196994781
658 10.0136 -0.3454 car 0.8044171035289764
659 9.8005 -0.3622 car 0.8136315643787384
660 9.8005 -0.3622 car 0.815879762172699
661 9.5875 -0.3622 car 0.8066074252128601
662 9.5875 -0.3791 car 0.8002224266529083
663 9.3744 -0.3791 car 0.789148360490799
664 8.9483 -0.4479 car 0.8264347016811371
665 8.7352 -0.4479 car 0.8414191901683807
666 8.7352 -0.4479 car 0.8508268594741821
667 8.7352 -0.4654 car 0.8575476706027985
668 8.5222 -0.4831 car 0.8565174639225006
669 8.5222 -0.4831 car 0.8520825803279877
670 8.5222 -0.4831 car 0.8441914319992065
671 8.3091 -0.4831 car 0.8324224948883057
672 7.8830 -0.5744 car 0.82166388630867
673 7.8830 -0.5744 car 0.8365254998207092
674 7.8830 -0.5744 car 0.8417668342590332
675 7.6700 -0.6124 car 0.848655641078949
676 7.6700 -0.6124 car 0.8555600047111511
677 7.6700 -0.6124 car 0.8548541963100433
678 7.4569 -0.6317 car 0.8532882034778595
679 7.4569 -0.6317 car 0.8498931527137756
680 7.2439 -0.7333 car 0.8254396021366119
681 7.2439 -0.7333 car 0.8351330757141113
682 7.2439 -0.7333 car 0.8355211913585663
683 7.2439 -0.7333 car 0.836461067199707
684 7.2439 -0.7333 car 0.8391342461109161
685 7.2439 -0.7333 car 0.8323605954647064
686 7.0308 -0.7547 car 0.8258448541164398
687 7.0308 -0.7765 car 0.8165879845619202
688 7.2439 -0.8691 car 0.7845312654972076
689 7.2439 -0.8939 car 0.798022598028183
690 7.2439 -0.8939 car 0.8010634481906891
691 7.2439 -0.8939 car 0.8017995059490204
692 7.2439 -0.8939 car 0.8061835169792175
693 7.2439 -0.8939 car 0.8046243488788605
694 7.2439 -0.8939 car 0.7983093559741974
695 7.2439 -0.8939 car 0.7865447402000427
696 7.2439 -0.9195 car 0.5462841689586639
697 7.2439 -0.9195 car 0.5384092181921005
698 7.2439 -0.9195 car 0.520923063158989
699 7.2439 -0.9195 car 0.4936100244522095
700 7.2439 -0.9195 car 0.4666723757982254
701 7.2439 -0.9195 car 0.4400860592722893
702 7.2439 -1.0319 car 0.4111674129962921
808 2.3436 -0.5373 pedestrian 0.42943984270095825
809 2.3436 -0.5373 pedestrian 0.46276673674583435
810 2.3436 -0.5010 pedestrian 0.4857241064310074
811 2.3436 -0.5010 pedestrian 0.4900533854961395
812 2.3436 -0.4654 pedestrian 0.47321632504463196
813 2.5567 -0.4654 pedestrian 0.4185503423213959
0 3.4089 0.3121 pedestrian 0.6995732188224792
1 3.4089 0.3121 pedestrian 0.7604640126228333
2 3.4089 0.3121 pedestrian 0.8124130964279175
3 3.4089 0.3121 pedestrian 0.8479166626930237
3 7.8830 -0.3287 pedestrian 0.4110484719276428
4 3.4089 0.3121 pedestrian 0.878703773021698
4 7.8830 -0.3454 pedestrian 0.4840717017650604
5 3.4089 0.2956 pedestrian 0.8975281715393066
5 7.8830 -0.3454 pedestrian 0.6053520441055298
6 3.4089 0.2956 pedestrian 0.9060859680175781
6 7.8830 -0.3622 pedestrian 0.6752589344978333
7 3.4089 0.2956 pedestrian 0.9121925234794617
7 7.8830 -0.3622 pedestrian 0.7256534099578857
8 3.4089 0.2792 pedestrian 0.8776432275772095
8 7.8830 -0.3791 pedestrian 0.8191224932670593
9 3.4089 0.2792 pedestrian 0.8961581289768219
9 7.8830 -0.3791 pedestrian 0.8537593185901642
10 3.4089 0.2792 pedestrian 0.9114214181900024
10 7.8830 -0.3791 pedestrian 0.8769374191761017
11 3.4089 0.2792 pedestrian 0.9217681884765625
11 7.8830 -0.3791 pedestrian 0.8904808461666107
12 3.4089 0.2792 pedestrian 0.9282239377498627
12 7.8830 -0.3961 pedestrian 0.902175635099411
13 3.4089 0.2792 pedestrian 0.9305085241794586
13 7.8830 -0.3961 pedestrian 0.9105079174041748
14 3.4089 0.2792 pedestrian 0.9278439879417419
14 7.8830 -0.3961 pedestrian 0.9111002385616302
15 3.4089 0.2792 pedestrian 0.9208073616027832
15 7.8830 -0.3961 pedestrian 0.9040370881557465
16 3.4089 0.2792 pedestrian 0.855612576007843
16 8.0961 -0.4305 pedestrian 0.7354402840137482
17 3.4089 0.2792 pedestrian 0.8728013932704926
17 8.0961 -0.4305 pedestrian 0.7487245798110962
18 3.4089 0.2792 pedestrian 0.8884029686450958
18 8.0961 -0.4479 pedestrian 0.7548690736293793
19 3.4089 0.2792 pedestrian 0.8980697393417358
19 8.0961 -0.4479 pedestrian 0.7553470134735107
19 4.9003 0.1025 car 0.43448182940483093
20 3.4089 0.2792 pedestrian 0.9030998051166534
20 8.0961 -0.4479 pedestrian 0.7599454820156097
20 4.9003 0.1025 car 0.4884176254272461
20 4.0480 0.1025 car 0.4545329660177231
21 3.4089 0.2792 pedestrian 0.8888019025325775
21 8.0961 -0.4479 pedestrian 0.7378641366958618
21 4.9003 0.1025 car 0.5216992199420929
21 4.0480 0.1025 car 0.5091275572776794
22 3.4089 0.2792 pedestrian 0.8574084043502808
22 8.0961 -0.4479 pedestrian 0.6858215928077698
22 4.0480 0.1025 car 0.5505433678627014
22 4.9003 0.1025 car 0.5347254276275635
23 3.4089 0.2792 pedestrian 0.7964892685413361
23 8.0961 -0.4654 pedestrian 0.6107912957668304
23 4.0480 0.1025 car 0.553900808095932
23 4.9003 0.1025 car 0.5152975022792816
23 4.9003 -0.0236 car 0.417464479804039
24 4.0480 0.1025 car 0.656960129737854
24 4.9003 0.0236 car 0.5154129415750504
25 4.0480 0.1184 car 0.6562469303607941
25 4.4742 -0.0394 car 0.5421991646289825
26 3.6219 0.1025 car 0.6459702849388123
26 4.4742 -0.0394 car 0.5500031113624573
26 4.6872 -0.5932 car 0.4088252242654562
27 3.8350 0.1025 car 0.627293050289154
27 4.4742 -0.1502 car 0.5252518653869629
27 4.6872 -0.5932 car 0.4811290130019188
27 4.6872 -0.6916 car 0.43266336619853973
28 3.8350 0.1025 car 0.617427796125412
28 4.6872 -0.5932 car 0.5285642445087433
28 4.4742 -0.1502 car 0.5272270888090134
28 4.6872 -0.6916 car 0.47272730618715286
29 4.0480 0.1025 car 0.5973148047924042
29 4.6872 -0.5932 car 0.5687756985425949
29 4.6872 -0.1821 car 0.5258338749408722
30 4.4742 -0.5932 car 0.6020836383104324
30 3.8350 0.1025 car 0.5660046339035034
30 4.6872 -0.1821 car 0.5181471705436707
30 4.9003 -0.0551 car 0.49784888327121735
31 4.4742 -0.5932 car 0.6158099919557571
31 4.6872 -0.3121 car 0.5134534761309624
31 3.8350 0.1025 car 0.5092351287603378
31 4.9003 -0.0551 car 0.47299958020448685
32 4.6872 -0.3121 car 0.834943026304245
32 4.4742 -0.4479 car 0.8310158252716064
32 4.9003 0.0709 car 0.6863967180252075
33 4.6872 -0.1821 car 0.881266862154007
33 4.6872 -0.3121 car 0.8676124215126038
34 4.9003 -0.1821 car 0.9056123793125153
34 4.6872 -0.2956 car 0.8858774900436401
35 4.9003 -0.0551 car 0.9244523644447327
35 4.6872 -0.2956 car 0.8914613723754883
35 4.4742 -0.5373 car 0.7456265389919281
36 4.9003 -0.0551 car 0.9206341505050659
36 4.6872 -0.2629 car 0.883990466594696
37 4.9003 -0.0551 car 0.9091868698596954
37 4.6872 -0.2629 car 0.8668604791164398
38 4.9003 -0.0551 car 0.8896651268005371
38 4.6872 -0.2629 car 0.8351556658744812
39 4.9003 -0.0551 car 0.8457614183425903
39 4.9003 -0.2629 car 0.7780140340328217
40 5.9655 0.0867 car 0.8362326323986053
41 5.9655 0.0867 car 0.8620420694351196
42 6.1786 0.1184 car 0.8792593479156494
43 6.3916 0.1661 car 0.8969155848026276
44 6.3916 0.1661 car 0.9069972932338715
45 6.3916 0.1661 car 0.9108047187328339
46 6.3916 0.1661 car 0.9095852673053741
47 6.3916 0.1661 car 0.8963766992092133
48 6.3916 0.1502 car 0.8995881378650665
49 6.6047 0.1661 car 0.9095458090305328
50 6.6047 0.1661 car 0.9072860777378082
51 6.8178 0.1661 car 0.9032020568847656
52 7.0308 0.1821 car 0.8907332718372345
53 7.2439 0.1981 car 0.8826026916503906
54 7.2439 0.1981 car 0.8698174953460693
55 7.4569 0.2142 car 0.84244105219841
56 7.8830 0.2466 car 0.8516699075698853
57 7.8830 0.2466 car 0.8835911452770233
58 8.0961 0.2629 car 0.9049403369426727
59 8.0961 0.2629 car 0.9146115779876709
60 8.3091 0.2629 car 0.9158670902252197
61 8.5222 0.2629 car 0.9178144633769989
62 8.5222 0.2956 car 0.9136832058429718
63 8.7352 0.2956 car 0.8968900144100189
64 8.9483 0.3121 car 0.9143093526363373
65 9.1614 0.3287 car 0.9245607256889343
66 9.1614 0.3287 car 0.929825633764267
67 9.3744 0.3287 car 0.9396249949932098
68 9.5875 0.3287 car 0.93925541639328
69 9.8005 0.3287 car 0.9425576627254486
70 9.8005 0.3287 car 0.9468084275722504
71 9.8005 0.3287 car 0.9364673495292664
72 10.2266 0.3121 car 0.9201861023902893
73 10.4397 0.3121 car 0.9282780885696411
74 10.6527 0.3121 car 0.9357453286647797
75 10.8658 0.3121 car 0.9396835267543793
76 11.0789 0.3287 car 0.9417701065540314
77 11.2919 0.3121 car 0.9411198794841766
78 11.2919 0.3121 car 0.939664363861084
79 11.5050 0.3287 car 0.9288625419139862
80 11.9311 0.2792 car 0.8733106851577759
81 12.1441 0.2792 car 0.8631499409675598
82 12.5702 0.2792 car 0.8599569499492645
83 12.7833 0.2792 car 0.8681201040744781
84 12.9963 0.2792 car 0.8789098858833313
85 13.2094 0.2792 car 0.892187237739563
86 13.4225 0.2792 car 0.9035733938217163
87 13.6355 0.2792 car 0.9021776616573334
88 13.8486 0.2792 car 0.8744468688964844
89 14.0616 0.2792 car 0.8998831510543823
90 14.2747 0.2792 car 0.9178012609481812
91 14.4877 0.2792 car 0.9357930421829224
92 14.4877 0.2792 car 0.9401889741420746
93 14.7008 0.2792 car 0.9386652708053589
94 14.9138 0.2792 car 0.9321768879890442
95 15.1269 0.2792 car 0.9126752316951752
96 15.3400 0.2629 car 0.8919759094715118
97 15.5530 0.2629 car 0.899893581867218
98 15.7661 0.2792 car 0.9093770682811737
99 15.9791 0.2629 car 0.9225751459598541
100 16.1922 0.2792 car 0.9354003369808197
101 16.4052 0.2792 car 0.9438236653804779
102 16.6183 0.2629 car 0.9480221271514893
103 16.6183 0.2629 car 0.9413700699806213
104 17.0444 0.2629 car 0.9107723534107208
105 17.2574 0.2629 car 0.9185231029987335
106 17.4705 0.2629 car 0.9231407642364502
107 17.6836 0.2629 car 0.928851991891861
108 17.8966 0.2629 car 0.9284026920795441
109 18.1097 0.2629 car 0.9278261065483093
110 18.3227 0.2629 car 0.9271077215671539
111 18.3227 0.2629 car 0.9197670817375183
112 18.7488 0.2466 car 0.9149788022041321
113 18.9619 0.2466 car 0.9195338487625122
114 19.1749 0.2466 car 0.9171251654624939
115 19.3880 0.2466 car 0.9152224361896515
116 19.6010 0.2466 car 0.9088247716426849
117 19.8141 0.2466 car 0.9103660881519318
118 20.0272 0.2304 car 0.9114744067192078
119 20.2402 0.2466 car 0.9052120447158813
120 20.6663 0.2466 car 0.8964084386825562
121 20.8794 0.2466 car 0.9036594033241272
122 21.0924 0.2466 car 0.9097558856010437
123 21.3055 0.2466 car 0.9207284152507782
124 21.5185 0.2466 car 0.9266866743564606
125 21.7316 0.2466 car 0.9351050853729248
126 21.9447 0.2466 car 0.9383730888366699
127 22.1577 0.2629 car 0.9311594367027283
128 22.5838 0.2304 car 0.9014126062393188
129 22.7969 0.2304 car 0.9153233468532562
130 23.0099 0.2304 car 0.9239878058433533
131 23.0099 0.2304 car 0.9269468486309052
132 23.2230 0.2304 car 0.9232057631015778
133 23.6491 0.2304 car 0.9250078797340393
134 23.6491 0.2466 car 0.9304452240467072
135 23.8621 0.2304 car 0.9286278486251831
136 24.2883 0.2304 car 0.9321614801883698
137 24.5013 0.2304 car 0.9157579243183136
138 24.7144 0.2466 car 0.8283742368221283
139 24.7144 0.2466 car 0.5716635286808014
152 24.2883 0.4132 car 0.6523998081684113
153 24.2883 0.4132 car 0.6711489260196686
154 24.2883 0.4132 car 0.6853481531143188
155 24.2883 0.4132 car 0.6826590597629547
156 24.2883 0.4132 car 0.6695159077644348
157 24.2883 0.4132 car 0.6521291434764862
158 24.2883 0.4132 car 0.6285935640335083
159 24.0752 0.4132 car 0.5919896811246872
164 24.2883 0.3454 car 0.42722445726394653
165 24.2883 0.3454 car 0.47291265428066254
166 24.2883 0.3454 car 0.512703001499176
167 24.2883 0.3454 car 0.5294172316789627
168 24.2883 0.3454 car 0.5945180654525757
169 24.2883 0.3454 car 0.6321494281291962
170 24.2883 0.3454 car 0.6433009952306747
171 24.2883 0.3454 car 0.6331048607826233
172 24.2883 0.3454 car 0.624536544084549
173 24.2883 0.3454 car 0.6173093020915985
174 24.2883 0.3454 car 0.593334972858429
175 24.2883 0.3454 car 0.5412813127040863
176 24.5013 0.3454 car 0.47095537185668945
177 24.5013 0.3454 car 0.43150845170021057
587 24.7144 -0.1025 car 0.5390728116035461
588 24.2883 -0.1025 car 0.6249416470527649
589 24.0752 -0.1025 car 0.6694592833518982
590 23.8621 -0.1025 car 0.7014541327953339
591 23.6491 -0.1025 car 0.7041436433792114
592 23.4360 -0.1025 car 0.8472934067249298
593 23.2230 -0.0867 car 0.8784796297550201
594 23.0099 -0.1025 car 0.897998720407486
595 22.7969 -0.0867 car 0.8997443616390228
596 22.5838 -0.1025 car 0.8940967321395874
597 22.3708 -0.0867 car 0.8903179466724396
598 22.1577 -0.1025 car 0.8927533328533173
599 21.9447 -0.1025 car 0.8851968348026276
600 21.5185 -0.0867 car 0.8439664244651794
601 21.3055 -0.1025 car 0.8688480257987976
601 2.7697 -0.6714 pedestrian 0.4269534647464752
602 21.0924 -0.1025 car 0.8719741404056549
602 2.7697 -0.6714 pedestrian 0.4946860671043396
603 20.8794 -0.1025 car 0.8682744204998016
603 2.7697 -0.6714 pedestrian 0.5403030514717102
604 20.6663 -0.1025 car 0.8466992378234863
604 2.7697 -0.5557 pedestrian 0.5835069715976715
605 20.4533 -0.1025 car 0.8352792859077454
605 2.7697 -0.5557 pedestrian 0.588478147983551
606 20.2402 -0.1025 car 0.8230388462543488
606 2.7697 -0.5191 pedestrian 0.5497444421052933
607 20.0272 -0.1025 car 0.8142278790473938
607 2.7697 -0.5191 pedestrian 0.4960387647151947
607 2.9828 -0.3961 pedestrian 0.4801675081253052
608 19.6010 -0.1025 car 0.746126264333725
608 2.7697 -0.3121 pedestrian 0.49780263006687164
609 19.6010 -0.1025 car 0.777006059885025
609 2.9828 -0.2792 pedestrian 0.47730109095573425
610 19.3880 -0.1343 car 0.7906001210212708
610 2.9828 -0.2629 pedestrian 0.48793667554855347
611 19.1749 -0.1343 car 0.7711485326290131
611 2.9828 -0.1661 pedestrian 0.5205228626728058
612 19.1749 -0.1343 car 0.7174257040023804
612 2.9828 -0.1343 pedestrian 0.5642487108707428
613 18.9619 -0.1502 car 0.6602697968482971
613 2.9828 -0.1343 pedestrian 0.5531505942344666
614 18.7488 -0.1502 car 0.6017362028360367
614 2.9828 -0.1343 pedestrian 0.4858829379081726
615 18.5358 -0.1661 car 0.5514425337314606
615 2.9828 -0.1025 pedestrian 0.41161222755908966
616 18.3227 -0.1343 car 0.7266755104064941
617 17.8966 -0.1343 car 0.7847054302692413
618 17.6836 -0.1343 car 0.8396464288234711
619 17.4705 -0.1343 car 0.8817775249481201
620 17.2574 -0.1502 car 0.8974892497062683
621 17.0444 -0.1343 car 0.9001886546611786
622 16.8313 -0.1502 car 0.8929114937782288
623 16.6183 -0.1343 car 0.8642098903656006
624 16.4052 -0.1184 car 0.7044357657432556
625 16.1922 -0.1343 car 0.6968366205692291
626 15.9791 -0.1343 car 0.68569016456604
627 15.5530 -0.1502 car 0.7022041082382202
627 15.3400 -0.1502 cyclist 0.4207713417708874
628 15.3400 -0.1661 car 0.7234905362129211
628 15.3400 -0.1661 cyclist 0.44145552441477776
629 15.1269 -0.1661 car 0.7560117244720459
629 4.9003 0.5191 car 0.5030454993247986
629 15.1269 -0.1502 cyclist 0.46638786420226097
630 14.9138 -0.1661 car 0.7847045361995697
630 5.1133 0.5191 car 0.5934002846479416
630 14.9138 -0.1661 cyclist 0.46651944890618324
631 14.7008 -0.1661 car 0.7906477153301239
631 5.1133 0.5557 car 0.637498289346695
631 14.9138 -0.1661 cyclist 0.4583876468241215
632 14.7008 -0.1661 car 0.7855769097805023
632 5.5394 0.6317 car 0.6331764757633209
633 14.4877 -0.1981 car 0.7871323227882385
633 5.5394 0.6317 car 0.6887004673480988
634 14.2747 -0.1981 car 0.771616667509079
634 5.5394 0.6317 car 0.7134466171264648
635 14.0616 -0.1981 car 0.7364373207092285
635 5.7525 0.6317 car 0.7048888206481934
636 13.8486 -0.2142 car 0.7073714733123779
636 5.7525 0.6317 car 0.678284615278244
637 5.9655 0.6514 car 0.658760204911232
637 13.8486 -0.2142 car 0.6562653928995132
638 6.1786 0.6514 car 0.635489821434021
638 13.6355 -0.2304 car 0.6107726246118546
639 6.1786 0.6714 car 0.6268131732940674
639 13.4225 -0.2304 car 0.5754638463258743
640 13.2094 -0.2304 car 0.804216206073761
640 6.6047 0.7988 car 0.7333674132823944
641 12.9963 -0.2466 car 0.8129172027111053
641 6.8178 0.7988 car 0.7139894962310791
642 12.7833 -0.2629 car 0.8296158611774445
642 6.8178 0.7988 car 0.6704303324222565
643 12.7833 -0.2629 car 0.8378162086009979
643 6.8178 0.7988 car 0.5800664126873016
644 12.5702 -0.2792 car 0.8428296148777008
644 7.0308 0.7988 car 0.4775872007012367
645 12.3572 -0.2792 car 0.8431086838245392
645 7.0308 0.7988 car 0.4019582085311413
646 12.1441 -0.2792 car 0.8415687680244446
647 12.1441 -0.2792 car 0.8295766413211823
648 11.9311 -0.2956 car 0.8537445366382599
649 11.9311 -0.2956 car 0.8630978465080261
650 11.9311 -0.3121 car 0.8662899732589722
651 11.9311 -0.3121 car 0.856648325920105
652 11.7180 -0.3121 car 0.8431318998336792
653 11.7180 -0.3121 car 0.8265285491943359
654 11.5050 -0.3121 car 0.8080073595046997
655 11.5050 -0.3121 car 0.7776392996311188
656 10.8658 -0.3622 car 0.7582091689109802
657 10.4397 -0.3791 car 0.7898498773574829
658 10.2266 -0.3791 car 0.831175684928894
659 10.0136 -0.3791 car 0.8544199168682098
660 9.8005 -0.3961 car 0.8596704006195068
661 9.5875 -0.4132 car 0.8590206205844879
662 9.3744 -0.4132 car 0.8620713651180267
663 9.3744 -0.4132 car 0.8541963398456573
664 9.1614 -0.4305 car 0.8814263045787811
665 8.9483 -0.4479 car 0.9037200212478638
666 8.9483 -0.4479 car 0.9125852584838867
667 8.7352 -0.4654 car 0.9099133610725403
668 8.7352 -0.4831 car 0.9060664772987366
669 8.7352 -0.4831 car 0.8989575207233429
670 8.5222 -0.4831 car 0.8876417875289917
671 8.5222 -0.4831 car 0.8687562942504883
672 8.3091 -0.5557 car 0.8152660131454468
673 8.0961 -0.5744 car 0.8302318453788757
674 8.0961 -0.5932 car 0.8364467024803162
675 7.8830 -0.6124 car 0.8482794165611267
676 7.6700 -0.6124 car 0.8581282198429108
677 7.6700 -0.6124 car 0.8692100048065186
678 7.6700 -0.6317 car 0.8692658543586731
679 7.4569 -0.6317 car 0.856485515832901
680 7.4569 -0.6714 car 0.8201874494552612
681 7.4569 -0.6916 car 0.8239983916282654
682 7.4569 -0.6916 car 0.8191595673561096
683 7.2439 -0.7333 car 0.8157629668712616
684 7.2439 -0.7333 car 0.8160314559936523
685 7.2439 -0.7333 car 0.8183058798313141
686 7.2439 -0.7333 car 0.812477707862854
687 7.2439 -0.7333 car 0.7973021864891052
688 7.4569 -0.8217 car 0.7462064623832703
689 7.4569 -0.8217 car 0.7404871881008148
690 7.4569 -0.8217 car 0.7291607856750488
691 7.4569 -0.8217 car 0.7193762958049774
692 7.4569 -0.8217 car 0.7239013016223907
693 7.4569 -0.8217 car 0.7394803464412689
694 7.4569 -0.8217 car 0.7455377280712128
695 7.4569 -0.8451 car 0.7376805543899536
697 7.2439 -0.8217 pedestrian 0.423887524753809
698 7.2439 -0.8217 pedestrian 0.44537320360541344
699 7.2439 -0.8217 pedestrian 0.4533335119485855
700 7.2439 -0.8217 pedestrian 0.4603012055158615
701 7.2439 -0.8217 pedestrian 0.4572219289839268
702 7.2439 -0.8217 pedestrian 0.4580920450389385
703 7.2439 -0.8217 pedestrian 0.46244117617607117
704 7.2439 -0.8451 pedestrian 0.44073713198304176
705 7.2439 -0.8451 pedestrian 0.4293144531548023
706 7.2439 -0.8451 pedestrian 0.42183206230401993
707 7.2439 -0.8451 pedestrian 0.40533947944641113
809 2.5567 -0.4831 pedestrian 0.4022136330604553
810 2.5567 -0.4831 pedestrian 0.41376426815986633
811 2.5567 -0.4654 pedestrian 0.40981481224298477
815 1.9175 0.3454 car 0.41433022916316986
816 1.9175 0.3454 car 0.45245492458343506
817 2.3436 0.2792 car 0.48877108097076416
817 2.7697 0.2792 car 0.47613630443811417
818 2.3436 0.3791 car 0.5281831175088882
818 3.1958 0.2792 car 0.5278298705816269
819 3.4089 0.3791 car 0.581535816192627
819 2.3436 0.3791 car 0.5394701957702637
820 3.6219 0.3791 car 0.6456901729106903
821 3.8350 0.3791 car 0.6685336828231812
822 4.2611 0.4479 car 0.6835276484489441
823 4.2611 0.4479 car 0.6824916005134583
824 4.9003 0.5932 car 0.6963422894477844
825 5.1133 0.6514 car 0.7157123386859894
826 5.3264 0.6714 car 0.7299169301986694
827 5.5394 0.6916 car 0.7178258895874023
828 5.7525 0.7123 car 0.6471401751041412
829 5.9655 0.7123 car 0.5582909882068634
830 6.1786 0.7765 car 0.4444321542978287
0 3.4089 0.2956 pedestrian 0.7053670883178711
0 3.8350 -0.7547 car 0.5192326307296753
1 3.4089 0.2956 pedestrian 0.7548527717590332
1 4.0480 -0.7547 car 0.49887338280677795
2 3.4089 0.2956 pedestrian 0.7746676802635193
2 4.0480 -0.7547 car 0.48047053813934326
3 3.4089 0.2956 pedestrian 0.7962601184844971
3 4.0480 -0.7547 car 0.45998385548591614
4 3.4089 0.2956 pedestrian 0.8162333965301514
4 4.0480 -0.7547 car 0.47060248255729675
5 3.4089 0.2792 pedestrian 0.8360224962234497
5 4.0480 -0.7547 car 0.47185489535331726
6 3.4089 0.2792 pedestrian 0.8552634716033936
6 4.0480 -0.7547 car 0.48754557967185974
7 3.4089 0.2792 pedestrian 0.8751736879348755
7 4.2611 -0.7547 car 0.4993946850299835
8 3.4089 0.2629 pedestrian 0.8073119223117828
8 4.0480 -0.7988 car 0.4571293145418167
9 3.4089 0.2629 pedestrian 0.8415239155292511
9 4.0480 -0.7988 car 0.4472924768924713
10 3.4089 0.2629 pedestrian 0.8590743243694305
10 4.2611 -0.7988 car 0.44871649146080017
11 3.4089 0.2629 pedestrian 0.8721745014190674
11 4.4742 -0.7988 car 0.440133735537529
12 3.4089 0.2629 pedestrian 0.8733984231948853
12 4.4742 -0.7988 car 0.45432905852794647
13 3.4089 0.2629 pedestrian 0.8703623414039612
13 4.4742 -0.7988 car 0.4688495993614197
14 3.4089 0.2629 pedestrian 0.8606487512588501
14 4.4742 -0.7988 car 0.48457904160022736
15 3.4089 0.2629 pedestrian 0.8399909138679504
15 4.4742 -0.7988 car 0.48409369587898254
15 4.6872 -0.0867 cyclist 0.4115701913833618
16 4.2611 -0.7988 car 0.6783772706985474
16 3.4089 0.2629 pedestrian 0.5933920592069626
16 4.4742 0.0551 pedestrian 0.4129613786935806
17 4.4742 -0.7988 car 0.6841528117656708
17 3.4089 0.2629 pedestrian 0.5990236103534698
17 4.6872 0.0551 pedestrian 0.41876333951950073
18 4.4742 -0.7988 car 0.6773606240749359
18 3.4089 0.2629 pedestrian 0.5960928499698639
18 4.6872 0.0551 pedestrian 0.42280566692352295
19 4.4742 -0.7988 car 0.6620925962924957
19 3.4089 0.2629 pedestrian 0.5828417390584946
19 4.6872 0.0551 pedestrian 0.4244088977575302
20 4.4742 -0.7988 car 0.6541590392589569
20 3.6219 0.2629 pedestrian 0.549895390868187
20 4.6872 0.0551 pedestrian 0.41597341001033783
21 4.4742 -0.7988 car 0.6549264490604401
21 3.6219 0.2629 pedestrian 0.5074318200349808
21 4.6872 0.0551 pedestrian 0.4196006506681442
22 4.4742 -0.7988 car 0.6602620780467987
22 3.6219 0.2629 pedestrian 0.43945451080799103
22 4.6872 0.0551 pedestrian 0.4167242646217346
23 4.4742 -0.7988 car 0.6563894748687744
24 4.2611 -0.7547 car 0.8284017741680145
24 4.9003 0.0867 car 0.6584982573986053
25 4.2611 -0.7333 car 0.8263674676418304
25 4.9003 0.1025 car 0.6597954630851746
26 4.2611 -0.7333 car 0.8162204027175903
26 4.9003 0.1025 car 0.6557009816169739
27 4.2611 -0.7123 car 0.8001032173633575
27 4.9003 0.1025 car 0.6519460082054138
28 4.2611 -0.6916 car 0.7858513593673706
28 4.9003 0.1025 car 0.6440417170524597
29 4.2611 -0.6714 car 0.7635414600372314
29 4.9003 0.1025 car 0.6388520300388336
30 4.4742 -0.6514 car 0.7411354184150696
30 4.9003 0.1025 car 0.623099148273468
31 4.6872 -0.6514 car 0.7134023606777191
31 4.9003 0.1025 car 0.608180820941925
32 5.1133 -0.5744 car 0.6650523543357849
32 4.4742 -0.3454 car 0.6602344512939453
32 5.3264 0.1343 car 0.6119609773159027
33 4.6872 -0.2304 car 0.6697821319103241
33 5.1133 -0.5373 car 0.638465017080307
33 5.3264 0.1343 car 0.603821337223053
34 4.6872 -0.2304 car 0.678887277841568
34 5.1133 0.0709 car 0.593965083360672
35 4.6872 -0.2304 car 0.6803111135959625
35 5.1133 0.0709 car 0.588845819234848
36 4.6872 -0.2304 car 0.6829478740692139
36 5.1133 0.0709 car 0.5896512567996979
37 4.9003 -0.1981 car 0.6820203065872192
38 5.1133 -0.1981 car 0.681961715221405
39 5.1133 -0.1343 car 0.6864415109157562
40 5.5394 -0.1025 car 0.8136076331138611
41 5.5394 -0.0709 car 0.8181582093238831
42 5.5394 -0.0394 car 0.8100851476192474
43 5.9655 -0.0394 car 0.8060047626495361
44 5.9655 -0.0079 car 0.812392383813858
45 5.9655 -0.0079 car 0.8205975592136383
46 6.1786 0.0236 car 0.8195582926273346
47 6.3916 0.0236 car 0.8231779634952545
48 6.6047 0.0236 car 0.8530640304088593
49 6.8178 0.0236 car 0.8505372107028961
50 6.8178 0.0551 car 0.8425562977790833
51 6.8178 0.0551 car 0.8217505812644958
52 7.0308 0.0551 car 0.8155050873756409
53 7.2439 0.0867 car 0.812630832195282
54 7.2439 0.1184 car 0.7987065613269806
55 7.6700 0.1184 car 0.7978341281414032
56 7.6700 0.2142 car 0.8432508111000061
57 7.8830 0.2142 car 0.837696373462677
58 8.0961 0.2142 car 0.833518385887146
59 8.0961 0.2142 car 0.8216080367565155
60 8.3091 0.2466 car 0.8296290934085846
61 8.5222 0.2466 car 0.8444804251194
62 8.7352 0.2466 car 0.8484795093536377
63 8.7352 0.2466 car 0.8484935760498047
64 8.9483 0.2792 car 0.9302321970462799
65 9.1614 0.2792 car 0.93144091963768
66 9.3744 0.2792 car 0.927666425704956
67 9.3744 0.3121 car 0.9183365106582642
68 9.5875 0.3121 car 0.9151414036750793
69 9.8005 0.3121 car 0.9179823994636536
70 9.8005 0.3121 car 0.9151051342487335
71 10.0136 0.3121 car 0.9068976044654846
72 10.4397 0.3121 car 0.9280167818069458
73 10.6527 0.3121 car 0.9291485249996185
74 10.6527 0.3121 car 0.913552850484848
75 11.0789 0.3121 car 0.8909266591072083
76 11.0789 0.3121 car 0.8763301968574524
77 11.2919 0.3121 car 0.8596465289592743
78 11.5050 0.3121 car 0.8452789485454559
79 11.7180 0.3121 car 0.825433224439621
80 12.1441 0.2792 car 0.8163657188415527
81 12.3572 0.2792 car 0.8185300529003143
82 12.7833 0.2792 car 0.8159636557102203
83 12.9963 0.2956 car 0.8179137408733368
84 13.2094 0.2792 car 0.8293682038784027
85 13.4225 0.2956 car 0.8459455072879791
86 13.6355 0.3121 car 0.8511637449264526
87 13.6355 0.3121 car 0.8512802124023438
88 14.0616 0.2956 car 0.8759762942790985
89 14.0616 0.3121 car 0.8791955709457397
90 14.4877 0.2792 car 0.875752866268158
91 14.4877 0.2792 car 0.8728674948215485
92 14.7008 0.2956 car 0.8652665615081787
93 14.9138 0.2792 car 0.8618534207344055
94 14.9138 0.2792 car 0.8534646928310394
95 15.1269 0.2792 car 0.8469866216182709
96 15.7661 0.2792 car 0.8896810114383698
97 15.7661 0.2792 car 0.8978300988674164
98 15.7661 0.2792 car 0.8849750459194183
99 16.1922 0.2792 car 0.8824712932109833
100 16.1922 0.2792 car 0.8827350437641144
101 16.4052 0.2792 car 0.8862919807434082
102 16.6183 0.2792 car 0.890472948551178
103 16.6183 0.2792 car 0.8801988065242767
104 17.2574 0.2466 car 0.887042373418808
105 17.4705 0.2466 car 0.8924877345561981
106 17.4705 0.2466 car 0.8838486969470978
107 17.6836 0.2466 car 0.8702924847602844
108 17.8966 0.2466 car 0.8660885095596313
109 18.1097 0.2466 car 0.8629255294799805
110 18.3227 0.2466 car 0.8596771061420441
111 18.5358 0.2466 car 0.8486168086528778
112 18.9619 0.2466 car 0.8893172740936279
113 19.1749 0.2466 car 0.8913606107234955
114 19.1749 0.2466 car 0.8761692643165588
115 19.3880 0.2466 car 0.854054868221283
116 19.6010 0.2466 car 0.8438601195812225
117 19.8141 0.2466 car 0.8309088051319122
118 20.0272 0.2466 car 0.8236846923828125
119 20.2402 0.2466 car 0.8125469982624054
120 20.6663 0.2466 car 0.8185145258903503
121 20.8794 0.2466 car 0.8279064893722534
122 21.0924 0.2466 car 0.8262078166007996
123 21.3055 0.2466 car 0.8292851746082306
124 21.5185 0.2466 car 0.8332005441188812
125 21.7316 0.2466 car 0.8357648551464081
126 21.9447 0.2466 car 0.8302587568759918
127 22.1577 0.2466 car 0.8249410092830658
128 22.5838 0.2466 car 0.858392745256424
129 22.7969 0.2466 car 0.8625737726688385
130 23.0099 0.2466 car 0.855630099773407
131 23.2230 0.2466 car 0.8409944176673889
132 23.4360 0.2466 car 0.8336535096168518
133 23.4360 0.2466 car 0.8267057836055756
134 23.8621 0.2466 car 0.8189366459846497
135 23.8621 0.2466 car 0.8071928322315216
136 24.2883 0.2466 car 0.7901411950588226
137 24.5013 0.2466 car 0.7456417083740234
138 24.7144 0.2466 car 0.6335445642471313
139 24.7144 0.2466 car 0.45996423065662384
152 24.0752 0.3961 car 0.6684038043022156
153 24.0752 0.3961 car 0.6952369213104248
154 24.0752 0.3961 car 0.7046990096569061
155 24.0752 0.3791 car 0.7054512202739716
156 24.0752 0.3791 car 0.7025261521339417
157 24.0752 0.3622 car 0.6959092617034912
158 24.0752 0.3622 car 0.6830556392669678
159 24.0752 0.3622 car 0.6631392538547516
160 24.0752 0.3622 car 0.6795169413089752
161 24.0752 0.3622 car 0.6975240409374237
162 24.0752 0.3622 car 0.7023554742336273
163 24.0752 0.3622 car 0.6951871514320374
164 24.0752 0.3622 car 0.6865891516208649
165 24.0752 0.3454 car 0.6776950359344482
166 24.0752 0.3454 car 0.6618810892105103
167 24.0752 0.3454 car 0.6411034464836121
168 24.2883 0.3622 car 0.7737947106361389
169 24.2883 0.3622 car 0.7810665369033813
170 24.2883 0.3622 car 0.7786318957805634
171 24.2883 0.3622 car 0.7641782760620117
172 24.2883 0.3622 car 0.748644232749939
173 24.2883 0.3622 car 0.7269256412982941
174 24.2883 0.3622 car 0.6971621513366699
175 24.2883 0.3622 car 0.669746607542038
176 24.2883 0.3622 car 0.7155752182006836
177 24.2883 0.3622 car 0.7172892093658447
178 24.2883 0.3622 car 0.707332968711853
179 24.2883 0.3622 car 0.6864712536334991
180 24.2883 0.3622 car 0.6698821187019348
181 24.2883 0.3622 car 0.643395870923996
182 24.2883 0.3622 car 0.5970893204212189
183 24.2883 0.3622 car 0.5415930449962616
184 24.2883 0.4132 pedestrian 0.4243358224630356
185 24.2883 0.4132 pedestrian 0.4911205619573593
186 24.2883 0.4132 pedestrian 0.5165033787488937
187 24.2883 0.3961 pedestrian 0.5242686718702316
188 24.2883 0.3961 pedestrian 0.5173459053039551
189 24.2883 0.3961 pedestrian 0.500179797410965
190 24.2883 0.3961 pedestrian 0.483062207698822
191 24.5013 0.3961 pedestrian 0.4585742726922035
192 24.5013 0.3961 pedestrian 0.401798490434885
586 24.5013 -0.0867 car 0.5333805680274963
587 24.2883 -0.0867 car 0.6440842747688293
588 24.2883 -0.0867 car 0.6720067262649536
589 24.0752 -0.0867 car 0.6938842535018921
590 23.8621 -0.1025 car 0.7022368311882019
591 23.6491 -0.1025 car 0.703125387430191
592 23.0099 -0.1025 car 0.7910461723804474
593 23.0099 -0.1025 car 0.8209725618362427
594 22.7969 -0.1025 car 0.8336659967899323
595 22.5838 -0.1025 car 0.8442636728286743
596 22.5838 -0.1025 car 0.8352971076965332
597 22.1577 -0.1025 car 0.8230789005756378
598 21.9447 -0.1025 car 0.8030697703361511
599 21.9447 -0.1025 car 0.7829234302043915
600 21.3055 -0.1025 car 0.7739781439304352
600 2.7697 -0.6317 pedestrian 0.46215978264808655
601 21.0924 -0.1025 car 0.7864357233047485
601 2.7697 -0.6317 pedestrian 0.5066855251789093
601 2.7697 -0.5010 pedestrian 0.49077846109867096
602 20.8794 -0.1025 car 0.7922177314758301
602 2.7697 -0.4831 pedestrian 0.5415249466896057
602 2.7697 -0.6317 pedestrian 0.5274280607700348
603 20.6663 -0.1025 car 0.7823127508163452
603 2.7697 -0.4831 pedestrian 0.5832433998584747
604 20.6663 -0.1025 car 0.7591230273246765
604 2.7697 -0.4831 pedestrian 0.6055834591388702
605 20.4533 -0.1025 car 0.7234382331371307
605 2.7697 -0.4831 pedestrian 0.6266898810863495
606 20.2402 -0.1025 car 0.6862303614616394
606 2.7697 -0.4831 pedestrian 0.6332554519176483
607 19.8141 -0.1025 car 0.6567904353141785
607 2.7697 -0.4654 pedestrian 0.6441740989685059
608 2.7697 -0.3454 pedestrian 0.5684000551700592
608 19.3880 -0.1184 car 0.4296100214123726
609 2.9828 -0.1821 pedestrian 0.5929750204086304
609 2.7697 -0.2956 pedestrian 0.5744241923093796
609 19.1749 -0.1184 car 0.4181681275367737
610 2.9828 -0.1821 pedestrian 0.6419802606105804
610 19.1749 -0.1343 cyclist 0.4128011707216501
610 19.1749 -0.1184 car 0.40056242421269417
611 2.9828 -0.1661 pedestrian 0.6830117404460907
611 19.1749 -0.1343 cyclist 0.4183386340737343
612 2.9828 -0.1502 pedestrian 0.698066383600235
612 19.1749 -0.1184 cyclist 0.41424908488988876
613 2.9828 -0.1502 pedestrian 0.6992553472518921
613 18.9619 -0.1343 cyclist 0.41811446100473404
614 2.9828 -0.1502 pedestrian 0.6735105216503143
614 18.9619 -0.1343 cyclist 0.40533361583948135
615 2.9828 -0.1343 pedestrian 0.6411598026752472
616 3.4089 0.2304 pedestrian 0.5350444614887238
616 3.1958 0.0709 pedestrian 0.5171759873628616
616 17.4705 -0.1661 car 0.4204298257827759
617 3.4089 0.2304 pedestrian 0.585760235786438
617 3.1958 0.0867 pedestrian 0.518738329410553
617 17.4705 -0.1661 car 0.5089508444070816
618 3.6219 0.2629 pedestrian 0.6439648568630219
618 17.2574 -0.1661 car 0.5725084841251373
619 3.6219 0.2629 pedestrian 0.6894766092300415
619 17.0444 -0.1661 car 0.6347418129444122
620 3.6219 0.2792 pedestrian 0.7013106644153595
620 17.0444 -0.1661 car 0.6592876017093658
621 3.6219 0.2792 pedestrian 0.6968403160572052
621 16.8313 -0.1821 car 0.6827308237552643
622 16.6183 -0.1661 car 0.7097773849964142
622 3.8350 0.2956 pedestrian 0.6733591258525848
623 16.4052 -0.1661 car 0.714649111032486
623 3.8350 0.2956 pedestrian 0.6597698926925659
624 4.4742 0.4479 cyclist 0.5125744491815567
624 16.1922 -0.1661 car 0.44954776391386986
624 15.9791 -0.1502 cyclist 0.41053155809640884
625 4.4742 0.4654 cyclist 0.5588287711143494
625 15.9791 -0.1661 car 0.44585200771689415
625 15.9791 -0.1661 cyclist 0.4230858953669667
626 4.6872 0.4831 cyclist 0.6070932298898697
626 15.7661 -0.1821 car 0.45450181886553764
626 15.7661 -0.1661 cyclist 0.42860026378184557
627 4.6872 0.4831 cyclist 0.6521823406219482
627 15.7661 -0.1821 car 0.4598851911723614
627 15.7661 -0.1661 cyclist 0.42587948124855757
628 4.6872 0.5010 cyclist 0.6876575350761414
628 15.5530 -0.1821 car 0.44763725250959396
628 15.5530 -0.1661 cyclist 0.4264956284314394
629 4.9003 0.5373 cyclist 0.707990437746048
629 15.3400 -0.1821 car 0.44515931606292725
629 15.5530 -0.1661 cyclist 0.4181336909532547
630 4.9003 0.5557 cyclist 0.6979863345623016
630 15.1269 -0.1981 car 0.4365406706929207
631 4.9003 0.5557 cyclist 0.6660117506980896
631 14.9138 -0.1981 car 0.4409530460834503
632 5.3264 0.5932 cyclist 0.6481096744537354
632 14.2747 -0.1981 car 0.6021119058132172
633 5.3264 0.6124 cyclist 0.6802430748939514
633 14.0616 -0.1981 car 0.6574139446020126
634 5.3264 0.6124 cyclist 0.7033548057079315
634 14.0616 -0.1981 car 0.6905949115753174
635 5.5394 0.6317 cyclist 0.7235564291477203
635 14.0616 -0.1981 car 0.7005599439144135
636 5.5394 0.6317 cyclist 0.7233415246009827
636 13.8486 -0.2142 car 0.6981633752584457
637 5.7525 0.6514 cyclist 0.7173435986042023
637 13.6355 -0.2142 car 0.7032065689563751
638 13.6355 -0.2142 car 0.6964325904846191
638 5.7525 0.6514 cyclist 0.6737100780010223
639 13.4225 -0.2142 car 0.6886797249317169
639 5.7525 0.6514 cyclist 0.5888250470161438
640 12.9963 -0.2304 car 0.8560674786567688
641 12.7833 -0.2304 car 0.8661285638809204
642 12.7833 -0.2304 car 0.8702408373355865
643 12.5702 -0.2304 car 0.8714555501937866
644 12.5702 -0.2304 car 0.8608454465866089
645 12.3572 -0.2466 car 0.846762090921402
646 12.3572 -0.2466 car 0.8302405178546906
647 12.1441 -0.2466 car 0.8149533867835999
648 11.5050 -0.2629 car 0.843911349773407
649 11.2919 -0.2629 car 0.8513733744621277
650 11.2919 -0.2956 car 0.8563095033168793
651 11.0789 -0.2956 car 0.8562462627887726
652 11.0789 -0.2956 car 0.8517973721027374
653 11.0789 -0.2956 car 0.8404269516468048
654 10.8658 -0.2956 car 0.8282925486564636
655 10.8658 -0.3121 car 0.8142039775848389
656 10.2266 -0.3622 car 0.8200574815273285
657 10.2266 -0.3622 car 0.8316919207572937
658 10.0136 -0.3622 car 0.8377287089824677
659 10.0136 -0.3791 car 0.8384416401386261
660 9.8005 -0.3791 car 0.8358016908168793
661 9.8005 -0.3791 car 0.8286900222301483
662 9.5875 -0.4132 car 0.8218717277050018
663 9.5875 -0.4132 car 0.8156879544258118
664 8.9483 -0.4654 car 0.8569947481155396
665 8.9483 -0.4654 car 0.8687016069889069
666 8.9483 -0.4654 car 0.8683943748474121
667 8.7352 -0.4831 car 0.8691142201423645
668 8.7352 -0.4831 car 0.8604017496109009
669 8.5222 -0.5010 car 0.848968505859375
670 8.5222 -0.5010 car 0.8381468057632446
671 8.5222 -0.5010 car 0.8235341012477875
672 8.0961 -0.5557 car 0.858133465051651
673 7.8830 -0.5744 car 0.8657741546630859
674 7.8830 -0.5744 car 0.8659575581550598
675 7.8830 -0.5932 car 0.8680172264575958
676 7.8830 -0.5932 car 0.8684908151626587
677 7.6700 -0.5932 car 0.8702898323535919
678 7.6700 -0.6124 car 0.8702003657817841
679 7.6700 -0.6124 car 0.8664141893386841
680 7.4569 -0.6714 car 0.8301754593849182
681 7.4569 -0.6714 car 0.8259775936603546
682 7.4569 -0.6714 car 0.8167345225811005
683 7.4569 -0.6714 car 0.8127318620681763
684 7.4569 -0.6916 car 0.8127199113368988
685 7.4569 -0.6916 car 0.8105522394180298
686 7.4569 -0.6916 car 0.806950718164444
687 7.4569 -0.7123 car 0.7996405065059662
688 7.2439 -0.7765 car 0.7751083970069885
689 7.2439 -0.8217 car 0.777465283870697
690 7.2439 -0.8217 car 0.7714870572090149
691 7.2439 -0.8217 car 0.7666192054748535
692 7.2439 -0.8217 car 0.763351172208786
693 7.2439 -0.8217 car 0.7646743059158325
694 7.2439 -0.8217 car 0.7613934278488159
695 7.2439 -0.8217 car 0.7577544152736664
696 7.4569 -0.8451 car 0.781215488910675
697 7.4569 -0.8451 car 0.7814122140407562
698 7.4569 -0.8451 car 0.7720980048179626
699 7.4569 -0.8451 car 0.7545148730278015
700 7.4569 -0.8451 car 0.738572746515274
701 7.4569 -0.8451 car 0.7073488831520081
702 7.4569 -0.8451 car 0.6586887836456299
703 7.4569 -0.8451 car 0.6101586222648621
808 2.5567 -0.4479 pedestrian 0.641324520111084
809 2.5567 -0.4479 pedestrian 0.691418319940567
810 2.5567 -0.4479 pedestrian 0.7143922746181488
811 2.5567 -0.4305 pedestrian 0.7255077362060547
812 2.5567 -0.4305 pedestrian 0.7060900032520294
812 2.7697 -0.1025 pedestrian 0.4431208074092865
813 2.5567 -0.4132 pedestrian 0.6558842658996582
813 2.7697 -0.1025 pedestrian 0.48736274242401123
814 2.5567 -0.3961 pedestrian 0.5866147428750992
814 2.9828 -0.0551 pedestrian 0.5049647390842438
815 2.9828 -0.0551 pedestrian 0.5258069336414337
815 2.5567 -0.3622 pedestrian 0.5184327363967896
824 5.1133 0.6514 car 0.4818360358476639
825 5.3264 0.6514 car 0.465843141078949
826 5.5394 0.6916 car 0.4340481758117676
