0 16.1922 -0.2956 cyclist 0.6041189432144165
1 16.1922 -0.3454 cyclist 0.6602386832237244
2 16.1922 -0.2956 cyclist 0.7002939581871033
3 16.1922 -0.3287 cyclist 0.6926974654197693
4 16.4052 -0.3454 cyclist 0.7163951992988586
5 16.1922 -0.3622 cyclist 0.7266842722892761
6 16.1922 -0.3287 cyclist 0.7350854873657227
7 16.4052 -0.2956 cyclist 0.7465561628341675
8 16.6183 -0.2792 cyclist 0.6570543348789215
9 16.4052 -0.2956 cyclist 0.7017677128314972
10 16.4052 -0.2956 cyclist 0.7125654220581055
11 16.6183 -0.2792 cyclist 0.7184310555458069
12 16.4052 -0.2956 cyclist 0.7286837995052338
13 16.4052 -0.3121 cyclist 0.7348366379737854
14 16.6183 -0.3121 cyclist 0.7155700623989105
15 16.6183 -0.3121 cyclist 0.6936282217502594
16 16.6183 -0.2792 cyclist 0.557362973690033
17 16.6183 -0.2466 cyclist 0.574139416217804
18 16.8313 -0.2629 cyclist 0.5665404796600342
19 16.6183 -0.2466 cyclist 0.5527059137821198
20 16.8313 -0.2792 cyclist 0.5394628494977951
21 16.8313 -0.2792 cyclist 0.5444129705429077
22 16.8313 -0.2629 cyclist 0.5258764028549194
23 16.8313 -0.2792 cyclist 0.5060099959373474
24 17.0444 -0.2629 cyclist 0.5551577508449554
25 17.0444 -0.2792 cyclist 0.5657525807619095
26 17.0444 -0.2629 cyclist 0.5798541903495789
27 17.0444 -0.2629 cyclist 0.5683388113975525
28 17.0444 -0.2466 cyclist 0.5689695477485657
29 17.0444 -0.2792 cyclist 0.5732528567314148
30 17.0444 -0.2629 cyclist 0.5883889943361282
31 17.0444 -0.2792 cyclist 0.5775889605283737
32 17.0444 -0.2629 cyclist 0.6457668244838715
33 17.0444 -0.2466 cyclist 0.6599832773208618
34 17.0444 -0.2466 cyclist 0.6700696051120758
35 17.0444 -0.2466 cyclist 0.6499001681804657
36 17.0444 -0.2629 cyclist 0.6573593318462372
37 17.0444 -0.2466 cyclist 0.6654700338840485
38 17.0444 -0.2466 cyclist 0.6676372289657593
39 17.0444 -0.2792 cyclist 0.6377793550491333
40 17.0444 -0.2466 cyclist 0.4771118313074112
41 17.2574 -0.2466 cyclist 0.4807620793581009
42 17.0444 -0.2466 cyclist 0.4712197333574295
43 17.2574 -0.2466 cyclist 0.46533575654029846
44 17.2574 -0.2304 cyclist 0.455600380897522
45 17.2574 -0.2466 cyclist 0.4798424541950226
46 17.4705 -0.2466 cyclist 0.4776559919118881
47 17.2574 -0.2466 cyclist 0.4602780342102051
48 17.4705 -0.2304 cyclist 0.35246655344963074
49 17.2574 -0.2466 cyclist 0.36778081953525543
50 17.4705 -0.2466 cyclist 0.33883000910282135
51 17.4705 -0.2466 cyclist 0.3357180207967758
52 17.4705 -0.2466 cyclist 0.3364615887403488
53 17.2574 -0.2792 cyclist 0.34259095788002014
54 17.4705 -0.2466 cyclist 0.35035496950149536
55 17.4705 -0.2466 cyclist 0.3414938151836395
56 17.8966 -0.2304 cyclist 0.31669872999191284
57 17.6836 -0.2142 cyclist 0.3390636742115021
58 17.8966 -0.2142 cyclist 0.3275415003299713
59 18.1097 -0.2142 cyclist 0.32490621507167816
60 17.8966 -0.2304 cyclist 0.3334500938653946
61 17.6836 -0.2142 cyclist 0.340000718832016
62 17.8966 -0.2466 cyclist 0.3503265380859375
63 17.8966 -0.2142 cyclist 0.3422750383615494
103 24.5013 -0.0867 car 0.31062018498778343
104 24.5013 -0.0709 car 0.6493423283100128
105 24.2883 -0.0709 car 0.698734849691391
106 24.2883 -0.0867 car 0.7452720403671265
107 23.8621 -0.1025 car 0.766228437423706
108 23.6491 -0.0709 car 0.7462583184242249
108 23.4360 0.3961 car 0.302989237010479
109 23.2230 -0.0867 car 0.7494958937168121
109 23.2230 0.4305 car 0.3138708248734474
110 23.0099 -0.0709 car 0.6959571242332458
110 23.0099 0.4132 car 0.3118744045495987
111 22.7969 -0.0709 car 0.653875321149826
111 22.5838 0.3622 car 0.3073093965649605
112 22.1577 -0.0867 car 0.6118369400501251
112 22.3708 0.3791 car 0.3267785310745239
113 21.9447 -0.0709 car 0.6332192420959473
113 22.1577 0.3622 car 0.32367490231990814
114 21.5185 -0.1025 car 0.6100378036499023
114 21.7316 0.3791 car 0.32044894993305206
115 21.0924 -0.1184 car 0.6189104318618774
115 21.3055 0.3622 car 0.30807918310165405
116 20.6663 -0.1184 car 0.6069652140140533
116 21.0924 0.3622 car 0.30499474704265594
117 20.4533 -0.1502 car 0.6155863702297211
117 20.6663 0.3961 car 0.3092380240559578
118 20.2402 -0.1502 car 0.6356167197227478
119 20.0272 -0.1502 car 0.6242341846227646
120 19.8141 -0.1343 car 0.6013768464326859
121 19.6010 -0.1343 car 0.629666194319725
122 19.6010 -0.1502 car 0.6854048669338226
123 19.3880 -0.1821 car 0.7159058749675751
124 19.1749 -0.1821 car 0.703070878982544
125 19.1749 -0.1821 car 0.6908668279647827
126 18.9619 -0.1502 car 0.6656750440597534
127 18.7488 -0.1502 car 0.6330927014350891
128 18.1097 -0.1343 car 0.48782190680503845
129 18.1097 -0.1502 car 0.49870188534259796
130 17.8966 -0.1502 car 0.5082271546125412
131 17.4705 -0.1502 car 0.5195759683847427
132 17.0444 -0.1502 car 0.5295565277338028
133 16.8313 -0.1661 car 0.5338896363973618
134 16.8313 -0.1502 car 0.5409253686666489
135 16.4052 -0.1661 car 0.5339256227016449
136 15.9791 -0.1661 car 0.6743834018707275
137 15.9791 -0.1821 car 0.7196054756641388
138 15.5530 -0.1981 car 0.7586216628551483
139 15.5530 -0.1661 car 0.7668795585632324
140 15.1269 -0.1981 car 0.7950033247470856
141 14.9138 -0.1981 car 0.8093428313732147
142 14.7008 -0.1981 car 0.8152068555355072
143 14.4877 -0.1981 car 0.7964878082275391
144 14.2747 -0.1821 car 0.7644320130348206
145 14.0616 -0.1981 car 0.7949559390544891
145 19.3880 -0.2466 pedestrian 0.30286043882369995
146 13.8486 -0.2142 car 0.8012533783912659
146 19.3880 -0.2304 pedestrian 0.33004337549209595
147 13.8486 -0.2142 car 0.8004873991012573
147 19.3880 -0.2304 pedestrian 0.3353384733200073
148 13.4225 -0.1981 car 0.7591133415699005
148 19.3880 -0.2629 pedestrian 0.3388967216014862
149 13.2094 -0.1981 car 0.7316624224185944
149 19.3880 -0.2466 pedestrian 0.3539615571498871
150 12.9963 -0.2142 car 0.6990018784999847
150 19.3880 -0.2629 pedestrian 0.33276432752609253
151 12.7833 -0.2466 car 0.6639743447303772
151 19.3880 -0.2466 pedestrian 0.3254677951335907
152 12.3572 -0.2304 car 0.7641519606113434
153 12.3572 -0.2629 car 0.7786419093608856
154 12.1441 -0.2629 car 0.8126587569713593
155 11.7180 -0.2792 car 0.8210424482822418
156 11.5050 -0.2792 car 0.8307883441448212
157 11.2919 -0.2956 car 0.8078213334083557
158 11.0789 -0.3121 car 0.7832678556442261
159 11.0789 -0.3287 car 0.7433753609657288
160 10.8658 -0.3622 car 0.8495985269546509
161 10.6527 -0.3622 car 0.8680694699287415
162 10.6527 -0.3454 car 0.8721016049385071
163 10.4397 -0.3622 car 0.8707406222820282
164 10.2266 -0.3622 car 0.8123276829719543
165 10.2266 -0.3961 car 0.7796504497528076
166 10.0136 -0.3961 car 0.7402592599391937
167 10.0136 -0.3961 car 0.67409747838974
168 9.3744 -0.4305 car 0.6354776322841644
169 9.3744 -0.4479 car 0.6561126708984375
170 9.1614 -0.4654 car 0.6944514811038971
171 9.1614 -0.4654 car 0.7187339067459106
172 8.9483 -0.4831 car 0.7211823165416718
173 8.7352 -0.4831 car 0.7157319784164429
174 8.5222 -0.5010 car 0.6783477962017059
175 8.5222 -0.5010 car 0.6418344080448151
176 8.3091 -0.5744 car 0.8273739218711853
177 8.3091 -0.5744 car 0.8460150361061096
178 8.0961 -0.6124 car 0.8480996191501617
178 20.2402 -0.2304 pedestrian 0.3067970909178257
179 8.0961 -0.6124 car 0.8527201116085052
180 7.8830 -0.6317 car 0.8615516424179077
180 20.0272 -0.2304 pedestrian 0.32228852435946465
181 7.8830 -0.6514 car 0.8574426770210266
181 20.2402 -0.2304 pedestrian 0.33394497260451317
182 7.8830 -0.6514 car 0.8512850701808929
182 20.2402 -0.2304 pedestrian 0.34000948444008827
183 7.8830 -0.6514 car 0.8265184164047241
183 20.2402 -0.2142 pedestrian 0.3328928239643574
184 7.8830 -0.6916 car 0.7330183982849121
184 20.2402 -0.2142 pedestrian 0.5344803333282471
185 7.6700 -0.7333 car 0.7211512923240662
185 20.2402 -0.2304 pedestrian 0.5659918487071991
186 7.8830 -0.7123 car 0.7351344227790833
186 20.2402 -0.2304 pedestrian 0.6101016998291016
187 7.8830 -0.7333 car 0.729356974363327
187 20.2402 -0.2142 pedestrian 0.6088095903396606
188 7.6700 -0.7333 car 0.6909773349761963
188 20.2402 -0.2142 pedestrian 0.6225513219833374
189 7.6700 -0.7547 car 0.6830858141183853
189 20.2402 -0.2304 pedestrian 0.619069516658783
190 7.4569 -0.7547 car 0.6413638293743134
190 20.4533 -0.2304 pedestrian 0.5837420225143433
191 7.4569 -0.7765 car 0.606130063533783
191 20.2402 -0.2142 pedestrian 0.5434769690036774
192 20.4533 -0.2142 pedestrian 0.4225330650806427
192 7.4569 -0.8217 car 0.41192708909511566
193 20.4533 -0.1981 pedestrian 0.4454613924026489
193 7.4569 -0.8217 car 0.4098866134881973
194 20.4533 -0.1981 pedestrian 0.456424742937088
194 7.6700 -0.8691 car 0.4019550234079361
195 20.4533 -0.1981 pedestrian 0.4665715992450714
195 7.4569 -0.8691 car 0.39547622203826904
196 20.6663 -0.1981 pedestrian 0.46897631883621216
196 7.8830 -0.8451 car 0.35853011906147003
197 20.4533 -0.1981 pedestrian 0.4762808382511139
197 7.4569 -0.8691 car 0.3408266454935074
198 20.6663 -0.1981 pedestrian 0.4512811601161957
198 7.8830 -0.8691 car 0.31034961342811584
199 20.6663 -0.1981 pedestrian 0.42905470728874207
200 20.6663 -0.1821 pedestrian 0.3211950361728668
201 20.6663 -0.1821 pedestrian 0.33461371064186096
202 20.6663 -0.1821 pedestrian 0.3559497892856598
203 20.6663 -0.1821 pedestrian 0.35601723194122314
204 20.8794 -0.1661 pedestrian 0.3883265256881714
205 20.8794 -0.1661 pedestrian 0.39828845858573914
206 20.8794 -0.1661 pedestrian 0.3952775299549103
207 20.8794 -0.1661 pedestrian 0.361876904964447
208 20.8794 -0.1821 pedestrian 0.34254980087280273
209 20.8794 -0.1821 pedestrian 0.3643033802509308
210 20.8794 -0.1661 pedestrian 0.3754439949989319
211 20.8794 -0.1821 pedestrian 0.385011225938797
212 20.8794 -0.1661 pedestrian 0.39989691972732544
213 20.8794 -0.1661 pedestrian 0.4068625271320343
214 20.8794 -0.1661 pedestrian 0.38436269760131836
215 20.8794 -0.1821 pedestrian 0.350747287273407
216 21.0924 -0.1661 pedestrian 0.30636973679065704
217 21.0924 -0.1821 pedestrian 0.32229310274124146
218 21.0924 -0.1661 pedestrian 0.3344374895095825
219 21.0924 -0.1661 pedestrian 0.3177487552165985
220 21.0924 -0.1661 pedestrian 0.35004058480262756
221 21.0924 -0.1821 pedestrian 0.33739444613456726
222 21.0924 -0.1661 pedestrian 0.33727481961250305
223 21.3055 -0.1661 pedestrian 0.322307825088501
224 21.3055 -0.1502 pedestrian 0.3140024021267891
225 21.3055 -0.1661 pedestrian 0.32599958777427673
226 21.0924 -0.1661 pedestrian 0.3358822464942932
227 21.3055 -0.1661 pedestrian 0.3483699560165405
228 21.3055 -0.1661 pedestrian 0.33985188603401184
229 21.3055 -0.1661 pedestrian 0.3580491244792938
230 21.3055 -0.1661 pedestrian 0.328100323677063
231 21.3055 -0.1661 pedestrian 0.31196877360343933
234 21.5185 -0.1502 pedestrian 0.3017165958881378
240 21.9447 -0.1502 pedestrian 0.31502625346183777
241 21.9447 -0.1661 pedestrian 0.3284212350845337
242 21.9447 -0.1661 pedestrian 0.36390119791030884
243 21.9447 -0.1661 pedestrian 0.34203609824180603
244 21.9447 -0.1661 pedestrian 0.3493192791938782
245 21.9447 -0.1661 pedestrian 0.33200863003730774
246 21.9447 -0.1661 pedestrian 0.3162146806716919
249 22.1577 -0.1661 pedestrian 0.3053397536277771
250 21.9447 -0.1661 pedestrian 0.324575275182724
251 22.1577 -0.1661 pedestrian 0.3263576626777649
252 22.1577 -0.1661 pedestrian 0.331143319606781
253 22.1577 -0.1661 pedestrian 0.34301087260246277
254 22.1577 -0.1502 pedestrian 0.3376152813434601
255 22.1577 -0.1661 pedestrian 0.33335191011428833
256 22.3708 -0.1502 pedestrian 0.38083240389823914
257 22.3708 -0.1502 pedestrian 0.4089547097682953
258 22.3708 -0.1343 pedestrian 0.4339445233345032
259 22.3708 -0.1343 pedestrian 0.426694393157959
260 22.3708 -0.1502 pedestrian 0.44505205750465393
261 22.3708 -0.1661 pedestrian 0.4321455657482147
262 22.3708 -0.1502 pedestrian 0.40723633766174316
263 22.3708 -0.1343 pedestrian 0.38907545804977417
384 24.5013 -0.1981 pedestrian 0.3903007507324219
385 24.2883 -0.1821 pedestrian 0.4203015863895416
386 24.5013 -0.1981 pedestrian 0.4597848653793335
387 24.2883 -0.1981 pedestrian 0.4680786430835724
388 24.2883 -0.1981 pedestrian 0.49188607931137085
389 24.2883 -0.1661 pedestrian 0.5011411607265472
390 24.2883 -0.1661 pedestrian 0.4707745313644409
391 24.2883 -0.1821 pedestrian 0.43728893995285034
392 24.2883 -0.1661 pedestrian 0.3801225274801254
393 24.2883 -0.1821 pedestrian 0.3966461718082428
394 24.2883 -0.1661 pedestrian 0.4173520803451538
395 24.2883 -0.1661 pedestrian 0.41465502977371216
396 24.2883 -0.1661 pedestrian 0.43135470151901245
397 24.2883 -0.1661 pedestrian 0.43350550532341003
398 24.2883 -0.1661 pedestrian 0.4007631838321686
399 24.0752 -0.1661 pedestrian 0.38181638717651367
400 24.0752 -0.1661 pedestrian 0.38201749324798584
401 24.0752 -0.1661 pedestrian 0.3886429965496063
402 24.0752 -0.1821 pedestrian 0.4130333662033081
403 23.8621 -0.1661 pedestrian 0.41849514842033386
404 23.8621 -0.1661 pedestrian 0.4374963939189911
405 23.8621 -0.1661 pedestrian 0.44339627027511597
406 23.8621 -0.1661 pedestrian 0.4237669110298157
407 23.8621 -0.1661 pedestrian 0.38215401768684387
408 23.8621 -0.1981 pedestrian 0.32684215903282166
409 23.8621 -0.1981 pedestrian 0.34660688042640686
410 23.8621 -0.1981 pedestrian 0.350731760263443
411 23.8621 -0.1981 pedestrian 0.3553854823112488
412 23.8621 -0.1821 pedestrian 0.3386659324169159
413 23.8621 -0.1661 pedestrian 0.3369040787220001
414 23.8621 -0.1821 pedestrian 0.3134053647518158
415 23.8621 -0.1661 pedestrian 0.3067360818386078
416 23.6491 -0.1981 pedestrian 0.31696727871894836
417 23.6491 -0.1821 pedestrian 0.33857548236846924
418 23.6491 -0.1661 pedestrian 0.3451252281665802
419 23.6491 -0.1821 pedestrian 0.33794131875038147
420 23.4360 -0.1981 pedestrian 0.33719366788864136
421 23.4360 -0.1981 pedestrian 0.3297469913959503
422 23.4360 -0.1661 pedestrian 0.31575286388397217
437 23.0099 -0.1981 pedestrian 0.3034723997116089
440 4.2611 -0.7988 car 0.35620546340942383
440 5.1133 -0.7547 car 0.31103651225566864
441 4.6872 -0.7547 car 0.36333824694156647
442 4.2611 -0.7547 car 0.4198945313692093
443 4.2611 -0.7123 car 0.44248107075691223
444 4.2611 -0.7547 car 0.49119047820568085
445 4.4742 -0.7547 car 0.503857746720314
446 4.2611 -0.7123 car 0.5468657314777374
446 4.2611 -0.6514 car 0.5260889083147049
447 4.4742 -0.7333 car 0.5382830500602722
448 4.2611 -0.7123 car 0.44199997186660767
448 4.2611 -0.7988 car 0.4170522093772888
449 4.0480 -0.6916 car 0.42163196206092834
450 4.0480 -0.6714 car 0.41397763788700104
451 4.4742 -0.6916 car 0.4113193452358246
451 4.2611 -0.7988 car 0.3927081450819969
452 4.0480 -0.7547 car 0.39826788008213043
452 4.4742 -1.0019 car 0.3252045810222626
453 4.4742 -0.7123 car 0.4024887830018997
454 4.2611 -0.6514 car 0.4256334900856018
454 4.2611 -0.7333 car 0.4178793579339981
455 4.6872 -0.6714 car 0.43192699551582336
456 4.2611 -0.6317 car 0.5009168088436127
456 4.2611 -0.7123 car 0.491071492433548
456 5.3264 0.0236 car 0.39336279034614563
456 5.1133 -0.0867 car 0.36312086135149
457 4.4742 -0.6714 car 0.5026151835918427
457 4.9003 -0.0079 car 0.4023177996277809
458 4.6872 -0.6317 car 0.4794749617576599
458 5.1133 0.0236 car 0.3995678573846817
459 4.4742 -0.6514 car 0.4586717486381531
459 5.1133 0.0079 car 0.39442383497953415
460 4.6872 -0.6317 car 0.413618341088295
460 4.6872 -0.6916 car 0.39752471446990967
460 5.5394 -0.0079 car 0.3907007873058319
460 5.9655 -0.3454 car 0.3144206777215004
461 4.6872 -0.5932 car 0.3986108899116516
461 5.5394 -0.0236 car 0.3854692280292511
461 5.9655 -0.3622 car 0.3204905837774277
461 5.9655 -0.2956 car 0.30781933665275574
462 5.9655 0.0236 car 0.3970927819609642
462 5.1133 -0.5932 car 0.3665226250886917
462 4.6872 -0.6317 car 0.3528493046760559
462 5.7525 -0.4132 car 0.3406047895550728
463 6.1786 -0.0079 car 0.4168771132826805
463 5.3264 -0.4479 car 0.35952892899513245
463 6.1786 -0.3121 car 0.35482214763760567
463 5.3264 -0.5932 car 0.3430494964122772
464 5.7525 -0.1343 car 0.8193869888782501
464 5.7525 -0.1981 car 0.8001402616500854
465 5.7525 -0.1025 car 0.84079509973526
466 5.9655 -0.1025 car 0.8446630239486694
467 6.1786 -0.1184 car 0.8436258435249329
468 6.1786 -0.0709 car 0.8481809794902802
469 6.3916 -0.0551 car 0.8352303504943848
470 6.6047 -0.0236 car 0.8432309031486511
471 6.6047 -0.0079 car 0.8415117561817169
472 7.0308 0.0551 car 1.0
473 7.0308 0.0709 car 1.0
474 7.4569 0.0709 car 1.0
475 7.4569 0.1184 car 1.0
476 7.8830 0.1184 car 1.0
477 7.8830 0.1502 car 1.0
478 7.8830 0.1343 car 1.0
479 8.3091 0.1343 car 0.9761441946029663
480 8.7352 0.1821 car 1.0
481 8.7352 0.1661 car 1.0
482 9.1614 0.1981 car 1.0
483 9.3744 0.2142 car 1.0
484 9.5875 0.1821 car 1.0
485 9.8005 0.1981 car 1.0
486 10.0136 0.1981 car 1.0
487 10.2266 0.2142 car 1.0
488 10.8658 0.2142 car 1.0
488 10.4397 -0.2629 car 0.33579590171575546
488 23.6491 -0.1025 car 0.306058794260025
489 10.8658 0.2466 car 1.0
489 23.4360 -0.0867 car 0.348900742828846
489 10.8658 -0.2629 car 0.3272608481347561
490 10.8658 0.2629 car 1.0
490 23.2230 -0.1343 car 0.38639548420906067
491 11.2919 0.2629 car 1.0
491 22.7969 -0.0709 car 0.4026584327220917
492 11.5050 0.2792 car 0.9277276992797852
492 23.0099 -0.1025 car 0.4106031656265259
493 11.7180 0.2792 car 0.9385265707969666
493 22.7969 -0.1184 car 0.40864981710910797
494 12.1441 0.2792 car 0.9271927773952484
494 22.5838 -0.1025 car 0.3962022662162781
495 12.1441 0.2792 car 0.9231002032756805
495 22.5838 -0.0867 car 0.38466089963912964
495 22.5838 -0.1502 car 0.3823589086532593
495 12.1441 -0.2629 car 0.31109825521707535
496 12.9963 0.3121 car 0.9711224436759949
496 22.3708 -0.0709 car 0.5034763067960739
496 12.5702 -0.2304 car 0.4974764883518219
497 12.9963 0.2792 car 1.0
497 22.5838 -0.0709 car 0.5298935323953629
497 12.5702 -0.2304 car 0.48223164677619934
498 13.4225 0.2792 car 0.9826774597167969
498 22.1577 -0.0867 car 0.5868330746889114
498 12.9963 -0.2466 car 0.4265572726726532
499 13.4225 0.2792 car 0.9663040935993195
499 21.9447 -0.0867 car 0.580860435962677
499 13.2094 -0.2142 car 0.40399549901485443
500 13.8486 0.3121 car 0.9589823782444
500 21.7316 -0.0867 car 0.5819299668073654
500 13.8486 -0.2466 car 0.4113856554031372
501 13.8486 0.2792 car 0.9466907680034637
501 21.7316 -0.0867 car 0.5774490684270859
501 14.0616 -0.2629 car 0.4394221305847168
502 14.2747 0.3454 car 0.9563149213790894
502 21.5185 -0.1184 car 0.5616936981678009
502 14.2747 -0.2466 car 0.45495057106018066
503 14.2747 0.3287 car 0.9497774541378021
503 21.3055 -0.1184 car 0.5515949130058289
503 14.2747 -0.2304 car 0.4586632251739502
504 14.9138 0.2792 car 0.9323968589305878
504 21.3055 -0.0867 car 0.6034121066331863
504 14.7008 -0.2466 car 0.4758119136095047
505 15.1269 0.2792 car 0.9773031175136566
505 21.0924 -0.1343 car 0.633978009223938
505 14.9138 -0.2304 car 0.4474366307258606
506 15.5530 0.2792 car 0.9307638704776764
506 20.8794 -0.1025 car 0.6686556041240692
506 15.1269 -0.2956 car 0.36266306042671204
507 15.5530 0.2792 car 0.9563469886779785
507 20.8794 -0.0709 car 0.6873702108860016
507 15.5530 -0.2629 car 0.3368668407201767
508 15.7661 0.3121 car 0.8872244358062744
508 20.4533 -0.1025 car 0.6765165627002716
508 15.7661 -0.2629 car 0.3251471072435379
509 16.1922 0.2956 car 0.897243320941925
509 20.6663 -0.1184 car 0.6512977927923203
510 16.4052 0.2792 car 0.9211149215698242
510 20.2402 -0.1025 car 0.6085056960582733
510 16.6183 -0.1981 car 0.3392890393733978
511 16.4052 0.2792 car 0.9276553690433502
511 20.4533 -0.1184 car 0.5351074039936066
511 16.4052 -0.2792 car 0.34110961854457855
512 17.2574 0.3121 car 0.9213436841964722
513 17.2574 0.2792 car 0.9377137720584869
514 17.4705 0.2792 car 0.9205807149410248
514 18.9619 -0.1343 car 0.3407727926969528
514 18.5358 -0.0551 car 0.32493551075458527
515 17.6836 0.2792 car 0.9119031727313995
515 18.9619 -0.0709 car 0.3823889046907425
515 18.5358 -0.0394 car 0.3626421242952347
516 18.1097 0.2956 car 0.8428902626037598
516 18.9619 -0.0709 car 0.4112730920314789
516 18.5358 -0.0709 car 0.3998952805995941
517 18.5358 0.2792 car 0.8294101059436798
517 18.3227 0.3287 car 0.8154856860637665
517 18.5358 -0.0079 car 0.44705358147621155
517 18.9619 -0.1184 car 0.42327526211738586
518 18.5358 0.2792 car 0.8188835382461548
518 18.7488 -0.0079 car 0.4629511088132858
518 18.7488 -0.1343 car 0.432593509554863
519 18.7488 0.2792 car 0.7973745465278625
520 19.6010 0.2956 car 0.7786403894424438
520 18.9619 -0.0709 car 0.44694678485393524
521 19.8141 0.2792 car 0.8017122149467468
521 18.9619 -0.0551 car 0.4464525282382965
522 20.0272 0.3121 car 0.7590825259685516
522 18.9619 -0.0867 car 0.41633041203022003
523 20.2402 0.2792 car 0.7635722458362579
523 18.5358 -0.0867 car 0.3740541636943817
524 20.6663 0.3121 car 0.7758420705795288
524 18.5358 -0.0709 car 0.3244701623916626
525 21.0924 0.3121 car 0.7877974510192871
525 18.3227 -0.0709 car 0.31321216374635696
526 21.0924 0.3287 car 0.8091647922992706
526 18.1097 -0.0867 car 0.3040475398302078
527 21.0924 0.3121 car 0.7929080724716187
528 21.9447 0.2792 car 0.9342681169509888
528 17.4705 -0.1025 car 0.5835972428321838
529 21.9447 0.2792 car 0.9631445109844208
529 17.4705 -0.0709 car 0.6116869747638702
530 22.3708 0.2792 car 0.9279345571994781
530 17.2574 -0.0709 car 0.6266962587833405
531 22.5838 0.2629 car 0.9317944049835205
531 17.0444 -0.0867 car 0.6314648389816284
532 23.0099 0.2629 car 0.9012982249259949
532 17.0444 -0.0867 car 0.6166292726993561
533 23.2230 0.2792 car 0.917984127998352
533 16.8313 -0.1184 car 0.5973540544509888
534 23.2230 0.2956 car 0.9041138887405396
534 16.6183 -0.0867 car 0.5728077590465546
535 23.2230 0.2792 car 0.8712893128395081
535 16.6183 -0.0867 car 0.546660304069519
536 24.0752 0.2629 car 0.7596562504768372
536 16.4052 -0.0709 car 0.5496588051319122
537 24.2883 0.2629 car 0.7551025748252869
537 16.1922 -0.0551 car 0.5665200501680374
538 24.0752 0.2629 car 0.6524028480052948
538 16.1922 -0.0551 car 0.5754918903112411
539 24.2883 0.2792 car 0.5769260227680206
539 16.1922 -0.0551 car 0.5759527236223221
540 15.7661 -0.0867 car 0.5591179728507996
540 24.2883 0.2466 car 0.3677607327699661
540 24.2883 0.3121 car 0.34658630192279816
541 15.7661 -0.0551 car 0.5475383996963501
542 15.5530 -0.0551 car 0.5090107470750809
543 15.5530 -0.0394 car 0.4798186719417572
544 15.3400 -0.0236 car 0.6417650580406189
545 15.3400 -0.0079 car 0.6701616942882538
546 15.1269 0.0079 car 0.6892674267292023
547 15.1269 0.0236 car 0.69271120429039
548 15.1269 0.0079 car 0.6973027288913727
549 14.9138 0.0079 car 0.7074157297611237
550 14.7008 0.0079 car 0.6838096082210541
551 14.4877 0.0079 car 0.658869594335556
552 14.4877 0.0394 car 0.7423019111156464
553 14.2747 0.0236 car 0.7737625539302826
554 14.0616 0.0394 car 0.7757266163825989
555 14.0616 0.0551 car 0.7796792984008789
556 14.0616 0.0394 car 0.7776159048080444
556 21.3055 -0.1821 pedestrian 0.3044438734650612
557 13.8486 0.0709 car 0.7500684559345245
557 21.3055 -0.1661 pedestrian 0.3253958225250244
558 13.8486 0.0709 car 0.7174736559391022
558 21.3055 -0.1821 pedestrian 0.3095715269446373
559 13.8486 0.0394 car 0.6687697172164917
560 13.6355 0.1025 car 0.6780074536800385
560 21.5185 -0.1661 pedestrian 0.39426201581954956
561 13.6355 0.1025 car 0.7058269381523132
561 21.5185 -0.1661 pedestrian 0.4169211685657501
562 13.6355 0.1025 car 0.7089901566505432
562 21.5185 -0.1661 pedestrian 0.44575926661491394
563 13.6355 0.1184 car 0.7031163573265076
563 21.5185 -0.1661 pedestrian 0.4374380111694336
564 13.6355 0.1025 car 0.6911893486976624
564 21.5185 -0.1661 pedestrian 0.46161285042762756
565 13.4225 0.1184 car 0.6707108318805695
565 21.5185 -0.1661 pedestrian 0.45392030477523804
566 13.2094 0.1025 car 0.6470244228839874
566 21.5185 -0.1661 pedestrian 0.44005751609802246
567 13.2094 0.1025 car 0.6161305755376816
567 21.5185 -0.1661 pedestrian 0.4155270457267761
568 12.9963 0.1343 car 0.6697820723056793
568 21.7316 -0.1661 pedestrian 0.4617137610912323
569 13.2094 0.1343 car 0.6840720176696777
569 21.7316 -0.1821 pedestrian 0.5077918767929077
570 12.9963 0.1661 car 0.7068396806716919
570 21.9447 -0.1661 pedestrian 0.5192733108997345
571 12.9963 0.1661 car 0.7015994191169739
571 21.9447 -0.1661 pedestrian 0.5077185928821564
572 12.7833 0.1661 car 0.6976697742938995
572 21.9447 -0.1661 pedestrian 0.515018880367279
573 12.9963 0.1661 car 0.6801348030567169
573 21.9447 -0.1661 pedestrian 0.5261310040950775
574 12.7833 0.1821 car 0.6418105661869049
574 21.9447 -0.1821 pedestrian 0.5004549324512482
575 12.5702 0.1821 car 0.602967381477356
575 21.9447 -0.1821 pedestrian 0.4738916754722595
576 12.3572 0.2304 car 0.5783161222934723
576 21.9447 -0.1981 pedestrian 0.3863926902413368
577 12.3572 0.2304 car 0.6139412224292755
577 21.9447 -0.1821 pedestrian 0.40554557740688324
578 12.1441 0.2304 car 0.6438227593898773
578 21.9447 -0.1661 pedestrian 0.39829444885253906
579 12.1441 0.2304 car 0.643802285194397
579 22.1577 -0.1661 pedestrian 0.39693453907966614
580 12.1441 0.2629 car 0.6145063638687134
580 22.1577 -0.1821 pedestrian 0.3815261125564575
581 12.1441 0.2629 car 0.5896934866905212
581 21.9447 -0.1821 pedestrian 0.3828868344426155
582 11.9311 0.2792 car 0.5524264872074127
582 22.1577 -0.1981 pedestrian 0.35395409911870956
583 11.7180 0.2792 car 0.5033562332391739
583 22.1577 -0.1981 pedestrian 0.3237166330218315
584 11.9311 0.3287 car 0.41797250509262085
585 11.7180 0.3791 car 0.4490249454975128
586 11.9311 0.3961 car 0.47134488821029663
587 11.7180 0.4132 car 0.4774821549654007
588 11.9311 0.4132 car 0.47812923789024353
589 11.7180 0.3791 car 0.4781079888343811
590 11.9311 0.4132 car 0.4546864181756973
591 11.7180 0.4132 car 0.4405839443206787
592 11.7180 0.5010 car 0.4009419083595276
593 11.7180 0.5191 car 0.4183540940284729
594 11.9311 0.5010 car 0.4481108784675598
595 11.5050 0.5010 car 0.46012841165065765
596 11.7180 0.5191 car 0.4744114279747009
597 11.7180 0.5191 car 0.4695512652397156
598 11.7180 0.5191 car 0.4470966160297394
599 11.7180 0.5557 car 0.42375729978084564
600 11.5050 0.5744 cyclist 0.434566967189312
600 11.7180 0.5932 car 0.3120550960302353
601 11.5050 0.5744 cyclist 0.4663994014263153
602 11.2919 0.5557 cyclist 0.43515366315841675
603 11.2919 0.5744 cyclist 0.4378462880849838
603 23.0099 -0.1661 pedestrian 0.3090451657772064
604 11.5050 0.5373 cyclist 0.3591436669230461
604 23.0099 -0.1821 pedestrian 0.3044010177254677
605 11.2919 0.5744 cyclist 0.36757662147283554
605 23.0099 -0.1661 pedestrian 0.3116322532296181
606 11.5050 0.6124 cyclist 0.3422979414463043
607 11.5050 0.6514 cyclist 0.34479251503944397
607 11.5050 0.7333 car 0.31384046375751495
608 11.7180 0.7988 car 0.45276156067848206
608 23.2230 -0.1502 pedestrian 0.4263187646865845
609 11.7180 0.7988 car 0.4690648913383484
609 23.2230 -0.1661 pedestrian 0.46679964661598206
610 23.2230 -0.1502 pedestrian 0.5100071132183075
610 11.7180 0.7988 car 0.4834960997104645
611 23.2230 -0.1661 pedestrian 0.5030051469802856
611 11.9311 0.7988 car 0.4784488379955292
612 23.2230 -0.1502 pedestrian 0.4937281310558319
612 11.9311 0.7988 car 0.47743870317935944
613 23.4360 -0.1661 pedestrian 0.4938715696334839
613 11.7180 0.7988 car 0.4780069440603256
614 23.4360 -0.1661 pedestrian 0.4638860523700714
614 11.9311 0.7765 car 0.4571680277585983
615 23.4360 -0.1661 pedestrian 0.4457591027021408
615 11.9311 0.8217 car 0.4441488981246948
616 23.4360 -0.1502 pedestrian 0.5258206725120544
617 23.4360 -0.1661 pedestrian 0.5559390485286713
618 23.6491 -0.1661 pedestrian 0.5867132842540741
619 23.4360 -0.1661 pedestrian 0.5802186727523804
620 23.6491 -0.1661 pedestrian 0.592225044965744
621 23.6491 -0.1661 pedestrian 0.5891866385936737
622 23.6491 -0.1661 pedestrian 0.5504719614982605
623 23.6491 -0.1502 pedestrian 0.5132987797260284
624 23.6491 -0.1502 pedestrian 0.36523572355508804
625 23.8621 -0.1661 pedestrian 0.367483526468277
626 23.6491 -0.1661 pedestrian 0.386808305978775
627 23.8621 -0.1502 pedestrian 0.3775924742221832
628 23.8621 -0.1661 pedestrian 0.3757081627845764
629 23.8621 -0.1502 pedestrian 0.3867644667625427
630 23.8621 -0.1502 pedestrian 0.36401548981666565
631 23.8621 -0.1343 pedestrian 0.330077201128006
881 23.2230 -0.1821 pedestrian 0.31104472279548645
882 23.2230 -0.1821 pedestrian 0.3376478850841522
883 23.2230 -0.1821 pedestrian 0.34144580364227295
884 23.0099 -0.1821 pedestrian 0.36554503440856934
885 23.0099 -0.1661 pedestrian 0.36138916015625
886 23.0099 -0.1821 pedestrian 0.3584408760070801
887 23.0099 -0.1981 pedestrian 0.345336377620697
888 23.0099 -0.1821 pedestrian 0.47057217359542847
889 23.0099 -0.1981 pedestrian 0.4815736413002014
890 23.0099 -0.1981 pedestrian 0.48579519987106323
891 23.0099 -0.1981 pedestrian 0.48049986362457275
892 23.0099 -0.1821 pedestrian 0.47891807556152344
893 23.0099 -0.1981 pedestrian 0.479134738445282
894 23.0099 -0.1981 pedestrian 0.43378138542175293
895 22.7969 -0.1981 pedestrian 0.36324942111968994
