0 10.0136 0.1025 pedestrian 0.6287595629692078
0 11.2919 -0.0551 pedestrian 0.5141384601593018
1 9.8005 0.1343 pedestrian 0.7296268343925476
1 11.2919 -0.0394 pedestrian 0.580085277557373
2 9.8005 0.1184 pedestrian 0.8171120285987854
2 11.2919 -0.0394 pedestrian 0.6612482070922852
3 9.8005 0.1184 pedestrian 0.8333361744880676
3 11.2919 -0.0551 pedestrian 0.6550133228302002
4 9.8005 0.1184 pedestrian 0.8442967534065247
4 11.0789 -0.0551 pedestrian 0.7070750594139099
5 9.8005 0.1025 pedestrian 0.8272882699966431
5 11.2919 -0.0394 pedestrian 0.7198243737220764
6 9.8005 0.1025 pedestrian 0.838509738445282
6 11.0789 -0.0551 pedestrian 0.7695798873901367
7 9.8005 0.1184 pedestrian 0.839205801486969
7 11.0789 -0.0394 pedestrian 0.7448698878288269
8 9.8005 0.0867 pedestrian 0.6619462668895721
8 11.0789 -0.0236 pedestrian 0.613065242767334
9 9.8005 0.0709 pedestrian 0.7029868066310883
9 11.0789 -0.0394 pedestrian 0.6257417500019073
10 9.8005 0.0709 pedestrian 0.7178513705730438
10 11.0789 -0.0236 pedestrian 0.6688103973865509
11 9.8005 0.0709 pedestrian 0.7077425718307495
11 11.0789 -0.0394 pedestrian 0.6703234016895294
12 9.8005 0.0551 pedestrian 0.7233377695083618
12 11.0789 -0.0236 pedestrian 0.6883776187896729
13 9.8005 0.0709 pedestrian 0.7245973646640778
13 11.0789 -0.0394 pedestrian 0.6920455694198608
14 9.8005 0.0709 pedestrian 0.6792030036449432
14 11.0789 -0.0394 pedestrian 0.66108039021492
15 9.8005 0.0709 pedestrian 0.6374052464962006
15 11.2919 -0.0079 pedestrian 0.6156728863716125
16 10.0136 0.0394 pedestrian 0.5685986280441284
16 11.0789 0.0079 pedestrian 0.5387483537197113
17 10.0136 0.0236 pedestrian 0.5952527225017548
17 11.2919 -0.0079 pedestrian 0.5459433794021606
18 10.0136 0.0394 pedestrian 0.6407369673252106
18 11.0789 0.0079 pedestrian 0.5874215960502625
19 10.0136 0.0394 pedestrian 0.6234816908836365
19 11.2919 0.0079 pedestrian 0.5820435583591461
20 9.8005 0.0551 pedestrian 0.6557733118534088
20 11.0789 0.0079 pedestrian 0.6078223586082458
21 10.0136 0.0236 pedestrian 0.6516222059726715
21 11.2919 -0.0079 pedestrian 0.59870645403862
22 10.0136 0.0394 pedestrian 0.6275225877761841
22 11.2919 0.0079 pedestrian 0.5808019042015076
23 10.0136 0.0236 pedestrian 0.6016856729984283
23 11.2919 -0.0079 pedestrian 0.5612553358078003
24 10.0136 -0.0079 pedestrian 0.563613623380661
25 10.0136 0.0236 pedestrian 0.6010211408138275
25 11.2919 0.0079 pedestrian 0.5424749255180359
26 10.0136 -0.0079 pedestrian 0.6374025344848633
26 11.5050 0.0394 pedestrian 0.5776698291301727
27 9.8005 -0.0079 pedestrian 0.62283855676651
27 11.5050 0.0236 pedestrian 0.5863959789276123
28 10.0136 -0.0079 pedestrian 0.6334193348884583
28 11.5050 0.0079 pedestrian 0.5863866806030273
29 10.0136 0.0236 pedestrian 0.6282097399234772
29 11.5050 0.0236 pedestrian 0.5879487097263336
30 10.0136 -0.0079 pedestrian 0.6152751445770264
30 11.2919 0.0236 pedestrian 0.5697627067565918
31 10.0136 0.0079 pedestrian 0.5775884389877319
31 11.5050 0.0236 pedestrian 0.5448748469352722
32 10.0136 -0.0236 pedestrian 0.6144752204418182
32 11.2919 0.0394 pedestrian 0.5222195386886597
33 10.0136 -0.0394 pedestrian 0.6551653444766998
33 11.2919 0.0551 pedestrian 0.5635939240455627
34 10.0136 -0.0394 pedestrian 0.6981495916843414
34 11.2919 0.0394 pedestrian 0.6090893447399139
35 10.0136 -0.0394 pedestrian 0.7039735317230225
35 11.2919 0.0551 pedestrian 0.6095304191112518
36 10.0136 -0.0394 pedestrian 0.6856454610824585
36 11.2919 0.0394 pedestrian 0.6336113512516022
37 10.2266 -0.0394 pedestrian 0.7141108214855194
37 11.2919 0.0551 pedestrian 0.641555905342102
38 10.2266 -0.0394 pedestrian 0.6568790674209595
38 11.2919 0.0394 pedestrian 0.6152177453041077
39 10.0136 -0.0394 pedestrian 0.6313379406929016
39 11.2919 0.0551 pedestrian 0.5859614610671997
40 10.0136 -0.0867 pedestrian 0.6419270932674408
40 11.2919 0.0709 pedestrian 0.5357801914215088
41 10.0136 -0.0709 pedestrian 0.6922207474708557
41 11.5050 0.0709 pedestrian 0.5858194231987
42 10.0136 -0.0867 pedestrian 0.7356468737125397
42 11.5050 0.0867 pedestrian 0.6191934049129486
43 10.0136 -0.0709 pedestrian 0.7236614525318146
43 11.5050 0.0867 pedestrian 0.6175288558006287
44 10.0136 -0.0867 pedestrian 0.7305957078933716
44 11.5050 0.0867 pedestrian 0.6227995157241821
45 10.2266 -0.1025 pedestrian 0.7438048720359802
45 11.5050 0.0867 pedestrian 0.6327468156814575
46 10.2266 -0.0867 pedestrian 0.7158444225788116
46 11.5050 0.0867 pedestrian 0.6060059368610382
47 10.2266 -0.0709 pedestrian 0.661689281463623
47 11.5050 0.0867 pedestrian 0.5689792931079865
48 10.2266 -0.0867 pedestrian 0.6891277134418488
48 11.5050 0.1025 pedestrian 0.5695770978927612
49 10.2266 -0.1025 pedestrian 0.7534819543361664
49 11.5050 0.1025 pedestrian 0.622112363576889
50 10.2266 -0.0867 pedestrian 0.8040740191936493
50 11.5050 0.1025 pedestrian 0.6603825986385345
51 10.2266 -0.1025 pedestrian 0.8014229536056519
51 11.5050 0.1184 pedestrian 0.6551115214824677
52 10.2266 -0.1025 pedestrian 0.8142792582511902
52 11.5050 0.0867 pedestrian 0.6489730775356293
53 10.2266 -0.1025 pedestrian 0.8404569029808044
53 11.5050 0.0867 pedestrian 0.6547859907150269
54 10.2266 -0.0867 pedestrian 0.7885091304779053
54 11.2919 0.1025 pedestrian 0.6213522255420685
55 10.2266 -0.0867 pedestrian 0.7466450333595276
55 11.5050 0.0867 pedestrian 0.5858831107616425
56 10.4397 -0.1184 pedestrian 0.7693671882152557
56 11.5050 0.1502 pedestrian 0.6419276595115662
57 10.4397 -0.1025 pedestrian 0.8474284112453461
57 11.5050 0.1343 pedestrian 0.7077321410179138
58 10.4397 -0.1025 pedestrian 0.8855188488960266
58 11.5050 0.1502 pedestrian 0.7361611723899841
59 10.4397 -0.1025 pedestrian 0.8991376161575317
59 11.5050 0.1184 pedestrian 0.7331759333610535
60 10.4397 -0.1184 pedestrian 0.8872588574886322
60 11.5050 0.1502 pedestrian 0.7354363203048706
61 10.4397 -0.1025 pedestrian 0.9132001101970673
61 11.5050 0.1343 pedestrian 0.7400566637516022
62 10.4397 -0.1184 pedestrian 0.8512660264968872
62 11.5050 0.1502 pedestrian 0.710017740726471
63 10.4397 -0.1184 pedestrian 0.7914270460605621
63 11.5050 0.1343 pedestrian 0.6708662509918213
64 10.4397 -0.1343 pedestrian 0.7682326138019562
64 11.7180 0.1661 pedestrian 0.7298991978168488
65 10.4397 -0.1025 pedestrian 0.8125996589660645
65 11.7180 0.1661 pedestrian 0.7868886291980743
66 10.4397 -0.1343 pedestrian 0.8726977109909058
66 11.7180 0.1661 pedestrian 0.8303004205226898
67 11.7180 0.1661 pedestrian 0.8458130657672882
67 10.4397 -0.1343 pedestrian 0.8418059647083282
68 11.7180 0.1661 pedestrian 0.8720413446426392
68 10.4397 -0.1343 pedestrian 0.8480532169342041
69 11.7180 0.1661 pedestrian 0.8946849405765533
69 10.4397 -0.1343 pedestrian 0.8467795252799988
70 11.7180 0.1661 pedestrian 0.8650108575820923
70 10.4397 -0.1343 pedestrian 0.8056394159793854
71 11.7180 0.1661 pedestrian 0.8408195972442627
71 10.4397 -0.1343 pedestrian 0.7630673050880432
72 11.7180 0.1661 pedestrian 0.8339933454990387
72 10.4397 -0.1343 pedestrian 0.7658205926418304
73 11.7180 0.1821 pedestrian 0.9076747298240662
73 10.4397 -0.1502 pedestrian 0.8215611577033997
74 11.7180 0.1821 pedestrian 0.9398340582847595
74 10.4397 -0.1343 pedestrian 0.868466705083847
75 11.7180 0.1821 pedestrian 0.956527441740036
75 10.4397 -0.1502 pedestrian 0.844563215970993
76 11.7180 0.1981 pedestrian 0.9563633501529694
76 10.4397 -0.1502 pedestrian 0.8371757864952087
77 11.7180 0.1821 pedestrian 0.9754293859004974
77 10.6527 -0.1661 pedestrian 0.8389488458633423
78 11.7180 0.1981 pedestrian 0.9184188544750214
78 10.6527 -0.1661 pedestrian 0.7876811623573303
79 11.7180 0.1661 pedestrian 0.8641262948513031
79 10.6527 -0.1502 pedestrian 0.7372919917106628
80 11.7180 0.2304 pedestrian 0.7814960181713104
80 10.6527 -0.1502 pedestrian 0.7406924664974213
81 11.7180 0.2142 pedestrian 0.8626542091369629
81 10.6527 -0.1661 pedestrian 0.7877959311008453
82 11.7180 0.2142 pedestrian 0.9027844965457916
82 10.6527 -0.1661 pedestrian 0.8048108816146851
83 11.7180 0.2142 pedestrian 0.9104792773723602
83 10.6527 -0.1661 pedestrian 0.8162026107311249
84 11.7180 0.2142 pedestrian 0.9221012890338898
84 10.6527 -0.1821 pedestrian 0.7888730764389038
85 11.7180 0.2142 pedestrian 0.9403055608272552
85 10.6527 -0.1661 pedestrian 0.8166965246200562
86 11.7180 0.2304 pedestrian 0.8811436593532562
86 10.6527 -0.1661 pedestrian 0.7577263116836548
87 11.7180 0.2304 pedestrian 0.8320774435997009
87 10.6527 -0.1821 pedestrian 0.723738968372345
88 11.7180 0.2304 pedestrian 0.7605532705783844
88 10.6527 -0.1661 pedestrian 0.7008406519889832
89 11.7180 0.2304 pedestrian 0.8046818971633911
89 10.6527 -0.1821 pedestrian 0.7578397393226624
90 11.7180 0.2304 pedestrian 0.8425373136997223
90 10.6527 -0.1821 pedestrian 0.7648596167564392
91 11.7180 0.2304 pedestrian 0.8487037420272827
91 10.6527 -0.1981 pedestrian 0.7780765295028687
92 11.7180 0.2304 pedestrian 0.8392706215381622
92 10.6527 -0.1981 pedestrian 0.7758933007717133
93 11.7180 0.2304 pedestrian 0.8408650755882263
93 10.6527 -0.1821 pedestrian 0.7874747812747955
94 11.9311 0.2304 pedestrian 0.7948761582374573
94 10.8658 -0.1981 pedestrian 0.739579051733017
95 11.7180 0.2304 pedestrian 0.7426944077014923
95 10.6527 -0.2142 pedestrian 0.7014862895011902
96 10.8658 -0.2142 pedestrian 0.6980132758617401
96 11.7180 0.2629 pedestrian 0.691627025604248
97 10.8658 -0.2304 pedestrian 0.7500188052654266
97 11.7180 0.2466 pedestrian 0.7323135733604431
98 10.8658 -0.2304 pedestrian 0.7787654399871826
98 11.7180 0.2792 pedestrian 0.7722406387329102
99 10.8658 -0.2304 pedestrian 0.7888050675392151
99 11.7180 0.2629 pedestrian 0.7799935936927795
100 10.8658 -0.2304 pedestrian 0.7978283166885376
100 11.7180 0.2792 pedestrian 0.7879199087619781
101 10.8658 -0.2304 pedestrian 0.8031673729419708
101 11.7180 0.2629 pedestrian 0.7926328480243683
102 10.8658 -0.2304 pedestrian 0.7720919549465179
102 11.9311 0.2629 pedestrian 0.7511268258094788
103 10.8658 -0.2304 pedestrian 0.7221525311470032
103 11.7180 0.2629 pedestrian 0.7069800496101379
104 10.8658 -0.2466 pedestrian 0.7570183873176575
104 11.7180 0.2956 pedestrian 0.634800374507904
105 10.8658 -0.2304 pedestrian 0.8297691643238068
105 11.9311 0.2956 pedestrian 0.6708238422870636
106 10.8658 -0.2304 pedestrian 0.841077983379364
106 11.9311 0.2956 pedestrian 0.7036860287189484
107 10.8658 -0.2304 pedestrian 0.845251053571701
107 11.9311 0.2792 pedestrian 0.7047458291053772
108 10.8658 -0.2304 pedestrian 0.8430122137069702
108 11.9311 0.2956 pedestrian 0.7162858843803406
109 10.8658 -0.2304 pedestrian 0.852880597114563
109 11.9311 0.2956 pedestrian 0.724515438079834
110 10.8658 -0.2466 pedestrian 0.8062173128128052
110 11.9311 0.3121 pedestrian 0.6874530911445618
111 10.8658 -0.2466 pedestrian 0.762060821056366
111 11.9311 0.2956 pedestrian 0.6414467394351959
112 10.8658 -0.2629 pedestrian 0.733642190694809
112 11.9311 0.3287 pedestrian 0.6472501158714294
113 10.8658 -0.2629 pedestrian 0.7774901986122131
113 11.9311 0.3121 pedestrian 0.6960566937923431
114 10.8658 -0.2629 pedestrian 0.7955300211906433
114 11.9311 0.3287 pedestrian 0.7313702404499054
115 10.6527 -0.2629 pedestrian 0.7893750965595245
115 11.9311 0.3454 pedestrian 0.7644898891448975
116 10.6527 -0.2629 pedestrian 0.7888190448284149
116 11.9311 0.3287 pedestrian 0.7654190063476562
117 10.6527 -0.2466 pedestrian 0.7890224158763885
117 11.9311 0.3454 pedestrian 0.7778467237949371
118 10.8658 -0.2629 pedestrian 0.7611650228500366
118 11.9311 0.3287 pedestrian 0.7450496256351471
119 10.6527 -0.2466 pedestrian 0.7258288860321045
119 11.9311 0.3454 pedestrian 0.6944753527641296
120 10.6527 -0.2792 pedestrian 0.7097799479961395
120 11.9311 0.3622 pedestrian 0.6818424463272095
121 11.9311 0.3622 pedestrian 0.7552387714385986
121 10.6527 -0.2629 pedestrian 0.7379122972488403
122 12.1441 0.3454 pedestrian 0.7972481548786163
122 10.6527 -0.2792 pedestrian 0.7601849734783173
123 11.9311 0.3454 pedestrian 0.8136424124240875
123 10.6527 -0.2629 pedestrian 0.7646447122097015
124 12.1441 0.3622 pedestrian 0.8105900585651398
124 10.6527 -0.2629 pedestrian 0.7555497884750366
125 12.1441 0.3454 pedestrian 0.833560436964035
125 10.6527 -0.2792 pedestrian 0.7484288215637207
126 12.1441 0.3622 pedestrian 0.7839580178260803
126 10.6527 -0.2792 pedestrian 0.7188745439052582
127 12.1441 0.3791 pedestrian 0.7412745356559753
127 10.6527 -0.2792 pedestrian 0.6765568852424622
128 12.1441 0.3622 pedestrian 0.7038331627845764
128 10.6527 -0.2792 pedestrian 0.6953643262386322
129 12.1441 0.3622 pedestrian 0.7482840418815613
129 10.6527 -0.2792 pedestrian 0.7253543138504028
130 12.3572 0.3622 pedestrian 0.7886452972888947
130 10.6527 -0.2792 pedestrian 0.7538950145244598
131 12.3572 0.3454 pedestrian 0.7937384247779846
131 10.6527 -0.2956 pedestrian 0.7545827925205231
132 12.3572 0.3622 pedestrian 0.8196328580379486
132 10.6527 -0.2792 pedestrian 0.7486244142055511
133 12.3572 0.3454 pedestrian 0.8261045813560486
133 10.6527 -0.2956 pedestrian 0.7390119433403015
134 12.3572 0.3454 pedestrian 0.7739529013633728
134 10.4397 -0.2792 pedestrian 0.7003373503684998
135 12.3572 0.3454 pedestrian 0.7043342590332031
135 10.4397 -0.2629 pedestrian 0.6699639856815338
136 10.4397 -0.2956 pedestrian 0.6711077392101288
136 12.3572 0.3622 pedestrian 0.6113279461860657
137 10.4397 -0.2956 pedestrian 0.7250587046146393
137 12.3572 0.3622 pedestrian 0.6510329246520996
138 10.4397 -0.2956 pedestrian 0.7557936608791351
138 12.3572 0.3622 pedestrian 0.6674831509590149
139 10.4397 -0.2956 pedestrian 0.7501662373542786
139 12.3572 0.3791 pedestrian 0.6797561645507812
140 10.4397 -0.2956 pedestrian 0.7437910735607147
140 12.3572 0.3622 pedestrian 0.675088107585907
141 10.4397 -0.2956 pedestrian 0.7592522203922272
141 12.3572 0.3791 pedestrian 0.674999475479126
142 10.2266 -0.2956 pedestrian 0.7232109904289246
142 12.3572 0.3622 pedestrian 0.6156029403209686
143 10.2266 -0.2792 pedestrian 0.6695452630519867
143 12.3572 0.3791 pedestrian 0.5663321614265442
144 10.2266 -0.2792 pedestrian 0.6877497136592865
144 12.5702 0.3961 pedestrian 0.5241256058216095
145 10.2266 -0.2956 pedestrian 0.7321822047233582
145 12.5702 0.4132 pedestrian 0.5863581299781799
146 10.2266 -0.2792 pedestrian 0.7700737416744232
146 12.5702 0.3791 pedestrian 0.62465500831604
147 10.2266 -0.2956 pedestrian 0.7761373519897461
147 12.5702 0.4132 pedestrian 0.6414354741573334
148 10.2266 -0.2792 pedestrian 0.7687945067882538
148 12.5702 0.3961 pedestrian 0.6664626598358154
149 10.2266 -0.2792 pedestrian 0.7766394019126892
149 12.5702 0.3961 pedestrian 0.6795397698879242
150 10.2266 -0.2792 pedestrian 0.7472644150257111
150 12.7833 0.3961 pedestrian 0.6567054390907288
151 10.0136 -0.2792 pedestrian 0.6947957575321198
151 12.5702 0.3961 pedestrian 0.6191149055957794
152 10.0136 -0.2792 pedestrian 0.6980177462100983
152 12.5702 0.3961 pedestrian 0.643051028251648
153 10.2266 -0.2792 pedestrian 0.742429792881012
153 12.5702 0.4132 pedestrian 0.6998268067836761
154 10.2266 -0.2629 pedestrian 0.7693956196308136
154 12.7833 0.3961 pedestrian 0.7384440898895264
155 10.0136 -0.2792 pedestrian 0.7714139819145203
155 12.7833 0.4132 pedestrian 0.7538357675075531
156 10.0136 -0.2629 pedestrian 0.7626054883003235
156 12.7833 0.3961 pedestrian 0.7617967426776886
157 12.7833 0.4132 pedestrian 0.7737118303775787
157 10.0136 -0.2792 pedestrian 0.7649134397506714
158 12.7833 0.3961 pedestrian 0.7494693696498871
158 10.0136 -0.2629 pedestrian 0.7270750999450684
159 10.0136 -0.2792 pedestrian 0.6879898905754089
159 12.7833 0.4132 pedestrian 0.6782033741474152
160 10.0136 -0.2466 pedestrian 0.7132923603057861
160 12.7833 0.3961 pedestrian 0.5976075828075409
161 10.0136 -0.2304 pedestrian 0.7729422152042389
161 12.7833 0.3791 pedestrian 0.6346904933452606
162 10.0136 -0.2304 pedestrian 0.8131735026836395
162 12.9963 0.3791 pedestrian 0.6850078701972961
163 10.0136 -0.2304 pedestrian 0.8084044456481934
163 12.9963 0.3961 pedestrian 0.6881738901138306
164 10.0136 -0.2304 pedestrian 0.8192584812641144
164 12.9963 0.3791 pedestrian 0.7187462747097015
165 10.0136 -0.2304 pedestrian 0.8133854866027832
165 12.9963 0.3791 pedestrian 0.7130684852600098
166 10.0136 -0.2142 pedestrian 0.7705539464950562
166 12.9963 0.3961 pedestrian 0.6936956644058228
167 10.0136 -0.2466 pedestrian 0.7219063937664032
167 12.9963 0.3791 pedestrian 0.6713415384292603
168 10.0136 -0.2142 pedestrian 0.7884553968906403
168 12.9963 0.3791 pedestrian 0.6770481765270233
169 10.0136 -0.1981 pedestrian 0.85092893242836
169 12.9963 0.3791 pedestrian 0.7301491796970367
170 10.0136 -0.1981 pedestrian 0.8709657192230225
170 12.9963 0.3791 pedestrian 0.7846703827381134
171 10.0136 -0.1981 pedestrian 0.8768956661224365
171 12.9963 0.3961 pedestrian 0.7840896248817444
172 10.0136 -0.1981 pedestrian 0.8636484742164612
172 12.9963 0.3791 pedestrian 0.7938370108604431
173 10.0136 -0.1981 pedestrian 0.8737086951732635
173 12.9963 0.3791 pedestrian 0.784596711397171
174 10.0136 -0.1981 pedestrian 0.8428719341754913
174 12.9963 0.3961 pedestrian 0.7510928511619568
175 10.0136 -0.1981 pedestrian 0.796043872833252
175 12.9963 0.3791 pedestrian 0.7294950187206268
176 10.0136 -0.1821 pedestrian 0.7792124152183533
176 12.9963 0.3791 pedestrian 0.6898225247859955
177 10.0136 -0.1661 pedestrian 0.8569221794605255
177 12.9963 0.3622 pedestrian 0.7444052398204803
178 10.0136 -0.1661 pedestrian 0.8841519355773926
178 12.9963 0.3791 pedestrian 0.795730322599411
179 10.0136 -0.1661 pedestrian 0.8808191120624542
179 13.2094 0.3791 pedestrian 0.8018697202205658
180 10.0136 -0.1661 pedestrian 0.8728720545768738
180 13.2094 0.3791 pedestrian 0.8023868799209595
181 10.0136 -0.1661 pedestrian 0.8810940980911255
181 13.2094 0.3791 pedestrian 0.7991682887077332
182 10.0136 -0.1661 pedestrian 0.8124002814292908
182 13.2094 0.3791 pedestrian 0.7677613794803619
183 9.8005 -0.1821 pedestrian 0.7588504552841187
183 12.9963 0.3791 pedestrian 0.729100912809372
184 13.2094 0.3622 pedestrian 0.7226721942424774
184 10.0136 -0.1502 pedestrian 0.7043933272361755
185 13.2094 0.3622 pedestrian 0.7722208201885223
185 9.8005 -0.1502 pedestrian 0.7659686803817749
186 13.2094 0.3622 pedestrian 0.8344224095344543
186 9.8005 -0.1502 pedestrian 0.800498902797699
187 13.2094 0.3622 pedestrian 0.8357350826263428
187 9.8005 -0.1502 pedestrian 0.80255126953125
188 13.2094 0.3454 pedestrian 0.853111982345581
188 9.8005 -0.1661 pedestrian 0.8032979071140289
189 13.2094 0.3622 pedestrian 0.8711382448673248
189 9.8005 -0.1502 pedestrian 0.8117408752441406
190 13.2094 0.3454 pedestrian 0.8270357549190521
190 9.8005 -0.1661 pedestrian 0.7941778004169464
191 13.2094 0.3622 pedestrian 0.7712203860282898
191 9.8005 -0.1502 pedestrian 0.7414130866527557
192 9.8005 -0.1502 pedestrian 0.7672703862190247
192 13.2094 0.3454 pedestrian 0.7495224177837372
193 9.8005 -0.1502 pedestrian 0.8219323456287384
193 13.2094 0.3287 pedestrian 0.8180047571659088
194 9.8005 -0.1502 pedestrian 0.8598507642745972
194 13.2094 0.3287 pedestrian 0.855300635099411
195 9.8005 -0.1343 pedestrian 0.8666020333766937
195 13.2094 0.3287 pedestrian 0.8553103804588318
196 13.2094 0.3454 pedestrian 0.8630264699459076
196 9.8005 -0.1343 pedestrian 0.8559477031230927
197 13.2094 0.3287 pedestrian 0.8742749989032745
197 9.8005 -0.1184 pedestrian 0.853765994310379
198 13.2094 0.3454 pedestrian 0.8275650143623352
198 9.8005 -0.1343 pedestrian 0.8154764175415039
199 13.2094 0.3287 pedestrian 0.7778392434120178
199 9.8005 -0.1184 pedestrian 0.7722799479961395
200 13.2094 0.3121 pedestrian 0.7247179746627808
200 9.8005 -0.1184 pedestrian 0.6910675764083862
201 13.2094 0.3287 pedestrian 0.7887248396873474
201 9.8005 -0.1184 pedestrian 0.7553713321685791
202 13.2094 0.3287 pedestrian 0.83890300989151
202 9.8005 -0.1184 pedestrian 0.7673865556716919
203 13.2094 0.3121 pedestrian 0.838363915681839
203 9.8005 -0.1184 pedestrian 0.7890429198741913
204 13.2094 0.3121 pedestrian 0.8570143282413483
204 9.8005 -0.1184 pedestrian 0.7886661291122437
205 13.2094 0.3287 pedestrian 0.8580096960067749
205 9.8005 -0.1184 pedestrian 0.7907034456729889
206 13.2094 0.3121 pedestrian 0.8076870739459991
206 9.8005 -0.1025 pedestrian 0.7503576874732971
207 13.2094 0.3287 pedestrian 0.7578990757465363
207 9.8005 -0.1184 pedestrian 0.7047695815563202
208 13.2094 0.2956 pedestrian 0.7260032296180725
208 9.8005 -0.0867 pedestrian 0.6228991150856018
209 13.2094 0.2956 pedestrian 0.7665309011936188
209 9.8005 -0.0867 pedestrian 0.6598824858665466
210 13.2094 0.2956 pedestrian 0.8250386714935303
210 9.8005 -0.0867 pedestrian 0.6980251371860504
211 13.2094 0.2792 pedestrian 0.8333982527256012
211 9.8005 -0.0709 pedestrian 0.687567800283432
212 13.2094 0.2792 pedestrian 0.873516321182251
212 9.8005 -0.0709 pedestrian 0.7156497836112976
213 13.2094 0.2792 pedestrian 0.8663025796413422
213 9.8005 -0.0709 pedestrian 0.6996005177497864
214 13.2094 0.2792 pedestrian 0.8297390341758728
214 9.8005 -0.0709 pedestrian 0.6921692788600922
215 13.2094 0.2629 pedestrian 0.7678118646144867
215 9.8005 -0.0551 pedestrian 0.6547347903251648
216 13.2094 0.2792 pedestrian 0.7564122378826141
216 9.8005 -0.0394 pedestrian 0.7056722640991211
217 13.2094 0.2629 pedestrian 0.8267084360122681
217 9.8005 -0.0551 pedestrian 0.767881840467453
218 13.2094 0.2629 pedestrian 0.8630647659301758
218 10.0136 -0.0394 pedestrian 0.8086667954921722
219 13.2094 0.2629 pedestrian 0.8628329038619995
219 9.8005 -0.0394 pedestrian 0.8093558251857758
220 13.2094 0.2629 pedestrian 0.8726138174533844
220 10.0136 -0.0394 pedestrian 0.8226318657398224
221 13.2094 0.2629 pedestrian 0.8709082305431366
221 10.0136 -0.0394 pedestrian 0.8317406177520752
222 13.2094 0.2629 pedestrian 0.8136595189571381
222 9.8005 -0.0394 pedestrian 0.7995498478412628
223 13.2094 0.2629 pedestrian 0.7692457139492035
223 9.8005 -0.0236 pedestrian 0.7470422685146332
224 9.8005 -0.0236 pedestrian 0.7487592995166779
224 13.2094 0.2304 pedestrian 0.7067797183990479
225 9.8005 -0.0236 pedestrian 0.8015448451042175
225 13.2094 0.2629 pedestrian 0.7527985572814941
226 9.8005 -0.0236 pedestrian 0.8223837018013
226 13.2094 0.2304 pedestrian 0.7937746644020081
227 9.8005 -0.0236 pedestrian 0.8320708274841309
227 13.2094 0.2466 pedestrian 0.8027578592300415
228 9.8005 -0.0079 pedestrian 0.8144146203994751
228 13.2094 0.2466 pedestrian 0.8072427213191986
229 9.8005 -0.0236 pedestrian 0.8223195374011993
229 13.2094 0.2304 pedestrian 0.8085374534130096
230 9.8005 -0.0236 pedestrian 0.7881424725055695
230 13.2094 0.2304 pedestrian 0.7801251113414764
231 9.8005 -0.0236 pedestrian 0.7573896944522858
231 12.9963 0.2466 pedestrian 0.7442369163036346
232 9.8005 0.0236 pedestrian 0.7105398178100586
232 13.2094 0.2304 pedestrian 0.6777409017086029
233 9.8005 0.0079 pedestrian 0.7643623054027557
233 13.2094 0.2304 pedestrian 0.7115988433361053
234 10.0136 0.0236 pedestrian 0.7988238334655762
234 13.2094 0.2142 pedestrian 0.7608249187469482
235 10.0136 0.0236 pedestrian 0.7881800532341003
235 13.2094 0.2142 pedestrian 0.7643817961215973
236 10.0136 0.0236 pedestrian 0.8238080739974976
236 13.2094 0.2142 pedestrian 0.7655830979347229
237 10.0136 0.0236 pedestrian 0.8199128210544586
237 12.9963 0.2142 pedestrian 0.772402822971344
238 10.0136 0.0236 pedestrian 0.7997504472732544
238 13.2094 0.2142 pedestrian 0.726112574338913
239 9.8005 0.0394 pedestrian 0.7529226541519165
239 12.9963 0.2466 pedestrian 0.6715975105762482
240 9.8005 0.0394 pedestrian 0.721899002790451
240 12.9963 0.1981 pedestrian 0.6358344852924347
241 9.8005 0.0551 pedestrian 0.760779619216919
241 12.9963 0.2142 pedestrian 0.6751567721366882
242 9.8005 0.0551 pedestrian 0.7967276275157928
242 12.9963 0.1981 pedestrian 0.7216670513153076
243 9.8005 0.0394 pedestrian 0.8010956346988678
243 12.9963 0.2142 pedestrian 0.7063226401805878
244 9.8005 0.0551 pedestrian 0.8087302148342133
244 12.9963 0.1981 pedestrian 0.7309690713882446
245 9.8005 0.0551 pedestrian 0.8096324503421783
245 12.9963 0.1821 pedestrian 0.7294184565544128
246 9.8005 0.0551 pedestrian 0.7752017676830292
246 12.9963 0.1981 pedestrian 0.7087484002113342
247 9.8005 0.0394 pedestrian 0.738227903842926
247 12.9963 0.1821 pedestrian 0.6752610802650452
248 12.9963 0.1661 pedestrian 0.7098365724086761
248 10.0136 0.0867 pedestrian 0.6830649077892303
249 12.9963 0.1821 pedestrian 0.7667973637580872
249 10.0136 0.0867 pedestrian 0.7397046983242035
250 12.9963 0.1821 pedestrian 0.8205842077732086
250 10.0136 0.0867 pedestrian 0.7786996960639954
251 12.9963 0.1821 pedestrian 0.797779768705368
251 10.0136 0.0867 pedestrian 0.7603803873062134
252 12.7833 0.1821 pedestrian 0.8190153539180756
252 10.0136 0.0867 pedestrian 0.7887622714042664
253 12.9963 0.1821 pedestrian 0.8179595172405243
253 10.0136 0.0867 pedestrian 0.7881479561328888
254 12.9963 0.1661 pedestrian 0.7841039597988129
254 10.0136 0.0867 pedestrian 0.7429115772247314
255 12.9963 0.1821 pedestrian 0.7528530955314636
255 10.0136 0.1025 pedestrian 0.7146868705749512
256 12.7833 0.1502 pedestrian 0.6907078623771667
256 10.0136 0.1184 pedestrian 0.6580327749252319
257 12.9963 0.1502 pedestrian 0.729814887046814
257 10.0136 0.1184 pedestrian 0.694573700428009
258 12.7833 0.1502 pedestrian 0.7833824753761292
258 10.0136 0.1184 pedestrian 0.7103588879108429
259 12.7833 0.1502 pedestrian 0.7979609966278076
259 9.8005 0.1184 pedestrian 0.7145520746707916
260 12.7833 0.1502 pedestrian 0.8164287209510803
260 10.0136 0.1502 pedestrian 0.7170656323432922
261 12.7833 0.1502 pedestrian 0.7993908822536469
261 10.0136 0.1502 pedestrian 0.7233672738075256
262 12.7833 0.1502 pedestrian 0.7953336834907532
262 10.0136 0.1343 pedestrian 0.7088636159896851
263 12.7833 0.1502 pedestrian 0.7373442351818085
263 10.0136 0.1343 pedestrian 0.6724516451358795
264 10.0136 0.1502 pedestrian 0.698893129825592
264 12.7833 0.1343 pedestrian 0.6733962595462799
265 10.0136 0.1502 pedestrian 0.7686892151832581
265 12.5702 0.1502 pedestrian 0.6969845592975616
266 10.0136 0.1502 pedestrian 0.7969809770584106
266 12.7833 0.1184 pedestrian 0.7372353374958038
267 10.0136 0.1502 pedestrian 0.7891334593296051
267 12.7833 0.1502 pedestrian 0.7564250230789185
268 10.0136 0.1502 pedestrian 0.8069920539855957
268 12.7833 0.1343 pedestrian 0.7808155119419098
269 10.0136 0.1502 pedestrian 0.8096636235713959
269 12.7833 0.1343 pedestrian 0.7743516564369202
270 10.0136 0.1343 pedestrian 0.765491247177124
270 12.7833 0.1184 pedestrian 0.751302570104599
271 10.0136 0.1343 pedestrian 0.734044075012207
271 12.5702 0.1184 pedestrian 0.6949805617332458
272 10.0136 0.1661 pedestrian 0.7488641440868378
272 12.7833 0.1184 pedestrian 0.7387473881244659
273 10.0136 0.1502 pedestrian 0.8046028017997742
273 12.5702 0.1184 pedestrian 0.780689001083374
274 12.7833 0.1184 pedestrian 0.8302773833274841
274 10.0136 0.1661 pedestrian 0.822397917509079
275 12.5702 0.1184 pedestrian 0.8376173675060272
275 10.0136 0.1821 pedestrian 0.8210593163967133
276 12.7833 0.1184 pedestrian 0.8533510565757751
276 10.0136 0.1502 pedestrian 0.8266992270946503
277 12.5702 0.1184 pedestrian 0.861629843711853
277 10.0136 0.1661 pedestrian 0.8249662816524506
278 12.5702 0.1184 pedestrian 0.8265096545219421
278 10.0136 0.1661 pedestrian 0.7914474308490753
279 12.5702 0.1025 pedestrian 0.7965982258319855
279 10.0136 0.1661 pedestrian 0.7601143717765808
280 12.5702 0.1025 pedestrian 0.8385515511035919
280 10.0136 0.1981 pedestrian 0.716103732585907
281 12.5702 0.1184 pedestrian 0.9113745093345642
281 10.0136 0.2142 pedestrian 0.7689273059368134
282 12.5702 0.1025 pedestrian 0.9590347111225128
282 10.0136 0.1821 pedestrian 0.7871674299240112
283 12.5702 0.1025 pedestrian 0.9688582420349121
283 10.0136 0.1821 pedestrian 0.7847468852996826
284 12.5702 0.1025 pedestrian 0.9792405962944031
284 10.0136 0.1981 pedestrian 0.7914833724498749
285 12.5702 0.0867 pedestrian 0.9996171295642853
285 10.0136 0.2142 pedestrian 0.8183727264404297
286 12.5702 0.1025 pedestrian 0.9404735267162323
286 10.0136 0.2142 pedestrian 0.7636460065841675
287 12.5702 0.1025 pedestrian 0.8985112011432648
287 10.0136 0.1981 pedestrian 0.7329697012901306
288 12.5702 0.0709 pedestrian 0.8703913986682892
288 10.0136 0.2304 pedestrian 0.7690067291259766
289 12.5702 0.0867 pedestrian 0.9626408219337463
289 10.0136 0.2142 pedestrian 0.8343498110771179
290 12.5702 0.0709 pedestrian 0.9835500121116638
290 10.0136 0.2304 pedestrian 0.8757889568805695
291 12.5702 0.0867 pedestrian 0.9932897984981537
291 10.0136 0.2466 pedestrian 0.8694093823432922
292 12.5702 0.0709 pedestrian 0.9958088099956512
292 10.2266 0.2466 pedestrian 0.881177544593811
293 12.5702 0.0867 pedestrian 1.0
293 10.0136 0.2466 pedestrian 0.8901811838150024
294 12.5702 0.0709 pedestrian 0.9567552804946899
294 10.2266 0.2466 pedestrian 0.8731473088264465
295 12.5702 0.0551 pedestrian 0.9027979373931885
295 10.0136 0.2304 pedestrian 0.8249136209487915
296 12.5702 0.0551 pedestrian 0.8508624732494354
296 10.2266 0.2792 pedestrian 0.7835601270198822
297 12.5702 0.0551 pedestrian 0.9136137366294861
297 10.2266 0.2792 pedestrian 0.8189992904663086
298 12.5702 0.0551 pedestrian 0.9260450005531311
298 10.2266 0.2792 pedestrian 0.875320702791214
299 12.5702 0.0551 pedestrian 0.9365478456020355
299 10.2266 0.2792 pedestrian 0.8708579838275909
300 12.5702 0.0551 pedestrian 0.9318624436855316
300 10.2266 0.2792 pedestrian 0.8982076346874237
301 12.5702 0.0551 pedestrian 0.9547494053840637
301 10.2266 0.2792 pedestrian 0.8763604760169983
302 12.5702 0.0394 pedestrian 0.8933132886886597
302 10.2266 0.2792 pedestrian 0.8863884806632996
303 12.5702 0.0394 pedestrian 0.850538045167923
303 10.2266 0.2629 pedestrian 0.8141387403011322
304 10.2266 0.2792 pedestrian 0.8216874599456787
304 12.5702 0.0394 pedestrian 0.8100145161151886
305 12.5702 0.0236 pedestrian 0.8939582109451294
305 10.2266 0.2956 pedestrian 0.856952428817749
306 10.2266 0.2792 pedestrian 0.9275056421756744
306 12.5702 0.0394 pedestrian 0.9042271971702576
307 10.2266 0.2792 pedestrian 0.9083511531352997
307 12.5702 0.0394 pedestrian 0.9000710546970367
308 10.2266 0.2792 pedestrian 0.9235756099224091
308 12.5702 0.0236 pedestrian 0.9036477208137512
309 10.4397 0.2956 pedestrian 0.9271535277366638
309 12.5702 0.0236 pedestrian 0.9195661544799805
310 10.4397 0.3121 pedestrian 0.8996690213680267
310 12.5702 0.0236 pedestrian 0.8722089231014252
311 10.4397 0.3121 pedestrian 0.8761787414550781
311 12.3572 0.0079 pedestrian 0.8247548937797546
312 10.4397 0.3287 pedestrian 0.854191929101944
312 12.3572 0.0236 pedestrian 0.7929395437240601
313 10.4397 0.3121 pedestrian 0.9054027497768402
313 12.5702 0.0236 pedestrian 0.8787804841995239
314 10.4397 0.3121 pedestrian 0.9776257872581482
314 12.3572 0.0236 pedestrian 0.9007876515388489
315 10.4397 0.3121 pedestrian 0.9627374708652496
315 12.3572 0.0079 pedestrian 0.9046685099601746
316 10.4397 0.3287 pedestrian 0.9901800453662872
316 12.3572 0.0236 pedestrian 0.9029691815376282
317 10.4397 0.3121 pedestrian 0.9882555902004242
317 12.3572 0.0079 pedestrian 0.919704407453537
318 10.4397 0.3287 pedestrian 0.973739504814148
318 12.3572 0.0236 pedestrian 0.8777842223644257
319 10.4397 0.3121 pedestrian 0.9261336922645569
319 12.3572 0.0079 pedestrian 0.8433485329151154
320 10.4397 0.3454 pedestrian 0.8422103524208069
320 12.3572 -0.0079 pedestrian 0.749788761138916
321 10.4397 0.3454 pedestrian 0.9039562940597534
321 12.3572 0.0079 pedestrian 0.8107192516326904
322 10.4397 0.3454 pedestrian 0.95197993516922
322 12.5702 -0.0079 pedestrian 0.8482791781425476
323 10.4397 0.3454 pedestrian 0.945209801197052
323 12.3572 -0.0079 pedestrian 0.8559191524982452
324 10.4397 0.3454 pedestrian 0.9303589165210724
324 12.3572 -0.0079 pedestrian 0.8581674993038177
325 10.4397 0.3454 pedestrian 0.9486916959285736
325 12.3572 -0.0236 pedestrian 0.8593092858791351
326 10.6527 0.3454 pedestrian 0.9088180065155029
326 12.3572 -0.0236 pedestrian 0.8339175879955292
327 10.6527 0.3454 pedestrian 0.8449994325637817
327 12.3572 -0.0236 pedestrian 0.7877000570297241
328 10.6527 0.3622 pedestrian 0.7973463237285614
328 12.3572 -0.0236 pedestrian 0.7734770178794861
329 10.6527 0.3622 pedestrian 0.8445018827915192
329 12.3572 -0.0236 pedestrian 0.8299829959869385
330 10.6527 0.3791 pedestrian 0.8798585832118988
330 12.3572 -0.0394 pedestrian 0.8758133053779602
331 10.6527 0.3791 pedestrian 0.8835817873477936
331 12.5702 -0.0236 pedestrian 0.8770813047885895
332 12.5702 -0.0394 pedestrian 0.8811705410480499
332 10.6527 0.3622 pedestrian 0.8806533217430115
333 12.5702 -0.0394 pedestrian 0.8952499032020569
333 10.6527 0.3622 pedestrian 0.8881845772266388
334 12.3572 -0.0394 pedestrian 0.8583814203739166
334 10.6527 0.3622 pedestrian 0.8367611467838287
335 12.3572 -0.0236 pedestrian 0.8068148791790009
335 10.6527 0.3622 pedestrian 0.7934304177761078
336 12.5702 -0.0551 pedestrian 0.7183776199817657
336 10.6527 0.4132 pedestrian 0.7002348899841309
337 12.5702 -0.0394 pedestrian 0.7753920257091522
337 10.8658 0.4132 pedestrian 0.7585533559322357
338 12.5702 -0.0394 pedestrian 0.8080990314483643
338 10.8658 0.4132 pedestrian 0.7877568602561951
339 12.5702 -0.0394 pedestrian 0.8143265247344971
339 10.8658 0.4132 pedestrian 0.7949783205986023
340 12.5702 -0.0551 pedestrian 0.8281089961528778
340 10.8658 0.4132 pedestrian 0.8069676458835602
341 12.5702 -0.0394 pedestrian 0.8499483466148376
341 10.8658 0.4132 pedestrian 0.8164646923542023
342 12.5702 -0.0551 pedestrian 0.7883879542350769
342 10.8658 0.4132 pedestrian 0.7607700228691101
343 12.5702 -0.0551 pedestrian 0.7371160686016083
343 10.8658 0.3961 pedestrian 0.7128591537475586
344 12.5702 -0.0867 pedestrian 0.7272143959999084
344 10.8658 0.4305 pedestrian 0.685033529996872
345 12.5702 -0.0867 pedestrian 0.7850477993488312
345 10.8658 0.4305 pedestrian 0.7352838218212128
346 12.5702 -0.0867 pedestrian 0.8388155102729797
346 10.8658 0.4305 pedestrian 0.7880702018737793
347 12.5702 -0.0867 pedestrian 0.8373400270938873
347 10.8658 0.4305 pedestrian 0.7904990911483765
348 12.5702 -0.0867 pedestrian 0.8377581238746643
348 10.8658 0.4305 pedestrian 0.7838101387023926
349 12.5702 -0.0867 pedestrian 0.8364169895648956
349 10.8658 0.4305 pedestrian 0.7958191335201263
350 12.5702 -0.0867 pedestrian 0.7991947829723358
350 10.8658 0.4305 pedestrian 0.7532902956008911
351 12.5702 -0.0867 pedestrian 0.7590921223163605
351 10.8658 0.4305 pedestrian 0.7155588567256927
352 12.5702 -0.0867 pedestrian 0.7995707094669342
352 10.8658 0.4305 pedestrian 0.7044124603271484
353 12.5702 -0.1025 pedestrian 0.8755842745304108
353 10.8658 0.4479 pedestrian 0.7400927841663361
354 12.5702 -0.1025 pedestrian 0.8911720812320709
354 10.8658 0.4305 pedestrian 0.7767382562160492
355 12.5702 -0.1025 pedestrian 0.8965381681919098
355 10.8658 0.4305 pedestrian 0.7740704417228699
356 12.5702 -0.1025 pedestrian 0.9041678607463837
356 10.8658 0.4305 pedestrian 0.7763499617576599
357 12.5702 -0.1025 pedestrian 0.909525066614151
357 10.8658 0.4305 pedestrian 0.7823851704597473
358 12.5702 -0.1025 pedestrian 0.8473123013973236
358 11.0789 0.4479 pedestrian 0.765190452337265
359 12.5702 -0.1184 pedestrian 0.8001672029495239
359 11.0789 0.4305 pedestrian 0.7181698977947235
360 12.5702 -0.1184 pedestrian 0.7772739827632904
360 11.0789 0.4479 pedestrian 0.7701903879642487
361 12.5702 -0.1025 pedestrian 0.8421836793422699
361 11.0789 0.4479 pedestrian 0.8325393199920654
362 11.0789 0.4479 pedestrian 0.8730122148990631
362 12.5702 -0.1025 pedestrian 0.8650974929332733
363 12.5702 -0.1025 pedestrian 0.8744719624519348
363 11.0789 0.4479 pedestrian 0.867179661989212
364 11.2919 0.4654 pedestrian 0.878380298614502
364 12.5702 -0.1025 pedestrian 0.8736810386180878
365 12.5702 -0.1025 pedestrian 0.8802822232246399
365 11.2919 0.4831 pedestrian 0.8693174123764038
366 11.2919 0.4654 pedestrian 0.8402111828327179
366 12.5702 -0.1184 pedestrian 0.8317977786064148
367 11.2919 0.4479 pedestrian 0.8063724040985107
367 12.5702 -0.1343 pedestrian 0.78469318151474
368 12.5702 -0.1343 pedestrian 0.7653470933437347
368 11.2919 0.4831 pedestrian 0.7559520304203033
369 12.5702 -0.1343 pedestrian 0.8249507546424866
369 11.2919 0.4831 pedestrian 0.8007116317749023
370 12.5702 -0.1343 pedestrian 0.8663461804389954
370 11.2919 0.4831 pedestrian 0.8196342885494232
371 12.5702 -0.1343 pedestrian 0.8663404881954193
371 11.2919 0.4831 pedestrian 0.8046548664569855
372 12.5702 -0.1343 pedestrian 0.8614812195301056
372 11.5050 0.4654 pedestrian 0.7955513596534729
373 12.5702 -0.1343 pedestrian 0.8731804192066193
373 11.5050 0.4831 pedestrian 0.7819676995277405
374 12.5702 -0.1502 pedestrian 0.8215561211109161
374 11.5050 0.4831 pedestrian 0.7336284220218658
375 12.5702 -0.1343 pedestrian 0.7726441323757172
375 11.5050 0.4654 pedestrian 0.6825666725635529
376 12.5702 -0.1502 pedestrian 0.7028453648090363
376 11.5050 0.4831 pedestrian 0.5710039436817169
377 12.7833 -0.1343 pedestrian 0.7371615171432495
377 11.5050 0.4831 pedestrian 0.6024086177349091
378 12.7833 -0.1502 pedestrian 0.7783007323741913
378 11.7180 0.4831 pedestrian 0.63432577252388
379 12.7833 -0.1502 pedestrian 0.7764223217964172
379 11.5050 0.4831 pedestrian 0.6210255026817322
380 12.7833 -0.1502 pedestrian 0.774000734090805
380 11.7180 0.4831 pedestrian 0.6317347288131714
381 12.7833 -0.1502 pedestrian 0.7877380549907684
381 11.7180 0.4831 pedestrian 0.6388522982597351
382 12.7833 -0.1502 pedestrian 0.7660037279129028
382 11.7180 0.4831 pedestrian 0.611357569694519
383 12.7833 -0.1502 pedestrian 0.716647207736969
383 11.7180 0.5010 pedestrian 0.5781867206096649
384 12.7833 -0.1502 pedestrian 0.5891439020633698
384 11.7180 0.5191 pedestrian 0.5769006311893463
385 12.7833 -0.1502 pedestrian 0.6311165690422058
385 11.7180 0.5191 pedestrian 0.6247640550136566
386 12.7833 -0.1661 pedestrian 0.672324925661087
386 11.7180 0.4831 pedestrian 0.65492844581604
387 12.7833 -0.1661 pedestrian 0.690574586391449
387 11.7180 0.5010 pedestrian 0.6307085156440735
388 12.9963 -0.1661 pedestrian 0.6843335628509521
388 11.7180 0.4831 pedestrian 0.6607434153556824
389 12.9963 -0.1661 pedestrian 0.709449052810669
389 11.7180 0.5191 pedestrian 0.6571596562862396
390 12.9963 -0.1502 pedestrian 0.6682237684726715
390 11.7180 0.5010 pedestrian 0.6324529945850372
391 12.9963 -0.1821 pedestrian 0.6258794069290161
391 11.7180 0.5010 pedestrian 0.5970166921615601
392 12.9963 -0.1821 pedestrian 0.6034663617610931
392 11.9311 0.5191 pedestrian 0.5099098086357117
393 12.9963 -0.1661 pedestrian 0.6703456938266754
393 11.9311 0.5010 pedestrian 0.5375553965568542
394 12.9963 -0.1661 pedestrian 0.7032169699668884
394 11.9311 0.5191 pedestrian 0.5638120770454407
395 12.9963 -0.1821 pedestrian 0.7159347534179688
395 11.9311 0.5191 pedestrian 0.5556774735450745
396 12.9963 -0.1821 pedestrian 0.7127362191677094
396 11.9311 0.5191 pedestrian 0.5674452781677246
397 12.9963 -0.1661 pedestrian 0.7194634974002838
397 11.9311 0.5010 pedestrian 0.5816447734832764
398 12.9963 -0.1661 pedestrian 0.6732633411884308
398 11.9311 0.5010 pedestrian 0.5741574168205261
399 12.9963 -0.1821 pedestrian 0.6345865428447723
399 12.1441 0.5191 pedestrian 0.5486525297164917
400 12.9963 -0.1661 pedestrian 0.7230644226074219
400 12.1441 0.5010 pedestrian 0.6387792229652405
401 12.9963 -0.1661 pedestrian 0.7942090332508087
401 12.1441 0.5010 pedestrian 0.684167206287384
402 12.9963 -0.1661 pedestrian 0.8290815055370331
402 12.1441 0.5191 pedestrian 0.7471128404140472
403 12.9963 -0.1661 pedestrian 0.8304142951965332
403 12.1441 0.5010 pedestrian 0.7460607290267944
404 12.9963 -0.1661 pedestrian 0.8340528309345245
404 12.1441 0.5010 pedestrian 0.7592454552650452
405 12.9963 -0.1661 pedestrian 0.8434629738330841
405 12.1441 0.4831 pedestrian 0.7626165449619293
406 12.9963 -0.1661 pedestrian 0.7908123135566711
406 12.1441 0.5010 pedestrian 0.7260161936283112
407 12.9963 -0.1661 pedestrian 0.7416999042034149
407 12.1441 0.5191 pedestrian 0.6907017529010773
408 13.2094 -0.1502 pedestrian 0.7170560956001282
408 12.1441 0.5010 pedestrian 0.6708663403987885
409 12.9963 -0.1502 pedestrian 0.7593005895614624
409 12.1441 0.5010 pedestrian 0.7224734723567963
410 13.2094 -0.1502 pedestrian 0.7859262228012085
410 12.1441 0.5191 pedestrian 0.7548942863941193
411 13.2094 -0.1343 pedestrian 0.7870606184005737
411 12.1441 0.5010 pedestrian 0.7589939832687378
412 13.2094 -0.1343 pedestrian 0.7649784088134766
412 12.1441 0.5010 pedestrian 0.761431872844696
413 13.2094 -0.1502 pedestrian 0.7726498544216156
413 12.1441 0.4831 pedestrian 0.7687534391880035
414 13.2094 -0.1343 pedestrian 0.7310406267642975
414 12.1441 0.5010 pedestrian 0.7242833077907562
415 12.9963 -0.1343 pedestrian 0.687161386013031
415 12.1441 0.5191 pedestrian 0.6836905479431152
416 12.3572 0.5010 pedestrian 0.6850807666778564
416 13.2094 -0.1502 pedestrian 0.6606037020683289
417 12.3572 0.5010 pedestrian 0.7390172779560089
417 13.2094 -0.1184 pedestrian 0.7150076329708099
418 12.3572 0.4831 pedestrian 0.7926590144634247
418 13.2094 -0.1502 pedestrian 0.7556613385677338
419 12.3572 0.4831 pedestrian 0.8006163239479065
419 13.2094 -0.1343 pedestrian 0.7762158513069153
420 12.3572 0.4831 pedestrian 0.8109519481658936
420 13.2094 -0.1343 pedestrian 0.773558109998703
421 12.3572 0.4831 pedestrian 0.8234250247478485
421 13.2094 -0.1502 pedestrian 0.7735540270805359
422 12.3572 0.4831 pedestrian 0.7658309936523438
422 13.2094 -0.1343 pedestrian 0.7360838651657104
423 12.3572 0.4831 pedestrian 0.7034276127815247
423 13.2094 -0.1502 pedestrian 0.6937794387340546
424 13.2094 -0.1343 pedestrian 0.6738180220127106
424 12.3572 0.4831 pedestrian 0.60600346326828
425 13.2094 -0.1184 pedestrian 0.747995525598526
425 12.3572 0.4654 pedestrian 0.6606859564781189
426 13.2094 -0.1184 pedestrian 0.7628625631332397
426 12.3572 0.4654 pedestrian 0.6818435192108154
427 13.2094 -0.1184 pedestrian 0.7859877347946167
427 12.3572 0.4654 pedestrian 0.6899526715278625
428 13.2094 -0.1343 pedestrian 0.7849639654159546
428 12.3572 0.4654 pedestrian 0.6975805461406708
429 13.2094 -0.1184 pedestrian 0.7933617234230042
429 12.3572 0.4654 pedestrian 0.7062324583530426
430 13.4225 -0.1184 pedestrian 0.7430764734745026
430 12.3572 0.4831 pedestrian 0.6436284780502319
431 13.2094 -0.1184 pedestrian 0.6967021226882935
431 12.1441 0.4479 pedestrian 0.6043246388435364
432 13.4225 -0.1184 pedestrian 0.7452826201915741
432 12.1441 0.4305 pedestrian 0.6114439070224762
433 13.4225 -0.1025 pedestrian 0.8175519406795502
433 12.1441 0.4305 pedestrian 0.6637312173843384
434 13.4225 -0.1025 pedestrian 0.8670840561389923
434 12.1441 0.4479 pedestrian 0.7222478687763214
435 13.4225 -0.1025 pedestrian 0.8730076253414154
435 12.1441 0.4305 pedestrian 0.7235498428344727
436 13.4225 -0.1025 pedestrian 0.8919737935066223
436 12.1441 0.4305 pedestrian 0.7393043041229248
437 13.4225 -0.1025 pedestrian 0.895106703042984
437 12.1441 0.4132 pedestrian 0.7582768201828003
438 13.4225 -0.1184 pedestrian 0.8404217064380646
438 12.1441 0.4305 pedestrian 0.7088080644607544
439 13.4225 -0.1184 pedestrian 0.7841176688671112
439 12.1441 0.4479 pedestrian 0.6674322485923767
440 13.4225 -0.0867 pedestrian 0.8503181338310242
440 12.1441 0.3961 pedestrian 0.6175996661186218
441 13.4225 -0.1025 pedestrian 0.9111442267894745
441 12.1441 0.4132 pedestrian 0.6613534688949585
442 13.4225 -0.0867 pedestrian 0.9607803821563721
442 12.1441 0.3961 pedestrian 0.6818788349628448
443 13.4225 -0.0867 pedestrian 0.9711289703845978
443 12.1441 0.4132 pedestrian 0.6813875734806061
444 13.4225 -0.1025 pedestrian 0.9640162289142609
444 11.9311 0.3961 pedestrian 0.6956004202365875
445 13.4225 -0.0867 pedestrian 0.9799328446388245
445 12.1441 0.4132 pedestrian 0.7023406028747559
446 13.4225 -0.0867 pedestrian 0.9330148696899414
446 11.9311 0.3961 pedestrian 0.6760293841362
447 13.4225 -0.0867 pedestrian 0.8763308525085449
447 11.9311 0.3961 pedestrian 0.6235963106155396
448 13.4225 -0.0867 pedestrian 0.8178893327713013
448 12.1441 0.3622 pedestrian 0.6683176457881927
449 13.4225 -0.0709 pedestrian 0.8718647062778473
449 12.1441 0.3791 pedestrian 0.7261290550231934
450 13.4225 -0.0709 pedestrian 0.8955703675746918
450 12.1441 0.3791 pedestrian 0.8047676384449005
451 13.4225 -0.0709 pedestrian 0.9023929238319397
451 12.1441 0.3791 pedestrian 0.796725869178772
452 13.4225 -0.0551 pedestrian 0.8821178078651428
452 12.1441 0.3791 pedestrian 0.8077754974365234
453 13.4225 -0.0709 pedestrian 0.8919143676757812
453 12.1441 0.3791 pedestrian 0.806664228439331
454 13.4225 -0.0867 pedestrian 0.8447103202342987
454 12.1441 0.3791 pedestrian 0.7704267501831055
455 13.4225 -0.0551 pedestrian 0.8067010045051575
455 12.1441 0.3791 pedestrian 0.7448600828647614
456 11.9311 0.3622 pedestrian 0.7765640616416931
456 13.4225 -0.0551 pedestrian 0.7545309066772461
457 11.9311 0.3622 pedestrian 0.8551585972309113
457 13.4225 -0.0394 pedestrian 0.8292766213417053
458 11.9311 0.3454 pedestrian 0.8913763165473938
458 13.4225 -0.0394 pedestrian 0.8586566746234894
459 11.9311 0.3454 pedestrian 0.9213940501213074
459 13.4225 -0.0394 pedestrian 0.8519622683525085
460 11.9311 0.3287 pedestrian 0.905126690864563
460 13.4225 -0.0394 pedestrian 0.8603502810001373
461 11.9311 0.3454 pedestrian 0.9152447581291199
461 13.4225 -0.0394 pedestrian 0.8766202926635742
462 11.9311 0.3622 pedestrian 0.8627045154571533
462 13.4225 -0.0394 pedestrian 0.8185586929321289
463 11.9311 0.3454 pedestrian 0.794617623090744
463 13.4225 -0.0551 pedestrian 0.7725938558578491
464 11.9311 0.3287 pedestrian 0.8117987513542175
464 13.4225 -0.0236 pedestrian 0.7286249101161957
465 11.9311 0.3287 pedestrian 0.8533806204795837
465 13.4225 -0.0394 pedestrian 0.7934397757053375
466 11.7180 0.3287 pedestrian 0.8867110908031464
466 13.4225 -0.0394 pedestrian 0.8178783059120178
467 11.9311 0.3454 pedestrian 0.9044117331504822
467 13.6355 -0.0394 pedestrian 0.817630797624588
468 11.9311 0.3287 pedestrian 0.8971959054470062
468 13.4225 -0.0394 pedestrian 0.8084982633590698
469 11.7180 0.3287 pedestrian 0.8859981596469879
469 13.6355 -0.0394 pedestrian 0.8151099681854248
470 11.7180 0.3287 pedestrian 0.8473614454269409
470 13.4225 -0.0236 pedestrian 0.7576729357242584
471 11.7180 0.3287 pedestrian 0.7919859290122986
471 13.4225 -0.0236 pedestrian 0.7131085395812988
472 11.7180 0.2956 pedestrian 0.7732645869255066
472 13.4225 -0.0236 pedestrian 0.6653825640678406
473 11.7180 0.3121 pedestrian 0.8410200774669647
473 13.4225 -0.0079 pedestrian 0.7208763957023621
474 11.7180 0.2956 pedestrian 0.8881397545337677
474 13.4225 -0.0236 pedestrian 0.7542052268981934
475 11.7180 0.3121 pedestrian 0.8812038004398346
475 13.4225 -0.0236 pedestrian 0.7536868453025818
476 11.7180 0.2956 pedestrian 0.8688688576221466
476 13.4225 -0.0079 pedestrian 0.7654623985290527
477 11.7180 0.2956 pedestrian 0.8848064541816711
477 13.4225 -0.0079 pedestrian 0.7681046426296234
478 11.7180 0.2956 pedestrian 0.8384341895580292
478 13.4225 -0.0079 pedestrian 0.7334622144699097
479 11.7180 0.2956 pedestrian 0.7873139083385468
479 13.4225 -0.0236 pedestrian 0.6936513781547546
480 11.7180 0.2956 pedestrian 0.7514699101448059
480 13.4225 -0.0079 pedestrian 0.6922847926616669
481 11.7180 0.3121 pedestrian 0.7985863089561462
481 13.4225 -0.0079 pedestrian 0.7472119331359863
482 11.7180 0.2956 pedestrian 0.8417108952999115
482 13.4225 -0.0079 pedestrian 0.7641141712665558
483 11.7180 0.2956 pedestrian 0.839526504278183
483 13.4225 0.0236 pedestrian 0.7709170877933502
484 11.7180 0.2792 pedestrian 0.8385147452354431
484 13.4225 0.0236 pedestrian 0.7713307440280914
485 11.7180 0.2792 pedestrian 0.8592325448989868
485 13.4225 0.0236 pedestrian 0.7824932932853699
486 11.7180 0.2956 pedestrian 0.8152039051055908
486 13.4225 0.0079 pedestrian 0.733107328414917
487 11.7180 0.2956 pedestrian 0.7664594650268555
487 13.4225 0.0079 pedestrian 0.7081656754016876
488 11.7180 0.2792 pedestrian 0.6648050546646118
488 13.4225 0.0394 pedestrian 0.6410948932170868
489 11.7180 0.2792 pedestrian 0.7224996089935303
489 13.4225 0.0236 pedestrian 0.6810271739959717
490 11.7180 0.2792 pedestrian 0.7482188045978546
490 13.4225 0.0236 pedestrian 0.7104975283145905
491 11.7180 0.2792 pedestrian 0.7564775347709656
491 13.4225 0.0394 pedestrian 0.7159697711467743
492 11.7180 0.2792 pedestrian 0.7559275329113007
492 13.4225 0.0236 pedestrian 0.7108226120471954
493 11.7180 0.2792 pedestrian 0.7656302750110626
493 13.4225 0.0236 pedestrian 0.721043050289154
494 11.5050 0.2792 pedestrian 0.711986631155014
494 13.4225 0.0394 pedestrian 0.6743057072162628
495 11.5050 0.2629 pedestrian 0.6709354221820831
495 13.4225 0.0394 pedestrian 0.6331420540809631
496 11.5050 0.2466 pedestrian 0.5772911906242371
496 13.4225 0.0551 pedestrian 0.5153313279151917
497 11.5050 0.2629 pedestrian 0.6199135780334473
497 13.4225 0.0867 pedestrian 0.5596529543399811
498 11.5050 0.2466 pedestrian 0.6282027959823608
498 13.4225 0.0867 pedestrian 0.5950485467910767
499 11.5050 0.2466 pedestrian 0.6446329057216644
499 13.4225 0.0867 pedestrian 0.5967288017272949
500 11.5050 0.2466 pedestrian 0.6307341754436493
500 13.4225 0.0867 pedestrian 0.626068502664566
501 13.4225 0.0867 pedestrian 0.6395120322704315
501 11.5050 0.2466 pedestrian 0.6177780330181122
502 13.4225 0.0867 pedestrian 0.5922447443008423
502 11.5050 0.2466 pedestrian 0.5918487906455994
503 13.4225 0.0709 pedestrian 0.5605893731117249
503 11.2919 0.2466 pedestrian 0.5574018955230713
504 11.2919 0.2142 pedestrian 0.5589905381202698
504 13.4225 0.1025 pedestrian 0.5580772459506989
505 13.4225 0.0867 pedestrian 0.631186306476593
505 11.2919 0.2142 pedestrian 0.5911447703838348
506 13.4225 0.0867 pedestrian 0.6651355922222137
506 11.2919 0.2142 pedestrian 0.6314239799976349
507 13.4225 0.0867 pedestrian 0.6608757376670837
507 11.5050 0.2142 pedestrian 0.6262887120246887
508 13.4225 0.0867 pedestrian 0.678276389837265
508 11.2919 0.2142 pedestrian 0.6438847482204437
509 13.4225 0.0867 pedestrian 0.6914191544055939
509 11.2919 0.2142 pedestrian 0.6417926251888275
510 13.4225 0.0867 pedestrian 0.6574156284332275
510 11.2919 0.2142 pedestrian 0.6125494539737701
511 13.4225 0.1025 pedestrian 0.6171211302280426
511 11.2919 0.1821 pedestrian 0.5873656272888184
512 13.4225 0.1025 pedestrian 0.7430725395679474
512 11.2919 0.1821 pedestrian 0.5627281069755554
513 13.4225 0.0867 pedestrian 0.8236882984638214
513 11.2919 0.1502 pedestrian 0.607958972454071
514 13.4225 0.0867 pedestrian 0.8547386527061462
514 11.2919 0.1821 pedestrian 0.6634210050106049
515 13.4225 0.1025 pedestrian 0.8442524671554565
515 11.2919 0.1821 pedestrian 0.6603170931339264
516 13.4225 0.0867 pedestrian 0.8603758811950684
516 11.2919 0.1821 pedestrian 0.6672075390815735
517 13.4225 0.0867 pedestrian 0.8723014891147614
517 11.2919 0.1502 pedestrian 0.6565631628036499
518 13.4225 0.0867 pedestrian 0.8158390522003174
518 11.2919 0.1661 pedestrian 0.6356087028980255
519 13.4225 0.1025 pedestrian 0.7617726922035217
519 11.2919 0.1821 pedestrian 0.6094931960105896
520 13.4225 0.1184 pedestrian 0.7560429871082306
520 11.2919 0.1502 pedestrian 0.5874135792255402
521 13.4225 0.0867 pedestrian 0.8167749643325806
521 11.2919 0.1502 pedestrian 0.6502486765384674
522 13.4225 0.0867 pedestrian 0.8487894535064697
522 11.2919 0.1502 pedestrian 0.6851508319377899
523 13.4225 0.1184 pedestrian 0.8458123207092285
523 11.2919 0.1502 pedestrian 0.6840976476669312
524 13.4225 0.0867 pedestrian 0.8471572995185852
524 11.2919 0.1502 pedestrian 0.6788943409919739
525 13.4225 0.1025 pedestrian 0.8515762388706207
525 11.2919 0.1502 pedestrian 0.6961818337440491
526 13.4225 0.0867 pedestrian 0.8025954365730286
526 11.2919 0.1502 pedestrian 0.6503145098686218
527 13.4225 0.1184 pedestrian 0.7539799511432648
527 11.2919 0.1502 pedestrian 0.6195748746395111
528 13.4225 0.1343 pedestrian 0.6902061402797699
528 11.2919 0.1343 pedestrian 0.5530573725700378
529 13.4225 0.1184 pedestrian 0.7455065846443176
529 11.2919 0.1502 pedestrian 0.6017329394817352
530 13.4225 0.1184 pedestrian 0.7805738151073456
530 11.2919 0.1184 pedestrian 0.6318111717700958
531 13.4225 0.1184 pedestrian 0.7974102795124054
531 11.0789 0.1184 pedestrian 0.6271750628948212
532 13.4225 0.1343 pedestrian 0.8035090565681458
532 11.0789 0.1184 pedestrian 0.6439651846885681
533 13.4225 0.1184 pedestrian 0.8166341781616211
533 11.0789 0.1184 pedestrian 0.6460168063640594
534 13.4225 0.1343 pedestrian 0.7782805860042572
534 11.0789 0.1343 pedestrian 0.6357986629009247
535 13.4225 0.1184 pedestrian 0.7340255677700043
535 11.0789 0.1025 pedestrian 0.5962572991847992
536 13.4225 0.1343 pedestrian 0.7917124330997467
536 11.0789 0.1184 pedestrian 0.5809168517589569
537 13.4225 0.1502 pedestrian 0.8626775145530701
537 11.0789 0.1184 pedestrian 0.6245485544204712
538 13.4225 0.1502 pedestrian 0.9183395206928253
538 11.0789 0.1025 pedestrian 0.6773247718811035
539 13.4225 0.1661 pedestrian 0.9260440170764923
539 11.0789 0.1025 pedestrian 0.6732887029647827
540 13.4225 0.1661 pedestrian 0.9374176561832428
540 11.0789 0.1184 pedestrian 0.6823646128177643
541 13.4225 0.1502 pedestrian 0.955107182264328
541 11.0789 0.1184 pedestrian 0.6815451085567474
542 13.4225 0.1502 pedestrian 0.8746640980243683
542 11.0789 0.1025 pedestrian 0.6681491732597351
543 13.4225 0.1661 pedestrian 0.8324488401412964
543 11.0789 0.1025 pedestrian 0.6263605952262878
544 13.4225 0.1661 pedestrian 0.8207015097141266
544 11.0789 0.1025 pedestrian 0.5780645608901978
545 13.4225 0.1661 pedestrian 0.8720279335975647
545 11.0789 0.0867 pedestrian 0.6205887198448181
546 13.2094 0.1661 pedestrian 0.9150833189487457
546 11.0789 0.1025 pedestrian 0.672607034444809
547 13.4225 0.1661 pedestrian 0.9416002035140991
547 11.0789 0.0867 pedestrian 0.6779600977897644
548 13.4225 0.1661 pedestrian 0.964730829000473
548 11.0789 0.0709 pedestrian 0.6807543933391571
549 13.4225 0.1661 pedestrian 0.9640159904956818
549 11.0789 0.0867 pedestrian 0.6926684379577637
550 13.4225 0.1661 pedestrian 0.9106646478176117
550 11.0789 0.0867 pedestrian 0.6623506844043732
551 13.4225 0.1661 pedestrian 0.8609142005443573
551 11.0789 0.0867 pedestrian 0.6175552606582642
552 13.4225 0.1661 pedestrian 0.8113353252410889
552 11.0789 0.0709 pedestrian 0.5603818297386169
553 13.4225 0.1821 pedestrian 0.861150324344635
553 11.0789 0.0551 pedestrian 0.5901622772216797
554 13.4225 0.1821 pedestrian 0.9064318835735321
554 11.0789 0.0551 pedestrian 0.6229862570762634
555 13.2094 0.1821 pedestrian 0.9197430908679962
555 11.0789 0.0551 pedestrian 0.6295490860939026
556 13.4225 0.1661 pedestrian 0.9426262676715851
556 11.0789 0.0551 pedestrian 0.6473702490329742
557 13.4225 0.1661 pedestrian 0.9420061111450195
557 11.0789 0.0551 pedestrian 0.6604459881782532
558 13.4225 0.1661 pedestrian 0.8980872333049774
558 11.0789 0.0551 pedestrian 0.6519274711608887
559 13.4225 0.1661 pedestrian 0.8560379445552826
559 11.0789 0.0394 pedestrian 0.6095796823501587
560 13.2094 0.1821 pedestrian 0.8023301362991333
560 11.0789 0.0394 pedestrian 0.5958794057369232
561 13.2094 0.1981 pedestrian 0.8867171108722687
561 11.0789 0.0236 pedestrian 0.6330231428146362
562 13.2094 0.1981 pedestrian 0.9204515218734741
562 11.0789 0.0394 pedestrian 0.6839843690395355
563 13.2094 0.1821 pedestrian 0.9368553459644318
563 11.0789 0.0236 pedestrian 0.6970365047454834
564 13.2094 0.1821 pedestrian 0.9397958219051361
564 11.0789 0.0236 pedestrian 0.7077755928039551
565 13.2094 0.1981 pedestrian 0.9579921364784241
565 11.0789 0.0236 pedestrian 0.7095795273780823
566 13.2094 0.2142 pedestrian 0.9046677350997925
566 11.0789 0.0236 pedestrian 0.70606729388237
567 13.2094 0.1981 pedestrian 0.8679147958755493
567 11.0789 0.0236 pedestrian 0.6749322712421417
568 13.2094 0.2142 pedestrian 0.8134519755840302
568 10.8658 0.0236 pedestrian 0.6850704848766327
569 13.2094 0.1981 pedestrian 0.8928286731243134
569 11.0789 0.0079 pedestrian 0.7218455374240875
570 13.2094 0.2142 pedestrian 0.9415053427219391
570 11.0789 -0.0079 pedestrian 0.7698260843753815
571 13.2094 0.2142 pedestrian 0.9532961547374725
571 11.0789 0.0236 pedestrian 0.7703251540660858
572 13.2094 0.2142 pedestrian 0.9731797575950623
572 11.0789 -0.0079 pedestrian 0.7771419584751129
573 13.2094 0.2142 pedestrian 0.9690938591957092
573 10.8658 0.0079 pedestrian 0.7885406911373138
574 13.2094 0.2142 pedestrian 0.9458107054233551
574 11.0789 -0.0079 pedestrian 0.7581650912761688
575 13.2094 0.2304 pedestrian 0.8772133886814117
575 10.8658 0.0079 pedestrian 0.7107277810573578
576 13.2094 0.2304 pedestrian 0.7828594148159027
576 10.8658 -0.0079 pedestrian 0.6566838622093201
577 13.2094 0.2304 pedestrian 0.8297061920166016
577 10.8658 -0.0079 pedestrian 0.6975173950195312
578 13.2094 0.2304 pedestrian 0.8922084867954254
578 10.8658 -0.0236 pedestrian 0.7396233081817627
579 13.2094 0.2466 pedestrian 0.8899974822998047
579 10.8658 -0.0079 pedestrian 0.7412691712379456
580 13.2094 0.2142 pedestrian 0.8969671130180359
580 10.8658 -0.0236 pedestrian 0.7510864436626434
581 13.2094 0.2304 pedestrian 0.9177626371383667
581 11.0789 -0.0079 pedestrian 0.7573128938674927
582 13.2094 0.2304 pedestrian 0.8524286448955536
582 10.8658 -0.0236 pedestrian 0.7299664318561554
583 13.2094 0.2304 pedestrian 0.7895987927913666
583 11.0789 -0.0236 pedestrian 0.6855751574039459
584 13.2094 0.2304 pedestrian 0.6361395120620728
584 10.8658 -0.0236 pedestrian 0.6052227318286896
585 13.2094 0.2304 pedestrian 0.6697329580783844
585 10.8658 -0.0394 pedestrian 0.631919801235199
586 13.4225 0.2304 pedestrian 0.7034429609775543
586 10.8658 -0.0236 pedestrian 0.6704308390617371
587 13.4225 0.2304 pedestrian 0.6971309781074524
587 10.8658 -0.0394 pedestrian 0.6666150093078613
588 13.4225 0.2142 pedestrian 0.7092989385128021
588 10.8658 -0.0394 pedestrian 0.6729813814163208
589 13.4225 0.2142 pedestrian 0.7015660405158997
589 10.8658 -0.0394 pedestrian 0.6744508445262909
590 13.2094 0.2142 pedestrian 0.6624923944473267
590 11.0789 -0.0394 pedestrian 0.6383757591247559
591 13.4225 0.2304 pedestrian 0.6170423328876495
591 11.0789 -0.0394 pedestrian 0.5943944752216339
592 13.2094 0.1821 pedestrian 0.6523251533508301
592 10.8658 -0.0709 pedestrian 0.599519670009613
593 13.2094 0.1981 pedestrian 0.7162814438343048
593 11.0789 -0.0709 pedestrian 0.6337818801403046
594 13.2094 0.1981 pedestrian 0.7325427532196045
594 10.8658 -0.0709 pedestrian 0.6637289524078369
595 13.2094 0.1821 pedestrian 0.7391940653324127
595 10.8658 -0.0709 pedestrian 0.674906998872757
596 13.2094 0.1821 pedestrian 0.7489857077598572
596 10.8658 -0.0709 pedestrian 0.6879205107688904
597 13.2094 0.1821 pedestrian 0.7443889081478119
597 10.8658 -0.0709 pedestrian 0.6858543455600739
598 13.2094 0.1981 pedestrian 0.7170712649822235
598 10.8658 -0.0551 pedestrian 0.6738453209400177
599 13.2094 0.1981 pedestrian 0.6809002757072449
599 10.8658 -0.0709 pedestrian 0.648361086845398
600 13.2094 0.1821 pedestrian 0.7177587747573853
600 11.0789 -0.0867 pedestrian 0.6799313426017761
601 13.2094 0.1981 pedestrian 0.7668190598487854
601 11.0789 -0.0867 pedestrian 0.7159359753131866
602 12.9963 0.1821 pedestrian 0.839679092168808
602 10.8658 -0.0867 pedestrian 0.7647588551044464
603 13.2094 0.1821 pedestrian 0.8422160446643829
603 11.0789 -0.1025 pedestrian 0.7647503018379211
604 12.9963 0.1821 pedestrian 0.8663859069347382
604 11.0789 -0.0867 pedestrian 0.7927475273609161
605 12.9963 0.1821 pedestrian 0.87577685713768
605 11.0789 -0.0867 pedestrian 0.7876637876033783
606 12.9963 0.1821 pedestrian 0.8495252430438995
606 11.0789 -0.0867 pedestrian 0.7721506059169769
607 12.9963 0.1821 pedestrian 0.8174538612365723
607 11.0789 -0.0867 pedestrian 0.726105660200119
608 12.9963 0.1661 pedestrian 0.8040042519569397
608 11.0789 -0.0867 pedestrian 0.695841908454895
609 12.9963 0.1502 pedestrian 0.8781373202800751
609 11.0789 -0.1025 pedestrian 0.7232220768928528
610 12.9963 0.1821 pedestrian 0.9283754825592041
610 11.0789 -0.1025 pedestrian 0.77302286028862
611 12.9963 0.1502 pedestrian 0.9337643682956696
611 11.0789 -0.1025 pedestrian 0.7979495823383331
612 12.9963 0.1661 pedestrian 0.9531413912773132
612 11.0789 -0.1025 pedestrian 0.7951075434684753
613 12.9963 0.1502 pedestrian 0.9756595492362976
613 11.0789 -0.1025 pedestrian 0.7884153723716736
614 13.2094 0.1502 pedestrian 0.9356124699115753
614 11.0789 -0.1025 pedestrian 0.7561060786247253
615 12.9963 0.1502 pedestrian 0.8778061270713806
615 11.0789 -0.1025 pedestrian 0.708573967218399
616 12.9963 0.1343 pedestrian 0.8609810471534729
616 10.8658 -0.1343 pedestrian 0.7078683078289032
617 12.9963 0.1502 pedestrian 0.9210050702095032
617 10.8658 -0.1343 pedestrian 0.7593163549900055
618 12.9963 0.1502 pedestrian 0.9676648080348969
618 10.8658 -0.1343 pedestrian 0.8033283948898315
619 12.9963 0.1343 pedestrian 0.9679467976093292
619 10.8658 -0.1343 pedestrian 0.8146576285362244
620 12.9963 0.1343 pedestrian 0.9745506942272186
620 10.8658 -0.1343 pedestrian 0.8089094460010529
621 12.9963 0.1502 pedestrian 0.9801121950149536
621 10.8658 -0.1343 pedestrian 0.8199277222156525
622 13.2094 0.1502 pedestrian 0.9476631879806519
622 10.8658 -0.1502 pedestrian 0.7841320931911469
623 13.2094 0.1343 pedestrian 0.8857437372207642
623 10.8658 -0.1343 pedestrian 0.7353379726409912
624 10.8658 -0.1502 pedestrian 0.7797959744930267
624 13.2094 0.1502 pedestrian 0.6973666846752167
625 10.8658 -0.1502 pedestrian 0.8188083469867706
625 13.2094 0.1343 pedestrian 0.7608903646469116
626 10.8658 -0.1502 pedestrian 0.8684830665588379
626 13.2094 0.1502 pedestrian 0.7912159860134125
627 11.0789 -0.1661 pedestrian 0.8433214426040649
627 13.2094 0.1343 pedestrian 0.8124476075172424
628 10.8658 -0.1502 pedestrian 0.8490229845046997
628 13.2094 0.1502 pedestrian 0.8121458292007446
629 11.0789 -0.1661 pedestrian 0.8572722673416138
629 13.2094 0.1343 pedestrian 0.8186278939247131
630 11.0789 -0.1661 pedestrian 0.8178157806396484
630 13.4225 0.1343 pedestrian 0.7579181492328644
631 11.0789 -0.1661 pedestrian 0.7605231702327728
631 13.2094 0.1343 pedestrian 0.7142815291881561
632 11.0789 -0.1821 pedestrian 0.748119443655014
632 13.4225 0.1184 pedestrian 0.6472630500793457
633 11.0789 -0.1661 pedestrian 0.8089996576309204
633 13.4225 0.1184 pedestrian 0.6912484467029572
634 11.0789 -0.1661 pedestrian 0.8450017869472504
634 13.4225 0.1184 pedestrian 0.7415568232536316
635 11.0789 -0.1661 pedestrian 0.8557297587394714
635 13.4225 0.1184 pedestrian 0.7423300445079803
636 11.0789 -0.1821 pedestrian 0.8385160565376282
636 13.4225 0.1184 pedestrian 0.7683476805686951
637 11.0789 -0.1661 pedestrian 0.8495815098285675
637 13.4225 0.1184 pedestrian 0.7691912353038788
638 11.0789 -0.1821 pedestrian 0.8062521815299988
638 13.4225 0.1184 pedestrian 0.725411981344223
639 11.0789 -0.1661 pedestrian 0.7471387386322021
639 13.4225 0.1025 pedestrian 0.6852581799030304
640 11.0789 -0.1821 pedestrian 0.7222718894481659
640 13.4225 0.1025 pedestrian 0.7179071307182312
641 11.0789 -0.1981 pedestrian 0.7725459039211273
641 13.4225 0.1184 pedestrian 0.7665935158729553
642 13.4225 0.1025 pedestrian 0.8131523132324219
642 11.0789 -0.1981 pedestrian 0.8081718683242798
643 13.4225 0.1025 pedestrian 0.8070776462554932
643 11.0789 -0.1981 pedestrian 0.8044518828392029
644 13.4225 0.1025 pedestrian 0.8110096752643585
644 11.0789 -0.1981 pedestrian 0.8060745894908905
645 13.4225 0.1025 pedestrian 0.8225484192371368
645 11.0789 -0.1821 pedestrian 0.8124090135097504
646 13.6355 0.1025 pedestrian 0.7780932188034058
646 11.0789 -0.1981 pedestrian 0.7628925442695618
647 13.4225 0.1025 pedestrian 0.7348473370075226
647 11.0789 -0.2142 pedestrian 0.7141187489032745
648 13.4225 0.0709 pedestrian 0.7386744320392609
648 11.0789 -0.2142 pedestrian 0.6405264437198639
649 13.4225 0.0867 pedestrian 0.7882586419582367
649 11.0789 -0.2142 pedestrian 0.6704768240451813
650 13.6355 0.0867 pedestrian 0.8190627992153168
650 11.0789 -0.2142 pedestrian 0.6851149201393127
651 13.6355 0.0867 pedestrian 0.8352305293083191
651 11.0789 -0.2304 pedestrian 0.6901643872261047
652 13.6355 0.0709 pedestrian 0.8447205424308777
652 11.0789 -0.2142 pedestrian 0.69328773021698
653 13.6355 0.0867 pedestrian 0.8505023717880249
653 11.0789 -0.2304 pedestrian 0.6888105869293213
654 13.6355 0.0709 pedestrian 0.8200394809246063
654 11.0789 -0.2304 pedestrian 0.657802551984787
655 13.6355 0.0709 pedestrian 0.764155775308609
655 11.0789 -0.2304 pedestrian 0.6187890768051147
656 13.6355 0.0551 pedestrian 0.701694905757904
656 10.8658 -0.2629 pedestrian 0.6012732088565826
657 13.6355 0.0394 pedestrian 0.7565898299217224
657 10.8658 -0.2629 pedestrian 0.6418679058551788
658 13.6355 0.0394 pedestrian 0.7975290715694427
658 10.8658 -0.2629 pedestrian 0.6791536808013916
659 13.6355 0.0394 pedestrian 0.8053766489028931
659 10.8658 -0.2629 pedestrian 0.6769872009754181
660 13.6355 0.0551 pedestrian 0.8183129131793976
660 10.8658 -0.2629 pedestrian 0.6929474472999573
661 13.6355 0.0394 pedestrian 0.8125328123569489
661 10.8658 -0.2629 pedestrian 0.6992760598659515
662 13.6355 0.0394 pedestrian 0.7876054346561432
662 10.8658 -0.2629 pedestrian 0.6867471635341644
663 13.8486 0.0551 pedestrian 0.7484920024871826
663 10.8658 -0.2629 pedestrian 0.6532367765903473
664 10.8658 -0.2629 pedestrian 0.6855371296405792
664 13.8486 0.0394 pedestrian 0.6844415068626404
665 13.8486 0.0394 pedestrian 0.7306336462497711
665 10.8658 -0.2629 pedestrian 0.7246413826942444
666 13.8486 0.0551 pedestrian 0.774345189332962
666 10.8658 -0.2629 pedestrian 0.7588852345943451
667 13.8486 0.0394 pedestrian 0.7811689674854279
667 10.8658 -0.2629 pedestrian 0.7518912851810455
668 13.8486 0.0394 pedestrian 0.7811370193958282
668 10.8658 -0.2629 pedestrian 0.772515594959259
669 13.8486 0.0236 pedestrian 0.7969527840614319
669 10.8658 -0.2629 pedestrian 0.7822350859642029
670 10.8658 -0.2792 pedestrian 0.7656180560588837
670 13.8486 0.0394 pedestrian 0.7473897933959961
671 10.8658 -0.2629 pedestrian 0.7162538170814514
671 13.8486 0.0551 pedestrian 0.704105943441391
672 13.8486 0.0236 pedestrian 0.7206270396709442
672 10.8658 -0.2629 pedestrian 0.6669842898845673
673 13.8486 0.0236 pedestrian 0.7881755232810974
673 10.8658 -0.2629 pedestrian 0.7007520496845245
674 13.8486 0.0236 pedestrian 0.8056082427501678
674 10.8658 -0.2629 pedestrian 0.7386588454246521
675 13.8486 0.0236 pedestrian 0.8094854950904846
675 10.8658 -0.2629 pedestrian 0.7358357608318329
676 13.8486 0.0079 pedestrian 0.7874886989593506
676 10.8658 -0.2629 pedestrian 0.7368185818195343
677 13.8486 0.0236 pedestrian 0.8115486800670624
677 10.6527 -0.2629 pedestrian 0.7352719902992249
678 13.8486 0.0079 pedestrian 0.740400105714798
678 10.8658 -0.2792 pedestrian 0.7065268754959106
679 13.8486 0.0079 pedestrian 0.6884359419345856
679 10.6527 -0.2629 pedestrian 0.6691484451293945
680 10.6527 -0.2629 pedestrian 0.7040454149246216
680 14.0616 0.0236 pedestrian 0.6253019571304321
681 10.6527 -0.2629 pedestrian 0.7497824132442474
681 13.8486 0.0236 pedestrian 0.6449005305767059
682 10.6527 -0.2466 pedestrian 0.7789713144302368
682 14.0616 0.0079 pedestrian 0.6704058945178986
683 10.6527 -0.2629 pedestrian 0.7886286079883575
683 14.0616 0.0236 pedestrian 0.6632422804832458
684 10.6527 -0.2629 pedestrian 0.7781871557235718
684 14.0616 0.0079 pedestrian 0.6626633703708649
685 10.6527 -0.2629 pedestrian 0.7918596863746643
685 14.0616 0.0236 pedestrian 0.6649877429008484
686 10.6527 -0.2466 pedestrian 0.7514428794384003
686 14.0616 0.0236 pedestrian 0.6172934472560883
687 10.6527 -0.2466 pedestrian 0.7154052257537842
687 14.0616 0.0079 pedestrian 0.5897006094455719
688 10.4397 -0.2629 pedestrian 0.7340033948421478
688 14.0616 0.0079 pedestrian 0.48393362760543823
689 10.4397 -0.2304 pedestrian 0.7848187983036041
689 14.0616 0.0079 pedestrian 0.5167934000492096
690 10.4397 -0.2629 pedestrian 0.8415820896625519
690 14.0616 0.0079 pedestrian 0.5437138974666595
691 10.4397 -0.2629 pedestrian 0.8234404623508453
691 14.0616 0.0079 pedestrian 0.5527527034282684
692 10.4397 -0.2466 pedestrian 0.8332681059837341
692 14.0616 -0.0079 pedestrian 0.5515080690383911
693 10.4397 -0.2304 pedestrian 0.8372310996055603
693 14.0616 0.0079 pedestrian 0.5541234612464905
694 10.4397 -0.2466 pedestrian 0.8079403340816498
694 14.0616 -0.0079 pedestrian 0.5431334376335144
695 10.4397 -0.2629 pedestrian 0.7608106136322021
695 14.0616 -0.0236 pedestrian 0.5314126908779144
696 10.2266 -0.2304 pedestrian 0.6895960569381714
696 14.0616 -0.0236 pedestrian 0.6810456216335297
697 14.0616 -0.0551 pedestrian 0.7333867847919464
697 10.2266 -0.2304 pedestrian 0.7250238656997681
698 14.0616 -0.0394 pedestrian 0.7968445420265198
698 10.2266 -0.2304 pedestrian 0.7631619572639465
699 14.0616 -0.0394 pedestrian 0.8183177709579468
699 10.2266 -0.2304 pedestrian 0.7699306607246399
700 14.0616 -0.0394 pedestrian 0.8110068440437317
700 10.2266 -0.2304 pedestrian 0.7848509848117828
701 14.0616 -0.0394 pedestrian 0.8317314684391022
701 10.2266 -0.2304 pedestrian 0.7786251604557037
702 14.0616 -0.0394 pedestrian 0.7878358066082001
702 10.2266 -0.2304 pedestrian 0.7804363965988159
703 14.0616 -0.0551 pedestrian 0.7309736907482147
703 10.2266 -0.2304 pedestrian 0.7252912223339081
704 14.2747 -0.0709 pedestrian 0.7850393056869507
704 10.2266 -0.1981 pedestrian 0.6976211071014404
705 14.0616 -0.0709 pedestrian 0.8506855666637421
705 10.0136 -0.1981 pedestrian 0.7443286180496216
706 14.0616 -0.0709 pedestrian 0.9031927585601807
706 10.2266 -0.1981 pedestrian 0.7719626128673553
707 14.0616 -0.0709 pedestrian 0.9134068787097931
707 10.0136 -0.1981 pedestrian 0.7769804298877716
708 14.0616 -0.0867 pedestrian 0.9231273531913757
708 10.2266 -0.1981 pedestrian 0.79159876704216
709 14.2747 -0.0709 pedestrian 0.9421811699867249
709 10.2266 -0.1981 pedestrian 0.8021702468395233
710 14.0616 -0.0709 pedestrian 0.8762852847576141
710 10.2266 -0.1981 pedestrian 0.7886524796485901
711 14.2747 -0.0709 pedestrian 0.8361594080924988
711 10.2266 -0.1981 pedestrian 0.7408834993839264
712 14.2747 -0.0709 pedestrian 0.8212170898914337
712 10.0136 -0.1981 pedestrian 0.7170369327068329
713 14.2747 -0.0709 pedestrian 0.8964099586009979
713 10.0136 -0.1661 pedestrian 0.7857052683830261
714 14.2747 -0.0709 pedestrian 0.9439657926559448
714 10.0136 -0.1661 pedestrian 0.8144485354423523
715 14.2747 -0.0709 pedestrian 0.9553560018539429
715 10.0136 -0.1821 pedestrian 0.8153910338878632
716 14.2747 -0.0709 pedestrian 0.9523832201957703
716 10.0136 -0.1661 pedestrian 0.8299762904644012
717 14.2747 -0.0709 pedestrian 0.9717641472816467
717 10.0136 -0.1661 pedestrian 0.8510880768299103
718 14.2747 -0.0867 pedestrian 0.91274493932724
718 10.0136 -0.1661 pedestrian 0.803875207901001
719 14.2747 -0.0709 pedestrian 0.8710873425006866
719 10.0136 -0.1821 pedestrian 0.773749053478241
720 14.2747 -0.0867 pedestrian 0.8338817954063416
720 10.0136 -0.1502 pedestrian 0.7527106702327728
721 14.2747 -0.1025 pedestrian 0.8910772800445557
721 10.0136 -0.1661 pedestrian 0.8206870555877686
722 14.2747 -0.0867 pedestrian 0.9438815116882324
722 10.0136 -0.1661 pedestrian 0.8620826601982117
723 14.2747 -0.0867 pedestrian 0.9475602507591248
723 10.0136 -0.1502 pedestrian 0.8535207211971283
724 14.2747 -0.1025 pedestrian 0.930082231760025
724 10.0136 -0.1661 pedestrian 0.8710147142410278
725 14.2747 -0.1025 pedestrian 0.9365935921669006
725 10.0136 -0.1661 pedestrian 0.8862558901309967
726 14.2747 -0.0867 pedestrian 0.8809350430965424
726 10.0136 -0.1502 pedestrian 0.8475926518440247
727 14.2747 -0.0867 pedestrian 0.8417610824108124
727 10.0136 -0.1502 pedestrian 0.7977486252784729
728 14.0616 -0.1025 pedestrian 0.8506332635879517
728 10.0136 -0.1343 pedestrian 0.7230285406112671
729 14.0616 -0.1184 pedestrian 0.9105832576751709
729 10.0136 -0.1343 pedestrian 0.7762205302715302
730 14.0616 -0.1184 pedestrian 0.9688087999820709
730 10.0136 -0.1343 pedestrian 0.7976266741752625
731 14.0616 -0.1184 pedestrian 0.9606131315231323
731 10.0136 -0.1343 pedestrian 0.8028939664363861
732 14.0616 -0.1184 pedestrian 0.957296758890152
732 10.0136 -0.1343 pedestrian 0.7996917366981506
733 14.0616 -0.1025 pedestrian 0.9474470913410187
733 10.0136 -0.1343 pedestrian 0.8148728907108307
734 14.0616 -0.1025 pedestrian 0.8987720608711243
734 10.0136 -0.1184 pedestrian 0.7799549102783203
735 14.0616 -0.1184 pedestrian 0.8550314903259277
735 10.0136 -0.1184 pedestrian 0.7435535490512848
736 14.2747 -0.1343 pedestrian 0.8583369553089142
736 10.0136 -0.1184 pedestrian 0.6872226595878601
737 14.2747 -0.1343 pedestrian 0.9475263357162476
737 10.0136 -0.1025 pedestrian 0.7532256245613098
738 14.2747 -0.1343 pedestrian 0.9803300499916077
738 10.0136 -0.1025 pedestrian 0.797978937625885
739 14.2747 -0.1343 pedestrian 0.9950374364852905
739 10.0136 -0.1025 pedestrian 0.7797719836235046
740 14.2747 -0.1502 pedestrian 0.9831691682338715
740 10.0136 -0.1025 pedestrian 0.7959022521972656
741 14.2747 -0.1343 pedestrian 0.9956022202968597
741 10.0136 -0.1025 pedestrian 0.7980420291423798
742 14.2747 -0.1502 pedestrian 0.9323616623878479
742 10.0136 -0.1025 pedestrian 0.750140905380249
743 14.2747 -0.1343 pedestrian 0.8865937888622284
743 10.0136 -0.1184 pedestrian 0.6919539570808411
744 14.0616 -0.1502 pedestrian 0.8881655931472778
744 10.0136 -0.0867 pedestrian 0.6769349873065948
745 14.2747 -0.1343 pedestrian 0.9637320637702942
745 10.0136 -0.0709 pedestrian 0.7264402210712433
746 14.0616 -0.1502 pedestrian 1.0
746 10.0136 -0.0867 pedestrian 0.7584470510482788
747 14.0616 -0.1343 pedestrian 1.0
747 10.0136 -0.0709 pedestrian 0.7514520287513733
748 14.0616 -0.1502 pedestrian 0.9998065829277039
748 10.0136 -0.0709 pedestrian 0.7546056509017944
749 14.0616 -0.1502 pedestrian 1.0
749 10.0136 -0.0709 pedestrian 0.76944300532341
750 14.0616 -0.1502 pedestrian 0.9645912647247314
750 10.0136 -0.0867 pedestrian 0.7418508529663086
751 14.0616 -0.1502 pedestrian 0.9057755172252655
751 10.0136 -0.0709 pedestrian 0.6963795125484467
752 14.0616 -0.1502 pedestrian 0.8806442320346832
752 10.0136 -0.0394 pedestrian 0.6968089938163757
753 14.0616 -0.1502 pedestrian 0.942559540271759
753 10.0136 -0.0394 pedestrian 0.7598318457603455
754 14.0616 -0.1502 pedestrian 0.9836035370826721
754 10.0136 -0.0394 pedestrian 0.7806713283061981
755 14.0616 -0.1661 pedestrian 0.9909296929836273
755 10.0136 -0.0394 pedestrian 0.7903125584125519
756 14.0616 -0.1661 pedestrian 0.9691963493824005
756 10.0136 -0.0394 pedestrian 0.8018703162670135
757 14.0616 -0.1502 pedestrian 0.9854040145874023
757 10.0136 -0.0394 pedestrian 0.815374881029129
758 14.0616 -0.1661 pedestrian 0.9306992590427399
758 10.0136 -0.0394 pedestrian 0.7584188282489777
759 14.0616 -0.1502 pedestrian 0.8486084938049316
759 10.0136 -0.0551 pedestrian 0.7105076611042023
760 14.0616 -0.1502 pedestrian 0.7648353576660156
760 10.0136 -0.0236 pedestrian 0.6969969272613525
761 14.0616 -0.1821 pedestrian 0.8185413181781769
761 10.0136 -0.0079 pedestrian 0.7584988474845886
762 14.0616 -0.1661 pedestrian 0.8658641874790192
762 10.0136 -0.0236 pedestrian 0.7943254709243774
763 14.0616 -0.1661 pedestrian 0.8708168864250183
763 10.0136 -0.0079 pedestrian 0.7953406572341919
764 14.0616 -0.1821 pedestrian 0.8489658534526825
764 10.0136 -0.0236 pedestrian 0.8178747892379761
765 14.0616 -0.1821 pedestrian 0.8460163474082947
765 10.0136 -0.0079 pedestrian 0.8326202630996704
766 14.0616 -0.1661 pedestrian 0.8061811029911041
766 10.0136 -0.0236 pedestrian 0.7946096956729889
767 10.0136 -0.0236 pedestrian 0.7560395300388336
767 13.8486 -0.1981 pedestrian 0.754501074552536
768 10.0136 -0.0079 pedestrian 0.7410118877887726
768 13.8486 -0.1661 pedestrian 0.7208096981048584
769 10.0136 -0.0079 pedestrian 0.7996422946453094
769 13.8486 -0.1981 pedestrian 0.7786367535591125
770 13.8486 -0.1981 pedestrian 0.8273901343345642
770 10.0136 -0.0079 pedestrian 0.8219648003578186
771 10.0136 -0.0079 pedestrian 0.8223505616188049
771 13.8486 -0.1821 pedestrian 0.8155110478401184
772 10.0136 -0.0079 pedestrian 0.8193378448486328
772 13.8486 -0.1821 pedestrian 0.8166905641555786
773 10.0136 -0.0079 pedestrian 0.8329367637634277
773 13.8486 -0.1981 pedestrian 0.8220517337322235
774 10.0136 0.0079 pedestrian 0.7953822612762451
774 13.8486 -0.1821 pedestrian 0.7831957936286926
775 13.8486 -0.1981 pedestrian 0.7604796290397644
775 10.0136 0.0079 pedestrian 0.7564170658588409
776 13.8486 -0.1981 pedestrian 0.7984818816184998
776 10.0136 0.0394 pedestrian 0.7615688741207123
777 13.8486 -0.1981 pedestrian 0.8644593954086304
777 10.0136 0.0236 pedestrian 0.8147003650665283
778 13.8486 -0.1981 pedestrian 0.9214924275875092
778 10.0136 0.0394 pedestrian 0.8459184765815735
779 13.8486 -0.1981 pedestrian 0.9117589890956879
779 10.0136 0.0394 pedestrian 0.8401754796504974
780 13.8486 -0.1981 pedestrian 0.9141628742218018
780 10.0136 0.0236 pedestrian 0.8250150084495544
781 13.8486 -0.1981 pedestrian 0.9360823035240173
781 10.0136 0.0394 pedestrian 0.8315613865852356
782 13.8486 -0.1981 pedestrian 0.8848176896572113
782 10.0136 0.0394 pedestrian 0.801799863576889
783 13.8486 -0.1981 pedestrian 0.8532228469848633
783 10.0136 0.0394 pedestrian 0.7598625123500824
784 13.6355 -0.1981 pedestrian 0.7789338529109955
784 10.0136 0.0709 pedestrian 0.7577164173126221
785 13.8486 -0.1981 pedestrian 0.8197185397148132
785 10.0136 0.0867 pedestrian 0.8174082338809967
786 13.6355 -0.2304 pedestrian 0.8662245869636536
786 10.0136 0.0867 pedestrian 0.8406315445899963
787 13.6355 -0.2304 pedestrian 0.8553632199764252
787 10.0136 0.0867 pedestrian 0.8407023549079895
788 13.6355 -0.1981 pedestrian 0.8669119775295258
788 10.0136 0.0867 pedestrian 0.8599319458007812
789 10.0136 0.0867 pedestrian 0.8796804249286652
789 13.6355 -0.2142 pedestrian 0.866089254617691
790 13.6355 -0.2304 pedestrian 0.8468104302883148
790 10.0136 0.0709 pedestrian 0.8367199897766113
791 13.6355 -0.2142 pedestrian 0.7991074323654175
791 10.0136 0.0709 pedestrian 0.7951704263687134
792 10.0136 0.1025 pedestrian 0.7958473861217499
792 13.4225 -0.2142 pedestrian 0.7732853591442108
793 10.0136 0.0867 pedestrian 0.8535984754562378
793 13.4225 -0.1981 pedestrian 0.8209057748317719
794 10.0136 0.1025 pedestrian 0.8799537420272827
794 13.6355 -0.2304 pedestrian 0.8718666732311249
795 13.6355 -0.2304 pedestrian 0.8779989778995514
795 10.2266 0.0867 pedestrian 0.8761952221393585
796 13.6355 -0.2142 pedestrian 0.8884109556674957
796 10.2266 0.1025 pedestrian 0.8729492723941803
797 13.4225 -0.2304 pedestrian 0.9003131687641144
797 10.2266 0.0867 pedestrian 0.8909227550029755
798 13.4225 -0.2142 pedestrian 0.8745667338371277
798 10.2266 0.1025 pedestrian 0.868714839220047
799 13.4225 -0.2142 pedestrian 0.8312857449054718
799 10.0136 0.1025 pedestrian 0.8159308731555939
800 13.6355 -0.2304 pedestrian 0.7544706463813782
800 10.0136 0.1184 pedestrian 0.732595682144165
801 13.6355 -0.2304 pedestrian 0.7978003323078156
801 10.0136 0.1184 pedestrian 0.7786150574684143
802 13.6355 -0.2304 pedestrian 0.8423508703708649
802 10.2266 0.1184 pedestrian 0.7980445623397827
803 13.6355 -0.2304 pedestrian 0.844505101442337
803 10.2266 0.1184 pedestrian 0.7967031598091125
804 13.6355 -0.2304 pedestrian 0.8502197861671448
804 10.2266 0.1184 pedestrian 0.809334397315979
805 13.6355 -0.2304 pedestrian 0.8592379093170166
805 10.2266 0.1343 pedestrian 0.8044062554836273
806 13.6355 -0.2304 pedestrian 0.8292658030986786
806 10.2266 0.1343 pedestrian 0.795877069234848
807 13.4225 -0.2142 pedestrian 0.7774333357810974
807 10.0136 0.1343 pedestrian 0.7337895631790161
808 13.4225 -0.2142 pedestrian 0.7482671141624451
808 10.0136 0.1661 pedestrian 0.6490669548511505
809 13.4225 -0.1981 pedestrian 0.8086172342300415
809 10.2266 0.1661 pedestrian 0.7126284241676331
810 13.4225 -0.2142 pedestrian 0.8574985563755035
810 10.2266 0.1661 pedestrian 0.7440224587917328
811 13.4225 -0.2142 pedestrian 0.8632875382900238
811 10.2266 0.1502 pedestrian 0.7474656403064728
812 13.4225 -0.2142 pedestrian 0.8520749509334564
812 10.2266 0.1661 pedestrian 0.7560324370861053
813 13.4225 -0.2142 pedestrian 0.8542698919773102
813 10.2266 0.1661 pedestrian 0.7664419710636139
814 13.4225 -0.2142 pedestrian 0.8282075822353363
814 10.2266 0.1661 pedestrian 0.7527897357940674
815 13.4225 -0.2142 pedestrian 0.7897113859653473
815 10.2266 0.1661 pedestrian 0.7097501754760742
816 13.4225 -0.2142 pedestrian 0.783313512802124
816 10.2266 0.1821 pedestrian 0.7231424152851105
817 13.4225 -0.1981 pedestrian 0.854180634021759
817 10.2266 0.1821 pedestrian 0.7592134773731232
818 13.4225 -0.2142 pedestrian 0.9024446606636047
818 10.2266 0.1821 pedestrian 0.8179061710834503
819 13.4225 -0.1981 pedestrian 0.9113690257072449
819 10.2266 0.1821 pedestrian 0.8180606365203857
820 13.4225 -0.2142 pedestrian 0.906533271074295
820 10.2266 0.1981 pedestrian 0.8336742520332336
821 13.4225 -0.1981 pedestrian 0.9216331839561462
821 10.4397 0.1821 pedestrian 0.8370387554168701
822 13.4225 -0.2142 pedestrian 0.8800428807735443
822 10.2266 0.1981 pedestrian 0.8109678030014038
823 13.4225 -0.1981 pedestrian 0.8321662247180939
823 10.4397 0.1821 pedestrian 0.7687798142433167
824 13.4225 -0.1821 pedestrian 0.8236890137195587
824 10.2266 0.1981 pedestrian 0.6755907833576202
825 13.4225 -0.1981 pedestrian 0.8884451985359192
825 10.2266 0.2142 pedestrian 0.7238312661647797
826 13.4225 -0.1821 pedestrian 0.9227450788021088
826 10.4397 0.2142 pedestrian 0.7563494741916656
827 13.4225 -0.1981 pedestrian 0.9293228089809418
827 10.2266 0.2142 pedestrian 0.7687633037567139
828 13.4225 -0.1821 pedestrian 0.9321740865707397
828 10.4397 0.2304 pedestrian 0.7671161890029907
829 13.4225 -0.1981 pedestrian 0.9332705140113831
829 10.4397 0.2142 pedestrian 0.7906375527381897
830 13.4225 -0.1821 pedestrian 0.8938604891300201
830 10.4397 0.1981 pedestrian 0.7472109794616699
831 13.4225 -0.1821 pedestrian 0.8458671271800995
831 10.4397 0.2466 pedestrian 0.7044256031513214
832 13.4225 -0.1502 pedestrian 0.8104191422462463
832 10.4397 0.2304 pedestrian 0.7072686851024628
833 13.4225 -0.1661 pedestrian 0.8925314247608185
833 10.4397 0.2304 pedestrian 0.7496002316474915
834 13.4225 -0.1661 pedestrian 0.9257343113422394
834 10.4397 0.2466 pedestrian 0.8073728680610657
835 13.4225 -0.1661 pedestrian 0.9256454408168793
835 10.4397 0.2466 pedestrian 0.7838716804981232
836 13.4225 -0.1661 pedestrian 0.9262288808822632
836 10.4397 0.2304 pedestrian 0.7852048873901367
837 13.4225 -0.1661 pedestrian 0.9320213496685028
837 10.4397 0.2466 pedestrian 0.777174711227417
838 13.4225 -0.1502 pedestrian 0.877467155456543
838 10.4397 0.2466 pedestrian 0.7413989901542664
839 13.4225 -0.1502 pedestrian 0.823361724615097
839 10.4397 0.2466 pedestrian 0.715471476316452
840 13.4225 -0.1502 pedestrian 0.7380883395671844
840 10.6527 0.2466 pedestrian 0.6702653765678406
841 13.4225 -0.1343 pedestrian 0.7881928980350494
841 10.6527 0.2629 pedestrian 0.718424379825592
842 13.4225 -0.1502 pedestrian 0.8055965900421143
842 10.6527 0.2629 pedestrian 0.777116060256958
843 13.4225 -0.1343 pedestrian 0.8097116351127625
843 10.6527 0.2792 pedestrian 0.7778882384300232
844 10.6527 0.2792 pedestrian 0.7903361916542053
844 13.4225 -0.1502 pedestrian 0.7867701947689056
845 13.4225 -0.1343 pedestrian 0.8093982934951782
845 10.6527 0.2792 pedestrian 0.792341023683548
846 10.6527 0.2792 pedestrian 0.7772090137004852
846 13.4225 -0.1502 pedestrian 0.7607951164245605
847 10.6527 0.2629 pedestrian 0.7304148972034454
847 13.4225 -0.1502 pedestrian 0.724922776222229
848 13.4225 -0.1502 pedestrian 0.6467115879058838
848 10.6527 0.2792 pedestrian 0.604792594909668
849 13.4225 -0.1343 pedestrian 0.6902824342250824
849 10.8658 0.2792 pedestrian 0.6444039642810822
850 13.4225 -0.1343 pedestrian 0.7165336012840271
850 10.8658 0.2792 pedestrian 0.6975815892219543
851 13.4225 -0.1502 pedestrian 0.7262221574783325
851 10.8658 0.2956 pedestrian 0.7004542946815491
852 13.4225 -0.1343 pedestrian 0.7261307239532471
852 10.8658 0.2792 pedestrian 0.7219125330448151
853 13.4225 -0.1343 pedestrian 0.7378281354904175
853 10.8658 0.2792 pedestrian 0.7269783318042755
854 13.4225 -0.1343 pedestrian 0.7076753377914429
854 10.8658 0.2956 pedestrian 0.6819233000278473
855 13.4225 -0.1343 pedestrian 0.6610119938850403
855 10.8658 0.2956 pedestrian 0.6362302601337433
856 13.4225 -0.1184 pedestrian 0.6580325961112976
856 10.8658 0.2956 pedestrian 0.6408867239952087
857 13.4225 -0.1025 pedestrian 0.7239387035369873
857 10.8658 0.2956 pedestrian 0.687419056892395
858 13.4225 -0.1025 pedestrian 0.7808708548545837
858 10.8658 0.2956 pedestrian 0.7409994006156921
859 13.4225 -0.1025 pedestrian 0.7831977307796478
859 10.8658 0.2956 pedestrian 0.7388700842857361
860 13.4225 -0.1025 pedestrian 0.8035252690315247
860 10.8658 0.2956 pedestrian 0.7443128228187561
861 13.4225 -0.1025 pedestrian 0.7931388318538666
861 10.8658 0.2956 pedestrian 0.7294788956642151
862 13.4225 -0.1184 pedestrian 0.750201553106308
862 10.8658 0.2956 pedestrian 0.7058060169219971
863 13.4225 -0.1184 pedestrian 0.7061244249343872
863 10.8658 0.2956 pedestrian 0.6685476303100586
864 13.4225 -0.0867 pedestrian 0.7610762715339661
864 11.0789 0.3121 pedestrian 0.6994703114032745
865 13.4225 -0.0709 pedestrian 0.8088414669036865
865 11.0789 0.3121 pedestrian 0.7592247724533081
866 13.4225 -0.0867 pedestrian 0.8328529894351959
866 11.0789 0.3121 pedestrian 0.7996962666511536
867 13.4225 -0.0867 pedestrian 0.8420529067516327
867 11.0789 0.3121 pedestrian 0.8088414072990417
868 13.2094 -0.0709 pedestrian 0.8396906554698944
868 11.0789 0.3121 pedestrian 0.8143833577632904
869 13.2094 -0.0867 pedestrian 0.8464454412460327
869 11.0789 0.3121 pedestrian 0.811673641204834
870 13.2094 -0.0867 pedestrian 0.8109772503376007
870 11.0789 0.3121 pedestrian 0.7823333442211151
871 13.2094 -0.0867 pedestrian 0.7755531668663025
871 11.0789 0.2956 pedestrian 0.7371281981468201
872 13.2094 -0.0709 pedestrian 0.7744197249412537
872 11.2919 0.3287 pedestrian 0.718657523393631
873 13.2094 -0.0709 pedestrian 0.830099493265152
873 11.2919 0.3287 pedestrian 0.7777667343616486
874 13.2094 -0.0709 pedestrian 0.8728438019752502
874 11.2919 0.3287 pedestrian 0.8281343579292297
875 13.2094 -0.0709 pedestrian 0.8834762573242188
875 11.2919 0.3287 pedestrian 0.8469119071960449
876 13.2094 -0.0709 pedestrian 0.8799701929092407
876 11.2919 0.3121 pedestrian 0.8392221629619598
877 13.2094 -0.0709 pedestrian 0.8782117962837219
877 11.2919 0.3121 pedestrian 0.8360041677951813
878 13.2094 -0.0709 pedestrian 0.8379572629928589
878 11.2919 0.3287 pedestrian 0.7863123714923859
879 13.2094 -0.0867 pedestrian 0.7866650223731995
879 11.2919 0.3121 pedestrian 0.7516786754131317
880 11.2919 0.3287 pedestrian 0.7736270725727081
880 13.2094 -0.0709 pedestrian 0.7438247203826904
881 11.2919 0.2956 pedestrian 0.8365960419178009
881 13.2094 -0.0551 pedestrian 0.8023428916931152
882 11.2919 0.3121 pedestrian 0.8988823890686035
882 13.2094 -0.0551 pedestrian 0.8412135541439056
883 11.5050 0.3121 pedestrian 0.9010611176490784
883 13.2094 -0.0709 pedestrian 0.8448047041893005
884 11.5050 0.3121 pedestrian 0.8853767216205597
884 13.2094 -0.0551 pedestrian 0.865461528301239
885 11.5050 0.3121 pedestrian 0.8873336613178253
885 13.2094 -0.0551 pedestrian 0.8636198341846466
886 11.5050 0.3121 pedestrian 0.8494605422019958
886 13.2094 -0.0551 pedestrian 0.8289795517921448
887 11.2919 0.3121 pedestrian 0.8092460930347443
887 13.2094 -0.0551 pedestrian 0.78711998462677
888 11.5050 0.2956 pedestrian 0.9666508436203003
888 13.2094 -0.0551 pedestrian 0.836946427822113
889 11.5050 0.3121 pedestrian 0.9723351001739502
889 13.2094 -0.0551 pedestrian 0.8350524306297302
890 11.5050 0.3121 pedestrian 0.9799878001213074
890 13.2094 -0.0551 pedestrian 0.8565968871116638
891 11.5050 0.3121 pedestrian 0.9895845651626587
891 13.2094 -0.0551 pedestrian 0.8539188504219055
892 11.5050 0.3121 pedestrian 0.9616768956184387
892 13.2094 -0.0551 pedestrian 0.8521571159362793
893 11.5050 0.2956 pedestrian 0.956198513507843
893 12.9963 -0.0394 pedestrian 0.8603949546813965
894 11.5050 0.3121 pedestrian 0.8581982254981995
894 13.2094 -0.0394 pedestrian 0.8137141466140747
895 11.2919 0.3121 pedestrian 0.7725396752357483
895 12.9963 -0.0709 pedestrian 0.7396969199180603
