0 3.4089 0.3121 pedestrian 0.4481288194656372
1 3.1958 0.3121 pedestrian 0.4940946698188782
2 3.4089 0.3121 pedestrian 0.564264178276062
3 3.1958 0.3121 pedestrian 0.5549346208572388
4 3.4089 0.3121 pedestrian 0.5951915383338928
4 3.4089 -0.6916 cyclist 0.3217983841896057
5 3.4089 0.2956 pedestrian 0.5920528173446655
5 3.4089 -0.6317 cyclist 0.3390631675720215
5 3.8350 -0.7123 cyclist 0.3167147636413574
6 3.4089 0.2956 pedestrian 0.6136286854743958
6 3.4089 -0.6714 cyclist 0.3973276615142822
7 3.4089 0.3121 pedestrian 0.6192849278450012
7 3.4089 -0.6916 cyclist 0.40581876039505005
8 3.4089 0.2792 pedestrian 0.5079344809055328
8 3.4089 -0.6714 cyclist 0.3018124997615814
9 3.1958 0.3121 pedestrian 0.5157158672809601
10 3.4089 0.2792 pedestrian 0.5503465831279755
10 3.4089 -0.7123 car 0.30608007311820984
11 3.4089 0.2956 pedestrian 0.5363968312740326
12 3.4089 0.2792 pedestrian 0.5389250814914703
12 3.4089 -0.7988 car 0.3081506937742233
13 3.4089 0.2792 pedestrian 0.5283022522926331
13 3.4089 -0.7123 car 0.3060423880815506
14 3.4089 0.2792 pedestrian 0.511147141456604
14 3.4089 -0.7123 car 0.30745556950569153
15 3.4089 0.2956 pedestrian 0.46410030126571655
16 3.1958 -0.7333 car 0.32828977704048157
17 3.4089 -0.7123 car 0.32883529365062714
18 3.4089 -0.7988 car 0.3248134106397629
18 3.8350 -0.8451 car 0.31098951399326324
19 3.8350 -0.7988 car 0.3256448805332184
20 3.4089 -0.7988 car 0.36528949439525604
21 3.6219 -0.7547 car 0.35171128809452057
22 3.4089 -0.7123 car 0.35630136728286743
23 3.6219 -0.7547 car 0.36379584670066833
24 3.8350 -0.7123 car 0.4810044914484024
24 4.2611 0.1981 car 0.3233652412891388
24 3.6219 0.2142 car 0.3126975744962692
25 3.8350 -0.7123 car 0.4784201979637146
25 4.0480 0.2304 car 0.3246854394674301
26 4.0480 -0.6714 car 0.47419796884059906
26 4.0480 0.1981 car 0.32817243039608
26 4.4742 0.2142 car 0.32591578364372253
27 3.8350 -0.6714 car 0.47421981394290924
27 4.6872 0.2466 car 0.33844247460365295
27 5.5394 0.2466 car 0.30394528061151505
28 4.2611 -0.6714 car 0.47170914709568024
28 5.1133 0.2466 car 0.36496078968048096
29 4.2611 -0.6317 car 0.461145281791687
29 3.8350 -0.5932 car 0.45576944947242737
29 4.9003 0.2466 car 0.36482736468315125
30 4.0480 -0.5932 car 0.46583807468414307
30 5.1133 0.2304 car 0.35844390094280243
31 4.2611 -0.5932 car 0.42841215431690216
31 5.1133 0.2304 car 0.3604602813720703
32 4.2611 -0.4132 car 0.45054101943969727
32 4.2611 -0.3454 car 0.4403187036514282
32 5.5394 0.2304 car 0.35574962198734283
32 5.5394 0.1661 car 0.33630263805389404
33 4.9003 -0.3287 car 0.45278114080429077
33 5.5394 0.1821 car 0.35558538138866425
34 5.1133 -0.3622 car 0.44005726277828217
34 4.9003 -0.2466 car 0.43834109604358673
34 5.5394 0.1981 car 0.37740762531757355
35 4.9003 -0.2466 car 0.44443852454423904
35 5.1133 -0.3791 car 0.42859139293432236
35 5.7525 0.1821 car 0.38701625168323517
35 5.1133 0.1343 car 0.37084880471229553
36 5.7525 0.1502 car 0.41769877076148987
36 5.3264 -0.2466 car 0.4116227850317955
36 5.3264 -0.1981 car 0.40532881021499634
37 5.5394 0.1821 car 0.4209715723991394
37 5.5394 0.0551 car 0.3959944099187851
37 4.9003 -0.2629 car 0.39250045269727707
37 4.6872 -0.2142 car 0.3859269991517067
38 5.9655 0.1502 car 0.4361380636692047
38 5.3264 -0.0079 car 0.40089354664087296
38 5.5394 -0.1981 car 0.38504358381032944
39 5.5394 0.1025 car 0.4337938278913498
39 5.7525 0.1821 car 0.4271937608718872
39 5.3264 -0.1821 car 0.4049513041973114
40 5.5394 -0.0236 car 0.717610776424408
41 5.3264 0.0079 car 0.7335228323936462
42 5.3264 0.0079 car 0.7509273290634155
42 5.7525 -0.0551 car 0.7369469106197357
43 5.7525 0.0236 car 0.764019250869751
44 6.1786 0.0709 car 0.7563319206237793
45 6.1786 0.0551 car 0.7520922124385834
46 6.1786 0.0709 car 0.7460277378559113
46 6.1786 0.0079 car 0.7274320125579834
47 6.1786 0.0709 car 0.7301090061664581
48 6.3916 0.0867 car 0.811807781457901
49 6.6047 0.0867 car 0.8144601881504059
50 6.6047 0.1343 car 0.7900409996509552
51 6.8178 0.1343 car 0.8013098835945129
52 7.0308 0.1661 car 0.7803448140621185
53 7.2439 0.1343 car 0.7611295282840729
54 7.4569 0.1981 car 0.7459440231323242
55 7.4569 0.1821 car 0.7329718172550201
56 7.8830 0.1981 car 0.8007374405860901
57 7.6700 0.2142 car 0.8158811032772064
58 7.8830 0.2629 car 0.8251845240592957
59 8.0961 0.2304 car 0.8227000832557678
60 8.5222 0.2304 car 0.7946913242340088
61 8.3091 0.2466 car 0.7764383554458618
62 8.7352 0.2629 car 0.7780990600585938
63 8.7352 0.2792 car 0.7707209587097168
64 8.7352 0.3121 car 0.9131173491477966
65 9.1614 0.2792 car 0.9133119285106659
66 9.1614 0.3287 car 0.9398285150527954
67 9.1614 0.2792 car 0.9351158142089844
68 9.5875 0.3121 car 0.9207384586334229
69 9.8005 0.3287 car 0.8967155516147614
70 9.8005 0.3287 car 0.8828627169132233
71 10.0136 0.3121 car 0.8832662403583527
72 10.4397 0.3121 car 0.9150525331497192
73 10.4397 0.3121 car 0.9330207705497742
74 10.4397 0.3287 car 0.9474073052406311
75 10.6527 0.3287 car 0.9491312801837921
76 10.8658 0.3287 car 0.8618476986885071
77 11.0789 0.3287 car 0.8317132592201233
78 11.2919 0.3287 car 0.7924980223178864
79 11.5050 0.3622 car 0.7494879066944122
80 11.7180 0.3121 car 0.775516927242279
81 12.1441 0.3121 car 0.7745449841022491
82 12.1441 0.3287 car 0.7762653827667236
83 12.5702 0.3121 car 0.784787118434906
84 12.7833 0.3287 car 0.7365829646587372
85 12.9963 0.3121 car 0.7268998026847839
86 13.2094 0.3287 car 0.7346731126308441
87 13.4225 0.3121 car 0.73220494389534
88 13.8486 0.3121 car 0.8276352286338806
89 13.8486 0.3121 car 0.8329001665115356
90 13.8486 0.3287 car 0.8325185775756836
91 14.2747 0.2792 car 0.8469993770122528
92 14.7008 0.3121 car 0.8008020520210266
93 14.7008 0.3121 car 0.8038197457790375
94 14.9138 0.3287 car 0.7965952157974243
95 15.1269 0.3121 car 0.7881249487400055
96 15.5530 0.2792 car 0.8840504586696625
97 15.5530 0.2629 car 0.8989620208740234
98 15.7661 0.2792 car 0.9089471101760864
99 15.9791 0.2792 car 0.9237895309925079
100 16.1922 0.2629 car 0.9061657190322876
101 16.4052 0.2792 car 0.9154253602027893
102 16.4052 0.2792 car 0.9110227227210999
103 16.8313 0.2792 car 0.8994353413581848
104 17.2574 0.2466 car 1.0
105 16.8313 0.2142 car 1.0
106 17.2574 0.2466 car 1.0
107 17.2574 0.2792 car 1.0
108 17.6836 0.2629 car 0.985954225063324
109 18.1097 0.2792 car 0.9654363095760345
110 18.1097 0.2792 car 0.9571917653083801
111 18.1097 0.2792 car 0.9526356756687164
112 18.9619 0.2466 car 0.891664445400238
113 18.9619 0.2466 car 0.9176313281059265
114 19.1749 0.2629 car 0.9230321645736694
115 19.3880 0.2466 car 0.9414352774620056
116 19.6010 0.2466 car 0.9385302066802979
117 19.8141 0.2792 car 0.939017117023468
118 19.8141 0.2629 car 0.9328565299510956
119 20.2402 0.2466 car 0.9207404851913452
120 20.6663 0.2466 car 0.988286703824997
121 20.6663 0.2466 car 0.9823842942714691
122 20.8794 0.2466 car 0.9659404456615448
123 21.0924 0.2466 car 0.9616281390190125
124 21.3055 0.2466 car 0.9322449564933777
125 21.5185 0.2792 car 0.9176435768604279
126 21.7316 0.2629 car 0.8977772295475006
127 21.9447 0.2629 car 0.8868938982486725
128 22.3708 0.2466 car 0.9743956625461578
129 22.5838 0.2629 car 0.9864597022533417
130 22.7969 0.2629 car 0.9851163029670715
131 23.0099 0.2792 car 0.9746668636798859
132 23.4360 0.2466 car 0.9706435799598694
133 23.6491 0.2792 car 1.0
134 23.6491 0.2956 car 0.9979303777217865
135 23.8621 0.2792 car 1.0
136 24.2883 0.2466 car 0.8219866752624512
137 24.2883 0.2629 car 0.833350658416748
138 24.5013 0.2629 car 0.707464337348938
139 24.2883 0.2792 car 0.637110561132431
140 24.9274 0.2629 car 0.421122208237648
140 24.2883 0.3121 car 0.384731188416481
141 25.1405 0.2629 car 0.32252177596092224
147 24.2883 0.4479 car 0.3365958482027054
148 24.0752 0.4831 car 0.40326277911663055
149 24.2883 0.4654 car 0.43336230516433716
150 24.5013 0.4831 car 0.4818792939186096
151 24.2883 0.4479 car 0.48923245072364807
152 24.2883 0.4132 car 0.7668340504169464
153 24.2883 0.3961 car 0.7959325909614563
154 24.2883 0.4132 car 0.8447526097297668
155 24.0752 0.4132 car 0.8539472818374634
156 24.2883 0.4132 car 0.8170543611049652
157 24.0752 0.4132 car 0.792974054813385
158 24.0752 0.3961 car 0.7426711022853851
159 24.0752 0.4132 car 0.7029375731945038
160 24.0752 0.3791 car 0.6551268398761749
161 24.2883 0.3622 car 0.6798098683357239
162 24.0752 0.3791 car 0.7131903767585754
163 24.2883 0.3622 car 0.7492001354694366
164 24.2883 0.3622 car 0.7668143808841705
165 24.2883 0.3622 car 0.7861915528774261
166 24.0752 0.3791 car 0.7847634255886078
167 24.2883 0.3622 car 0.7816433310508728
168 24.0752 0.3791 car 0.7955780029296875
169 24.2883 0.3791 car 0.8307830393314362
170 24.2883 0.3791 car 0.8500146567821503
171 24.2883 0.3622 car 0.8506625890731812
172 24.5013 0.3791 car 0.8147213757038116
173 24.5013 0.3791 car 0.8078628182411194
174 24.5013 0.4132 car 0.7365472316741943
175 24.2883 0.3622 car 0.698210746049881
176 24.5013 0.3454 car 0.576630249619484
177 24.5013 0.3791 car 0.6023699939250946
178 24.5013 0.4132 car 0.6009992957115173
179 24.5013 0.3961 car 0.6111467182636261
180 24.7144 0.4132 car 0.5928826332092285
181 24.5013 0.3791 car 0.5879535973072052
182 24.5013 0.4132 car 0.5369128584861755
183 24.2883 0.3622 car 0.4997834265232086
184 24.5013 0.4132 car 0.3036682903766632
185 24.2883 0.3622 car 0.3086317479610443
585 24.9274 -0.0394 car 0.3316996395587921
586 24.7144 -0.0709 car 0.4664519131183624
587 24.2883 -0.0709 car 0.5476506799459457
588 24.0752 -0.0709 car 0.6312650740146637
588 24.0752 0.3791 car 0.301839642226696
589 23.8621 -0.0867 car 0.6474220156669617
590 23.6491 -0.0709 car 0.6942296028137207
591 23.6491 -0.0709 car 0.6744396984577179
592 23.2230 -0.0709 car 0.7845521867275238
592 23.2230 0.3791 car 0.3599274158477783
593 23.2230 -0.0867 car 0.8183794021606445
593 23.2230 0.4305 car 0.37597502768039703
594 23.0099 -0.0867 car 0.8450534045696259
594 23.0099 0.4132 car 0.3917969912290573
595 22.7969 -0.0867 car 0.8493947684764862
595 22.5838 0.4479 car 0.40470854938030243
596 22.5838 -0.0867 car 0.8128035664558411
596 22.1577 0.4132 car 0.41791439056396484
597 22.1577 -0.0867 car 0.7857601642608643
597 21.9447 0.3961 car 0.4142124354839325
598 21.9447 -0.0709 car 0.778123140335083
598 21.7316 0.4132 car 0.41744641959667206
599 21.9447 -0.1025 car 0.732164204120636
599 21.5185 0.4305 car 0.40513600409030914
600 21.5185 -0.1025 car 0.6443465352058411
600 21.0924 0.4132 car 0.45273926854133606
601 21.5185 -0.0867 car 0.6572665870189667
601 21.0924 0.3961 car 0.463179275393486
602 21.0924 -0.0867 car 0.6576709747314453
602 20.8794 0.4132 car 0.44329722225666046
603 20.8794 -0.1184 car 0.6669872999191284
603 20.6663 0.4132 car 0.4298214763402939
604 20.6663 -0.1184 car 0.618402361869812
604 20.4533 0.4132 car 0.37767842411994934
605 20.2402 -0.1343 car 0.5960524678230286
605 20.2402 0.3961 car 0.34382593631744385
606 20.2402 -0.1343 car 0.5610618144273758
606 20.0272 0.3961 car 0.3075231611728668
607 19.8141 -0.1025 car 0.5287297070026398
608 19.3880 -0.1025 car 0.41561150550842285
609 19.3880 -0.1343 car 0.4327164441347122
609 2.9828 -0.1184 pedestrian 0.3472364619374275
610 19.1749 -0.1502 car 0.40622660517692566
610 3.1958 -0.1343 pedestrian 0.400390625
611 2.9828 -0.1025 pedestrian 0.39978665113449097
611 19.1749 -0.1184 car 0.3932297080755234
612 3.1958 -0.1025 pedestrian 0.43105635046958923
612 18.9619 -0.1661 car 0.33330439031124115
613 3.1958 -0.1025 pedestrian 0.42349618673324585
613 18.7488 -0.1502 car 0.3112417161464691
614 3.1958 -0.0867 pedestrian 0.4041130542755127
615 3.1958 -0.0867 pedestrian 0.37447652220726013
616 17.8966 -0.0867 car 0.49062106013298035
617 17.8966 -0.1343 car 0.5409372746944427
618 17.4705 -0.1025 car 0.6094788759946823
619 17.2574 -0.1025 car 0.6315495818853378
620 17.0444 -0.1502 car 0.6778659820556641
620 16.6183 0.3454 car 0.3205486088991165
620 3.8350 0.3287 cyclist 0.31631144881248474
621 16.8313 -0.1343 car 0.7066259980201721
621 3.6219 0.3287 cyclist 0.3351426050066948
621 16.6183 0.3791 car 0.3326347917318344
622 16.4052 -0.1184 car 0.7292135953903198
622 3.8350 0.3287 cyclist 0.37993692606687546
622 16.6183 0.3791 car 0.3377181738615036
622 4.0480 0.3454 car 0.30541013926267624
623 16.4052 -0.1343 car 0.718576580286026
623 3.8350 0.3791 cyclist 0.3807777389883995
623 16.1922 0.3961 car 0.3251921385526657
624 15.9791 -0.1343 car 0.7807627618312836
624 4.0480 0.4132 cyclist 0.4329257681965828
624 4.2611 0.3622 car 0.36077257990837097
624 3.8350 0.4479 car 0.33761368691921234
625 15.9791 -0.1343 car 0.8140312433242798
625 4.2611 0.4305 cyclist 0.4520939737558365
625 4.0480 0.3791 car 0.37565888464450836
626 15.5530 -0.1502 car 0.8474116921424866
626 4.0480 0.4305 cyclist 0.4321870803833008
626 4.2611 0.4305 car 0.3826591819524765
626 4.2611 0.5010 car 0.34683091938495636
627 15.5530 -0.1502 car 0.8494386374950409
627 4.4742 0.4654 cyclist 0.4219793826341629
627 4.4742 0.3961 car 0.3617608994245529
627 4.6872 0.4479 car 0.34584878385066986
628 15.1269 -0.1343 car 0.8603456020355225
628 4.2611 0.4831 cyclist 0.386464461684227
628 4.2611 0.4305 car 0.36131812632083893
628 4.2611 0.5010 car 0.3475290387868881
629 15.1269 -0.1661 car 0.8545599579811096
629 4.4742 0.4654 cyclist 0.3786679208278656
629 5.1133 0.4132 car 0.3381888419389725
629 4.2611 0.4132 car 0.318335622549057
630 14.9138 -0.1661 car 0.8596562147140503
630 5.1133 0.5010 car 0.33839845657348633
630 4.9003 0.5557 car 0.33006560802459717
630 4.6872 0.5373 cyclist 0.3148011416196823
631 14.7008 -0.1661 car 0.8287588059902191
631 5.1133 0.4831 car 0.32971295714378357
631 4.6872 0.5010 car 0.3253634124994278
631 4.4742 0.5373 cyclist 0.3028995394706726
632 14.2747 -0.1981 car 0.8991078734397888
632 5.3264 0.6124 car 0.31808577477931976
633 14.4877 -0.1661 car 0.9501941800117493
633 5.5394 0.6714 car 0.32934214174747467
634 14.2747 -0.1981 car 0.9614154100418091
634 5.5394 0.6514 car 0.3259302228689194
635 14.0616 -0.1981 car 0.9848025739192963
635 5.5394 0.6714 car 0.3258182108402252
636 13.8486 -0.1981 car 0.9483075141906738
637 13.6355 -0.1981 car 0.9299006462097168
638 13.4225 -0.1981 car 0.8905679881572723
639 13.2094 -0.1981 car 0.8476877510547638
640 12.9963 -0.1981 car 0.9997618496417999
640 12.7833 0.7333 car 0.376212015748024
640 12.5702 0.4831 car 0.33531150221824646
641 12.7833 -0.2304 car 1.0
641 12.7833 0.7547 car 0.40004515647888184
641 12.5702 0.5191 car 0.35698147118091583
642 12.5702 -0.2142 car 1.0
642 12.5702 0.7547 car 0.4462747871875763
643 12.7833 -0.2304 car 1.0
643 12.3572 0.7547 car 0.4877435564994812
643 12.3572 0.5932 car 0.4179093837738037
644 12.1441 -0.2629 car 1.0
644 12.1441 0.7765 car 0.48150356113910675
645 12.1441 -0.2304 car 1.0
645 11.9311 0.7333 car 0.4811400771141052
646 12.1441 -0.2629 car 0.9656352400779724
646 11.7180 0.7547 car 0.4643946439027786
647 11.9311 -0.2304 car 0.9360714852809906
647 11.7180 0.7547 car 0.45368753373622894
648 11.7180 -0.2629 car 0.8783481419086456
648 11.7180 0.7333 car 0.32288485765457153
648 11.2919 0.3791 car 0.31355592608451843
649 11.5050 -0.2792 car 0.8936980068683624
649 11.5050 0.7547 car 0.312359020113945
649 10.8658 0.3791 car 0.307507187128067
650 11.5050 -0.2629 car 0.8964992463588715
651 11.2919 -0.2792 car 0.8770331144332886
652 11.2919 -0.2629 car 0.8472179174423218
653 11.0789 -0.2792 car 0.8125030696392059
654 10.8658 -0.2792 car 0.7824468612670898
655 10.8658 -0.2629 car 0.7367631196975708
655 10.4397 -0.2956 car 0.7268467247486115
656 10.4397 -0.3791 car 0.8105479776859283
657 10.2266 -0.3961 car 0.8373822569847107
658 10.0136 -0.3791 car 0.8689705729484558
659 10.2266 -0.3622 car 0.8906541466712952
660 9.5875 -0.3961 car 0.8980549573898315
661 9.8005 -0.3961 car 0.8997310996055603
662 9.5875 -0.3961 car 0.9194517135620117
663 9.3744 -0.4132 car 0.8824709355831146
664 8.7352 -0.4654 car 0.9160785675048828
664 8.9483 0.5010 car 0.39205941557884216
665 8.9483 -0.4654 car 0.9560903906822205
665 8.5222 0.5010 car 0.41049569845199585
666 8.7352 -0.4654 car 1.0
666 8.5222 0.5010 car 0.4372652620077133
667 8.7352 -0.4654 car 1.0
667 8.5222 0.5010 car 0.43378761410713196
668 8.7352 -0.4654 car 1.0
668 8.5222 0.4831 car 0.4300909787416458
669 8.5222 -0.5010 car 1.0
669 8.3091 0.4831 car 0.40956732630729675
670 8.3091 -0.4654 car 1.0
670 8.3091 0.4479 car 0.3691173419356346
671 8.3091 -0.4831 car 0.9931889474391937
671 8.0961 0.5010 car 0.3370152413845062
672 8.3091 -0.5373 car 0.8667063415050507
673 8.3091 -0.5373 car 0.8852709829807281
674 8.0961 -0.5373 car 0.8976121842861176
675 8.0961 -0.5557 car 0.9025160372257233
676 7.8830 -0.5373 car 0.9055606126785278
677 7.8830 -0.5932 car 0.8866555392742157
678 7.8830 -0.5557 car 0.8626089096069336
679 7.8830 -0.5744 car 0.8356954753398895
680 7.6700 -0.6317 car 0.7606598436832428
681 7.6700 -0.6514 car 0.7753380239009857
682 7.4569 -0.6916 car 0.7849224209785461
683 7.4569 -0.6514 car 0.7903357446193695
684 7.4569 -0.6916 car 0.7685811221599579
685 7.4569 -0.7123 car 0.7728257775306702
686 7.4569 -0.7333 car 0.7559581398963928
687 7.4569 -0.7333 car 0.7241888344287872
688 7.2439 -0.8217 car 0.5959674268960953
689 7.2439 -0.7765 car 0.6085109710693359
690 7.2439 -0.8217 car 0.6215311884880066
691 7.2439 -0.8217 car 0.6145507395267487
692 7.2439 -0.8217 car 0.6048397719860077
693 7.0308 -0.8451 car 0.5967420637607574
694 7.2439 -0.8217 car 0.5698672086000443
695 7.2439 -0.8939 car 0.5413303971290588
696 7.4569 -0.8217 car 0.30586932599544525
697 7.2439 -0.8217 car 0.30320899188518524
699 7.2439 -0.8939 car 0.30632050335407257
816 3.1958 0.4479 car 0.45335163176059723
817 3.1958 0.3791 car 0.4946456849575043
817 3.6219 0.4132 car 0.4901113510131836
818 3.6219 0.4132 car 0.5715002715587616
819 3.6219 0.4654 car 0.616206705570221
820 4.0480 0.4831 car 0.6581959426403046
821 4.0480 0.4831 car 0.653298944234848
822 4.2611 0.5191 car 0.6408175826072693
823 4.2611 0.5373 car 0.6351439356803894
824 4.9003 0.6317 car 0.4596628099679947
825 4.9003 0.6714 car 0.4792167991399765
826 5.3264 0.6916 car 0.47164539992809296
827 5.5394 0.6916 car 0.47773635387420654
828 5.9655 0.7123 car 0.4790541082620621
829 6.1786 0.7547 car 0.48973216116428375
830 6.1786 0.7547 car 0.5050695091485977
831 6.1786 0.7547 car 0.47315917909145355
