1 17.6836 -0.2466 pedestrian 0.3190416693687439
2 17.6836 -0.2304 pedestrian 0.3188472390174866
10 17.6836 -0.2629 pedestrian 0.30974259972572327
11 17.8966 -0.2792 pedestrian 0.30450883507728577
12 17.6836 -0.2629 pedestrian 0.31285330653190613
13 17.8966 -0.2792 pedestrian 0.31841856241226196
14 17.8966 -0.2792 pedestrian 0.32215845584869385
15 17.8966 -0.2792 pedestrian 0.3133500963449478
16 17.8966 -0.2629 pedestrian 0.3354383409023285
17 17.8966 -0.2629 pedestrian 0.3500855565071106
18 18.1097 -0.2629 pedestrian 0.34471073746681213
19 17.8966 -0.2792 pedestrian 0.3372739851474762
20 18.1097 -0.2629 pedestrian 0.33589059114456177
21 17.8966 -0.2629 pedestrian 0.3305574357509613
22 18.1097 -0.2792 pedestrian 0.3408972918987274
23 18.1097 -0.2629 pedestrian 0.32314109802246094
24 18.1097 -0.2792 pedestrian 0.30875271558761597
25 18.1097 -0.2792 pedestrian 0.3310709595680237
26 18.1097 -0.2792 pedestrian 0.3537503778934479
27 18.1097 -0.2792 pedestrian 0.3325723707675934
28 18.1097 -0.2792 pedestrian 0.35580673813819885
29 18.1097 -0.2792 pedestrian 0.34696152806282043
30 18.1097 -0.2792 pedestrian 0.34632042050361633
31 18.1097 -0.2629 pedestrian 0.3246423304080963
48 18.3227 -0.2792 pedestrian 0.32185086607933044
49 18.5358 -0.2956 pedestrian 0.35607466101646423
50 18.5358 -0.2956 pedestrian 0.39377740025520325
51 18.3227 -0.2956 pedestrian 0.3786177635192871
52 18.3227 -0.2956 pedestrian 0.3915727734565735
53 18.3227 -0.2956 pedestrian 0.38572704792022705
54 18.3227 -0.2956 pedestrian 0.3720739781856537
55 18.5358 -0.3121 pedestrian 0.3476903885602951
56 18.5358 -0.2792 pedestrian 0.3618427813053131
57 18.5358 -0.2792 pedestrian 0.37415653467178345
58 18.5358 -0.2956 pedestrian 0.3813413977622986
59 18.5358 -0.2792 pedestrian 0.3758600056171417
60 18.5358 -0.2629 pedestrian 0.3892761766910553
61 18.5358 -0.2792 pedestrian 0.38519251346588135
62 18.5358 -0.2792 pedestrian 0.37103477120399475
63 18.5358 -0.2792 pedestrian 0.3501516580581665
64 18.3227 -0.2629 pedestrian 0.3245106637477875
65 18.3227 -0.2466 pedestrian 0.34326907992362976
66 18.3227 -0.2792 pedestrian 0.3426744341850281
67 18.3227 -0.2629 pedestrian 0.3454962372779846
68 18.3227 -0.2629 pedestrian 0.3298351764678955
69 18.3227 -0.2629 pedestrian 0.32459574937820435
73 18.1097 -0.2956 cyclist 0.314625084400177
74 17.8966 -0.2792 cyclist 0.3161369562149048
75 18.1097 -0.2792 cyclist 0.3288330137729645
76 18.1097 -0.2792 cyclist 0.3285820931196213
77 18.1097 -0.2792 cyclist 0.346632644534111
78 17.8966 -0.2956 cyclist 0.3456651419401169
79 18.1097 -0.2792 cyclist 0.34499941766262054
95 17.6836 -0.2956 cyclist 0.30572379380464554
96 17.4705 -0.2956 cyclist 0.31723299622535706
97 17.4705 -0.3121 cyclist 0.31687571108341217
98 17.2574 -0.2792 cyclist 0.31841568648815155
99 17.2574 -0.2792 cyclist 0.337601438164711
100 17.2574 -0.2792 cyclist 0.3262999802827835
101 17.2574 -0.2956 cyclist 0.3365451395511627
102 17.0444 -0.3121 cyclist 0.3186696320772171
103 17.0444 -0.2792 cyclist 0.304610051214695
113 17.0444 -0.3454 cyclist 0.3095441907644272
132 16.1922 -0.2792 pedestrian 0.3103259652853012
133 16.1922 -0.2792 pedestrian 0.3141026869416237
134 16.1922 -0.2792 pedestrian 0.3293301537632942
135 16.1922 -0.2792 pedestrian 0.32382117211818695
136 16.1922 -0.2792 pedestrian 0.4715977609157562
137 16.1922 -0.2792 pedestrian 0.4976135194301605
138 16.1922 -0.2792 pedestrian 0.53583163022995
139 16.1922 -0.2792 pedestrian 0.5611379444599152
140 16.1922 -0.3121 pedestrian 0.5654478371143341
141 16.1922 -0.2792 pedestrian 0.5577839910984039
142 16.1922 -0.2956 pedestrian 0.510933518409729
143 15.9791 -0.3121 pedestrian 0.4757356643676758
144 15.9791 -0.3454 pedestrian 0.5389267206192017
145 15.9791 -0.3454 pedestrian 0.5778959095478058
146 15.9791 -0.3454 pedestrian 0.6260135471820831
147 15.9791 -0.3454 pedestrian 0.626285582780838
148 15.9791 -0.3454 pedestrian 0.6528394222259521
149 15.9791 -0.3454 pedestrian 0.6288385689258575
150 15.9791 -0.3454 pedestrian 0.6166553795337677
151 15.9791 -0.3454 pedestrian 0.584386020898819
152 15.9791 -0.3454 pedestrian 0.6858557760715485
153 15.9791 -0.3287 pedestrian 0.7233749032020569
154 15.9791 -0.3287 pedestrian 0.7705708146095276
155 15.9791 -0.3454 pedestrian 0.7790399193763733
156 15.9791 -0.3287 pedestrian 0.7970789670944214
157 15.9791 -0.3287 pedestrian 0.7961530089378357
158 15.9791 -0.3454 pedestrian 0.7421793043613434
159 15.9791 -0.3287 pedestrian 0.7099458575248718
160 15.9791 -0.3287 pedestrian 0.5683761835098267
161 15.9791 -0.3121 pedestrian 0.6094469428062439
162 15.9791 -0.3287 pedestrian 0.6093459725379944
163 15.9791 -0.3287 pedestrian 0.6179084479808807
164 15.9791 -0.3287 pedestrian 0.6076593697071075
165 15.9791 -0.3121 pedestrian 0.6132422983646393
166 15.9791 -0.3121 pedestrian 0.552058070898056
167 15.9791 -0.3121 pedestrian 0.5239361524581909
168 15.9791 -0.3121 pedestrian 0.3690861165523529
169 15.9791 -0.3121 pedestrian 0.41108348965644836
170 15.9791 -0.2956 pedestrian 0.42403358221054077
171 15.9791 -0.3121 pedestrian 0.4153969883918762
172 15.9791 -0.2956 pedestrian 0.4298728406429291
173 15.9791 -0.3121 pedestrian 0.4294891059398651
174 15.9791 -0.2956 pedestrian 0.38426247239112854
175 15.9791 -0.3121 pedestrian 0.36229458451271057
176 15.9791 -0.2792 pedestrian 0.3749255836009979
177 15.9791 -0.2956 pedestrian 0.40208256244659424
178 15.9791 -0.2792 pedestrian 0.4344231188297272
179 16.1922 -0.2792 pedestrian 0.43751761317253113
180 15.9791 -0.2956 pedestrian 0.44011035561561584
181 16.1922 -0.2956 pedestrian 0.4475034475326538
182 16.1922 -0.2792 pedestrian 0.42364537715911865
183 16.1922 -0.2956 pedestrian 0.3917659819126129
184 16.1922 -0.2792 pedestrian 0.41681763529777527
185 16.1922 -0.2792 pedestrian 0.43958744406700134
186 16.1922 -0.2792 pedestrian 0.45905375480651855
187 16.1922 -0.2956 pedestrian 0.4784776270389557
188 16.1922 -0.2792 pedestrian 0.4705347716808319
189 16.1922 -0.2792 pedestrian 0.47696974873542786
190 16.4052 -0.2792 pedestrian 0.4529293179512024
191 16.1922 -0.2792 pedestrian 0.4247734546661377
192 16.4052 -0.2792 pedestrian 0.36134234070777893
193 16.6183 -0.2792 pedestrian 0.3875814378261566
194 16.6183 -0.2792 pedestrian 0.40499424934387207
195 16.6183 -0.2629 pedestrian 0.41156041622161865
196 16.6183 -0.2629 pedestrian 0.40993639826774597
197 16.6183 -0.2792 pedestrian 0.41055819392204285
198 16.6183 -0.2956 pedestrian 0.38157910108566284
199 16.6183 -0.2629 pedestrian 0.3451596200466156
201 16.8313 -0.2466 pedestrian 0.3002420663833618
202 16.8313 -0.2956 pedestrian 0.31042027473449707
205 16.8313 -0.2466 pedestrian 0.30087903141975403
209 17.0444 -0.2629 pedestrian 0.31767645478248596
210 17.0444 -0.2466 pedestrian 0.3202519118785858
211 17.0444 -0.2466 pedestrian 0.3205282688140869
212 17.0444 -0.2466 pedestrian 0.31266751885414124
213 17.0444 -0.2304 pedestrian 0.3276218771934509
214 17.0444 -0.2466 pedestrian 0.3172125816345215
215 17.2574 -0.2466 pedestrian 0.3035293519496918
219 17.2574 -0.2466 pedestrian 0.3009747192263603
232 18.1097 -0.2466 pedestrian 0.3062862455844879
233 18.1097 -0.2304 pedestrian 0.33376526832580566
234 18.1097 -0.2304 pedestrian 0.3615896701812744
235 18.1097 -0.2466 pedestrian 0.36418190598487854
236 18.3227 -0.2304 pedestrian 0.36135736107826233
237 18.1097 -0.2304 pedestrian 0.36171263456344604
238 18.1097 -0.2466 pedestrian 0.3612784147262573
239 18.3227 -0.2304 pedestrian 0.3349597007036209
240 18.3227 -0.2304 pedestrian 0.4044538140296936
241 18.5358 -0.2304 pedestrian 0.4336640536785126
242 18.5358 -0.2304 pedestrian 0.4841412603855133
243 18.5358 -0.2304 pedestrian 0.462654173374176
244 18.5358 -0.2304 pedestrian 0.49273884296417236
245 18.5358 -0.2304 pedestrian 0.49233317375183105
246 18.5358 -0.2304 pedestrian 0.4678056836128235
247 18.5358 -0.2466 pedestrian 0.4420660436153412
248 18.7488 -0.2466 pedestrian 0.43639662861824036
249 18.7488 -0.2304 pedestrian 0.4726855158805847
250 18.9619 -0.2304 pedestrian 0.4966675043106079
251 18.7488 -0.2304 pedestrian 0.5056483447551727
252 18.9619 -0.2466 pedestrian 0.5041598379611969
253 18.9619 -0.2304 pedestrian 0.5239975154399872
254 18.9619 -0.2466 pedestrian 0.4962277412414551
255 18.9619 -0.2304 pedestrian 0.4650404751300812
256 18.9619 -0.2304 pedestrian 0.44564148783683777
257 18.9619 -0.2304 pedestrian 0.4741436243057251
258 18.9619 -0.2304 pedestrian 0.4966731071472168
259 18.9619 -0.2304 pedestrian 0.49606427550315857
260 18.9619 -0.2304 pedestrian 0.48101967573165894
261 18.9619 -0.2304 pedestrian 0.48566609621047974
262 19.1749 -0.2304 pedestrian 0.46417319774627686
263 19.1749 -0.2304 pedestrian 0.4311867952346802
264 19.1749 -0.2142 pedestrian 0.3678939938545227
265 19.3880 -0.1981 pedestrian 0.3865925669670105
266 19.3880 -0.2304 pedestrian 0.43310996890068054
267 19.3880 -0.2142 pedestrian 0.4346237778663635
268 19.3880 -0.1981 pedestrian 0.45871853828430176
269 19.3880 -0.2142 pedestrian 0.4673548638820648
270 19.3880 -0.2142 pedestrian 0.43820124864578247
271 19.3880 -0.2142 pedestrian 0.41700300574302673
272 19.3880 -0.1981 pedestrian 0.3461025059223175
273 19.6010 -0.1981 pedestrian 0.3556641936302185
274 19.3880 -0.1981 pedestrian 0.3678135573863983
275 19.6010 -0.2142 pedestrian 0.36508598923683167
276 19.6010 -0.2142 pedestrian 0.36528724431991577
277 19.6010 -0.2142 pedestrian 0.3706655502319336
278 19.6010 -0.2142 pedestrian 0.3457562327384949
279 19.6010 -0.2142 pedestrian 0.33132824301719666
296 24.5013 -0.1025 car 0.6685428321361542
296 24.2883 0.3622 car 0.3607991337776184
297 24.5013 -0.1184 car 0.7233507335186005
297 24.2883 0.3287 car 0.4004385322332382
297 24.2883 0.1981 car 0.3561662435531616
298 24.0752 -0.1184 car 0.797666609287262
298 23.8621 0.3961 car 0.5020251423120499
299 23.8621 -0.1025 car 0.8271719515323639
299 23.6491 0.3791 car 0.5413806140422821
300 23.6491 -0.1343 car 0.8578344881534576
300 23.2230 0.3791 car 0.6224732995033264
301 23.4360 -0.1343 car 0.8465609550476074
301 23.2230 0.3961 car 0.642568051815033
302 23.2230 -0.1343 car 0.8470394611358643
302 23.0099 0.3622 car 0.6484663784503937
303 23.0099 -0.1184 car 0.8101098239421844
303 22.7969 0.3791 car 0.6362563669681549
304 22.3708 -0.1184 car 0.7037361264228821
304 22.5838 0.4132 car 0.4861942082643509
305 22.3708 -0.1184 car 0.7180991172790527
305 22.3708 0.3961 car 0.4714643955230713
306 22.1577 -0.1502 car 0.7161715626716614
306 22.3708 0.3961 car 0.427007332444191
307 21.7316 -0.1502 car 0.7091156840324402
307 21.9447 0.4132 car 0.4042474031448364
308 21.5185 -0.1343 car 0.6978527903556824
308 21.5185 0.3961 car 0.34024694561958313
309 21.3055 -0.1502 car 0.6789999008178711
309 21.5185 0.3961 car 0.301090843975544
310 21.0924 -0.1343 car 0.6634021401405334
311 21.0924 -0.1343 car 0.6438858360052109
312 20.8794 -0.1025 car 0.6481148153543472
313 20.4533 -0.1025 car 0.6687024831771851
314 20.2402 -0.1343 car 0.717800498008728
315 20.2402 -0.1184 car 0.7366149425506592
316 19.8141 -0.1343 car 0.7541687190532684
317 19.8141 -0.1184 car 0.750905454158783
318 19.3880 -0.1025 car 0.7163417041301727
319 19.3880 -0.1343 car 0.6725136339664459
320 18.9619 -0.1184 car 0.44412195682525635
321 18.5358 -0.1343 car 0.453691765666008
322 18.5358 -0.1343 car 0.4439551532268524
323 18.3227 -0.1502 car 0.44264769554138184
323 17.8966 0.3622 car 0.30321642756462097
324 18.1097 -0.1343 car 0.43292172253131866
324 17.8966 0.4132 car 0.3067271038889885
325 17.8966 -0.1502 car 0.40604279935359955
325 17.4705 0.3791 car 0.30025267601013184
326 17.6836 -0.1502 car 0.3866428732872009
326 17.6836 -0.1981 car 0.37474364042282104
327 17.4705 -0.1502 car 0.3685482144355774
328 17.0444 -0.1502 car 0.565057560801506
328 16.8313 0.4132 car 0.3510783463716507
329 16.8313 -0.1821 car 0.600457102060318
329 16.8313 0.3791 car 0.3639623075723648
330 16.6183 -0.1343 car 0.6322420686483383
330 16.6183 0.3961 car 0.37853261828422546
331 16.4052 -0.1821 car 0.6433946043252945
331 16.6183 0.3622 car 0.37948189675807953
331 16.1922 0.3961 car 0.3689909726381302
332 16.1922 -0.1661 car 0.6475944221019745
332 16.1922 0.4132 car 0.3752019554376602
332 21.5185 -0.1821 pedestrian 0.3026580810546875
333 15.9791 -0.1821 car 0.6381553262472153
333 15.9791 0.3961 car 0.3527565896511078
334 15.7661 -0.1502 car 0.6392708867788315
334 15.9791 0.4132 car 0.313838467001915
334 21.5185 -0.1821 pedestrian 0.3127492666244507
335 15.5530 -0.1661 car 0.6242776066064835
336 15.5530 -0.1821 car 0.667986273765564
337 15.3400 -0.1981 car 0.6889072954654694
338 15.1269 -0.1821 car 0.7048685848712921
339 14.9138 -0.1981 car 0.7233070433139801
340 14.7008 -0.1821 car 0.7177074551582336
341 14.4877 -0.1821 car 0.6978636682033539
342 14.2747 -0.1981 car 0.6739944517612457
343 14.2747 -0.1981 car 0.6326520442962646
344 13.8486 -0.1821 car 0.603987842798233
345 13.6355 -0.1981 car 0.6221233010292053
346 13.4225 -0.1981 car 0.6027669012546539
347 13.2094 -0.1981 car 0.5954820215702057
347 3.8350 -0.7547 car 0.3356778249144554
348 13.2094 -0.1981 car 0.5567988157272339
348 3.8350 -0.7123 car 0.4057351350784302
349 12.9963 -0.2304 car 0.5344141721725464
349 3.8350 -0.7123 car 0.42445382475852966
350 12.5702 -0.2304 car 0.48757965862751007
350 3.8350 -0.7123 car 0.4601227343082428
351 3.8350 -0.7123 car 0.455793559551239
351 12.5702 -0.2304 car 0.45474478602409363
352 3.4089 -0.5932 cyclist 0.37051965296268463
352 12.3572 -0.2629 car 0.3394402116537094
353 2.9828 -0.6317 cyclist 0.41050051897764206
353 12.5702 -0.2304 car 0.31990981101989746
354 2.9828 -0.5932 cyclist 0.44009580463171005
354 3.1958 0.3791 pedestrian 0.3086327388882637
355 2.9828 -0.6124 cyclist 0.4347560405731201
355 3.4089 0.3961 pedestrian 0.318971648812294
356 2.9828 -0.5932 cyclist 0.4353731721639633
356 3.4089 0.3791 pedestrian 0.32339824736118317
357 3.1958 -0.6317 cyclist 0.43777943402528763
357 3.4089 0.3961 pedestrian 0.33256176114082336
358 3.4089 -0.6714 cyclist 0.44698645919561386
358 3.4089 0.3622 pedestrian 0.33649842441082
359 3.4089 -0.6124 cyclist 0.44042733311653137
359 3.4089 0.3791 pedestrian 0.31891920417547226
360 3.4089 -0.6714 cyclist 0.4257921874523163
361 3.4089 -0.6714 cyclist 0.40434522554278374
362 3.4089 -0.6714 cyclist 0.38579073920845985
362 2.9828 -0.7547 cyclist 0.37296179309487343
363 3.6219 -0.6714 cyclist 0.39542069658637047
364 3.6219 -0.7333 cyclist 0.37806881172582507
364 4.0480 -0.7333 cyclist 0.3445888478308916
365 3.6219 -0.6714 cyclist 0.3939782101660967
366 3.4089 -0.7547 cyclist 0.36927866749465466
366 4.2611 0.1343 car 0.3199756145477295
367 4.2611 0.1343 car 0.3307187259197235
367 3.4089 -0.7123 cyclist 0.3248294945806265
367 3.8350 -0.6317 car 0.313952274620533
368 4.6872 0.1025 car 0.6008412390947342
368 4.0480 -0.4654 car 0.5591149181127548
368 4.0480 -0.3287 car 0.5114008337259293
369 4.4742 0.1343 car 0.6211676001548767
369 3.8350 -0.4479 car 0.5670888870954514
369 4.4742 -0.2466 car 0.4952804297208786
370 4.6872 0.1502 car 0.6576064079999924
370 5.1133 0.0867 car 0.6484316438436508
370 4.0480 -0.4654 car 0.5733719170093536
370 4.6872 -0.2142 car 0.5140203833580017
371 5.1133 0.1343 car 0.6714094877243042
371 4.2611 -0.4305 car 0.5730582922697067
371 4.4742 -0.1821 car 0.5315993577241898
372 5.1133 0.1502 car 0.7066244781017303
372 4.6872 0.1343 car 0.693175882101059
372 4.2611 -0.3791 car 0.529632106423378
372 8.5222 -0.5010 car 0.35613980889320374
373 4.9003 0.1184 car 0.7106362879276276
373 4.2611 -0.2956 car 0.5136299878358841
373 8.7352 -0.4479 car 0.3933103531599045
374 5.1133 0.1502 car 0.708300918340683
374 4.4742 -0.3287 car 0.4563487470149994
374 8.7352 -0.4831 car 0.44575054943561554
375 5.1133 0.1343 car 0.6924433708190918
375 8.7352 -0.4831 car 0.46412159502506256
376 4.9003 0.0551 car 0.8888164162635803
376 5.3264 0.1184 car 0.8572273850440979
376 8.3091 -0.5744 car 0.6586289703845978
377 4.9003 0.0867 car 0.8940638303756714
377 8.3091 -0.5744 car 0.6956134140491486
378 5.3264 0.0551 car 0.8808111846446991
378 8.3091 -0.5932 car 0.7426672279834747
379 5.3264 0.0709 car 0.888916015625
379 8.0961 -0.5932 car 0.754084587097168
380 5.9655 0.1661 car 0.8701494336128235
380 8.0961 -0.5744 car 0.7462931871414185
381 5.9655 0.1343 car 0.8709162473678589
381 5.9655 0.0709 car 0.8584070205688477
381 8.0961 -0.5932 car 0.7486220598220825
382 6.1786 0.1502 car 0.8729926645755768
382 7.8830 -0.6317 car 0.7411578595638275
383 6.1786 0.1502 car 0.8722910583019257
383 7.8830 -0.5744 car 0.7307931184768677
384 6.1786 0.1821 car 0.925493448972702
384 7.6700 -0.7123 car 0.8345438539981842
385 6.6047 0.2142 car 0.926236093044281
385 7.4569 -0.7123 car 0.846191942691803
386 6.1786 0.2629 car 0.9041264057159424
386 6.6047 0.1981 car 0.882220447063446
386 7.4569 -0.7547 car 0.85956209897995
387 6.8178 0.2629 car 0.8764920830726624
387 7.4569 -0.7123 car 0.860353410243988
388 7.4569 -0.7547 car 0.8589187264442444
388 7.0308 0.2629 car 0.8441008627414703
389 7.4569 -0.7123 car 0.8535475730895996
389 7.0308 0.2792 car 0.8494620323181152
390 7.0308 0.2629 car 0.8562634885311127
390 7.4569 -0.7547 car 0.8530309796333313
391 7.4569 0.2792 car 0.8584756553173065
391 7.4569 -0.7547 car 0.8197335302829742
392 7.4569 0.3121 car 0.9345037937164307
392 7.2439 -0.7765 car 0.6072368323802948
393 7.8830 0.3121 car 0.9455172419548035
393 7.4569 -0.8217 car 0.606886088848114
394 7.8830 0.3121 car 0.9578986465930939
394 7.2439 -0.8217 car 0.6015931963920593
395 8.0961 0.3287 car 0.9574162662029266
395 7.4569 -0.8217 car 0.6051740497350693
396 8.3091 0.3454 car 0.9653376042842865
396 7.2439 -0.8691 car 0.5805860906839371
397 8.5222 0.3454 car 0.9684301316738129
397 7.2439 -0.8451 car 0.581417441368103
398 8.7352 0.3454 car 0.9932031035423279
398 7.2439 -0.8217 car 0.560380756855011
399 8.7352 0.3454 car 0.98613440990448
399 7.4569 -0.8691 car 0.5521095842123032
400 9.1614 0.3454 car 1.0
400 7.2439 -0.7765 car 0.4470895975828171
401 9.1614 0.3791 car 1.0
401 7.2439 -0.7547 car 0.4612954705953598
402 9.1614 0.3961 car 1.0
402 7.0308 -0.7547 car 0.44831322133541107
403 9.5875 0.3961 car 1.0
403 7.0308 -0.7765 car 0.4488175958395004
404 9.5875 0.3791 car 1.0
404 7.2439 -0.7765 car 0.420505091547966
405 10.0136 0.3791 car 1.0
405 7.2439 -0.8451 car 0.40827973186969757
406 10.0136 0.3961 car 0.9496804773807526
406 7.0308 -0.8217 car 0.39248162508010864
407 10.4397 0.4132 car 0.919674426317215
407 7.0308 -0.7988 car 0.36293990910053253
408 10.6527 0.4132 car 0.9156683087348938
409 10.8658 0.3791 car 0.9493744671344757
410 10.8658 0.3961 car 0.9369584619998932
411 11.2919 0.4132 car 0.9173730909824371
412 11.5050 0.4132 car 0.8830516040325165
413 11.7180 0.3791 car 0.8941734731197357
414 12.1441 0.4132 car 0.8987074494361877
415 12.1441 0.4132 car 0.907600075006485
416 12.5702 0.3454 car 0.8964166939258575
416 12.1441 0.3791 car 0.885322093963623
417 12.5702 0.3791 car 0.9164739847183228
418 12.5702 0.3961 car 0.8699504435062408
419 12.9963 0.3961 car 0.8634830415248871
419 24.7144 -0.0709 car 0.3823744058609009
420 13.2094 0.3791 car 0.8461344540119171
420 24.5013 -0.0709 car 0.519339457154274
421 13.4225 0.3791 car 0.8610149919986725
421 24.2883 -0.0709 car 0.5540242791175842
422 13.8486 0.4132 car 0.8740290701389313
422 24.0752 -0.0867 car 0.6007822602987289
423 13.8486 0.4132 car 0.8757551312446594
423 24.0752 -0.0867 car 0.6081309616565704
424 14.2747 0.3454 car 0.9911368191242218
424 23.6491 -0.1343 car 0.6727254390716553
424 14.0616 -0.1661 car 0.34231917560100555
425 14.2747 0.3622 car 1.0
425 23.4360 -0.0867 car 0.6945234835147858
425 14.2747 -0.1343 car 0.3427024185657501
426 14.7008 0.3454 car 1.0
426 23.0099 -0.1025 car 0.7153704464435577
426 14.4877 -0.1981 car 0.31226012110710144
427 14.7008 0.3961 car 1.0
427 22.7969 -0.1184 car 0.7225010097026825
428 14.9138 0.3791 car 0.9793591499328613
428 22.5838 -0.1025 car 0.6771659553050995
429 15.1269 0.4132 car 1.0
429 22.3708 -0.1184 car 0.6725169122219086
430 15.3400 0.3791 car 0.9712176024913788
430 21.9447 -0.1343 car 0.6764914691448212
431 15.5530 0.4132 car 0.9603067338466644
431 21.5185 -0.1025 car 0.6727485656738281
432 15.9791 0.3454 car 0.8838618099689484
432 21.5185 -0.1343 car 0.7890915870666504
433 15.9791 0.3791 car 0.9028991460800171
433 21.0924 -0.1025 car 0.8392139673233032
434 16.1922 0.4132 car 0.8796738386154175
434 20.8794 -0.1025 car 0.841547429561615
435 16.4052 0.3961 car 0.868563324213028
435 20.6663 -0.1025 car 0.8436048030853271
436 16.6183 0.3791 car 0.8026998937129974
436 20.2402 -0.1343 car 0.8009845912456512
437 20.2402 -0.1343 car 0.7803229093551636
437 16.8313 0.4132 car 0.7752462923526764
438 19.8141 -0.1184 car 0.7705123722553253
438 17.2574 0.3791 car 0.7373630702495575
439 19.6010 -0.1184 car 0.7529711723327637
439 17.2574 0.4132 car 0.7406524419784546
440 17.6836 0.3454 car 0.7346266210079193
440 19.6010 -0.1502 car 0.7225568890571594
441 17.6836 0.3791 car 0.7731528878211975
441 19.3880 -0.1343 car 0.7726365029811859
442 19.1749 -0.1502 car 0.804722934961319
442 18.1097 0.3961 car 0.8033871054649353
443 18.9619 -0.1502 car 0.818407267332077
443 18.1097 0.3961 car 0.8180233836174011
444 18.9619 -0.1821 car 0.7904932498931885
444 18.5358 0.3791 car 0.7885560095310211
445 18.5358 0.3791 car 0.7856844961643219
445 18.5358 -0.1661 car 0.7690739333629608
446 18.7488 0.3791 car 0.7460723221302032
446 18.5358 -0.1343 car 0.710265189409256
447 18.7488 0.3622 car 0.7097468078136444
447 18.3227 -0.1821 car 0.6628639698028564
448 18.9619 0.3791 car 0.7129822075366974
448 17.8966 -0.1502 car 0.565243735909462
449 19.3880 0.3791 car 0.6952748000621796
449 17.6836 -0.1343 car 0.5697488188743591
450 19.6010 0.3454 car 0.6565968692302704
450 17.2574 -0.1343 car 0.5823134183883667
451 20.0272 0.3622 car 0.6412304043769836
451 17.0444 -0.1502 car 0.5835021138191223
452 20.2402 0.3454 car 0.7117577493190765
452 16.8313 -0.1343 car 0.5830396711826324
453 20.6663 0.3454 car 0.7487761378288269
453 16.4052 -0.1661 car 0.5707367360591888
454 20.6663 0.3454 car 0.8075709640979767
454 16.1922 -0.1343 car 0.5751223862171173
455 20.6663 0.3454 car 0.8029803037643433
455 15.9791 -0.1343 car 0.562046468257904
456 21.0924 0.3454 car 1.0
456 15.5530 -0.1343 car 0.7980827391147614
456 16.1922 0.3622 car 0.3292468562722206
457 21.3055 0.3454 car 1.0
457 15.3400 -0.1343 car 0.8287136256694794
458 21.5185 0.3454 car 1.0
458 15.1269 -0.1502 car 0.8741846978664398
458 15.3400 0.3791 car 0.3731418699026108
459 21.5185 0.3287 car 0.9920822083950043
459 15.1269 -0.1661 car 0.8738568723201752
459 15.1269 0.3791 car 0.36538616567850113
460 22.1577 0.3121 car 0.9855243265628815
460 14.9138 -0.1502 car 0.879325658082962
460 14.9138 0.3622 car 0.33733175694942474
461 22.1577 0.3287 car 0.9994520246982574
461 14.9138 -0.1981 car 0.8695989847183228
461 14.9138 0.3791 car 0.3191654905676842
462 22.3708 0.3454 car 1.0
462 14.7008 -0.1981 car 0.8440573513507843
463 22.5838 0.3287 car 1.0
463 14.4877 -0.1981 car 0.8096221685409546
464 23.2230 0.3121 car 1.0
464 14.2747 -0.1981 car 0.9217727780342102
465 23.2230 0.3121 car 1.0
465 14.0616 -0.1981 car 0.9736915528774261
466 13.8486 -0.1981 car 0.9999433159828186
466 23.2230 0.3287 car 0.9942176938056946
467 13.8486 -0.2304 car 0.9943334460258484
467 23.6491 0.3121 car 0.9813322424888611
468 24.0752 0.3121 car 0.9835692048072815
468 13.4225 -0.1821 car 0.9807572662830353
469 24.0752 0.3454 car 0.9875690937042236
469 13.2094 -0.1981 car 0.9828839004039764
470 24.5013 0.3454 car 0.953798919916153
470 13.4225 -0.1981 car 0.9459840357303619
471 24.2883 0.3287 car 0.9168667197227478
471 12.9963 -0.2142 car 0.9119484126567841
472 12.7833 -0.2142 car 0.8388323783874512
472 24.5013 0.3454 car 0.5138233602046967
473 12.7833 -0.2304 car 0.8852331340312958
473 24.7144 0.3121 car 0.44482679665088654
474 12.3572 -0.2304 car 0.9259864091873169
475 12.1441 -0.2304 car 0.9507888555526733
476 12.1441 -0.1981 car 0.9488077163696289
477 11.9311 -0.2304 car 0.9259230196475983
478 11.7180 -0.2629 car 0.9207011759281158
479 11.7180 -0.2304 car 0.8609869182109833
480 11.2919 -0.2629 car 0.7478446066379547
481 11.0789 -0.2629 car 0.7817382514476776
482 10.8658 -0.2792 car 0.7929725646972656
483 10.6527 -0.2792 car 0.8026892244815826
484 10.6527 -0.2792 car 0.8133716285228729
485 10.4397 -0.2792 car 0.7863289713859558
486 10.0136 -0.3287 car 0.7719676494598389
487 10.2266 -0.3121 car 0.74447101354599
488 10.0136 -0.3622 car 0.8051636219024658
488 9.8005 0.5744 car 0.37932439148426056
489 10.0136 -0.3622 car 0.8318389058113098
489 9.5875 0.5932 car 0.3974671810865402
490 9.5875 -0.3622 car 0.8512302339076996
490 9.5875 0.5932 car 0.4085903465747833
491 9.5875 -0.3791 car 0.8664949536323547
491 9.3744 0.5932 car 0.41729559004306793
492 9.5875 -0.3961 car 0.8975301086902618
492 8.9483 0.5932 car 0.4194472134113312
493 9.3744 -0.3961 car 0.8889358937740326
493 8.9483 0.5191 car 0.423539936542511
494 9.1614 -0.4132 car 0.8984615504741669
494 8.7352 0.5932 car 0.4277438819408417
495 9.1614 -0.4132 car 0.8716439604759216
495 8.7352 0.5010 car 0.42067016661167145
496 8.7352 -0.4654 car 0.8572795391082764
496 8.7352 0.5373 car 0.4473695009946823
497 8.7352 -0.4654 car 0.8870631456375122
497 8.5222 0.5191 car 0.45669884979724884
498 8.7352 -0.4654 car 0.9319000840187073
498 8.5222 0.5010 car 0.4560313820838928
499 8.7352 -0.5010 car 0.9585691094398499
499 8.3091 0.5191 car 0.454119011759758
500 8.3091 -0.5191 car 0.9780637919902802
500 8.7352 -0.5373 car 0.9672868549823761
500 8.5222 0.5010 car 0.4337068647146225
501 8.5222 -0.5010 car 0.9700635969638824
501 8.0961 0.4831 car 0.4202581197023392
502 8.3091 -0.5373 car 0.98163041472435
502 8.0961 0.5010 car 0.40204688906669617
503 8.5222 -0.5010 car 0.9613085091114044
503 8.0961 0.5010 car 0.39402978122234344
504 7.8830 -0.6514 car 0.857409805059433
504 8.5222 0.5191 car 0.32453834265470505
505 7.8830 -0.6714 car 0.8594064712524414
505 8.5222 0.5191 car 0.3302028477191925
506 7.8830 -0.6514 car 0.8804486095905304
506 8.5222 0.5010 car 0.3356557637453079
507 7.8830 -0.6514 car 0.8785918951034546
507 8.3091 0.5191 car 0.34912513568997383
508 7.8830 -0.6124 car 0.8948738276958466
508 24.7144 -0.0709 car 0.3448288068175316
508 8.0961 0.4831 car 0.34277140721678734
509 7.6700 -0.6514 car 0.8982847929000854
509 24.5013 -0.1343 car 0.41195322573184967
509 8.0961 0.5010 car 0.3344741240143776
510 7.4569 -0.6514 car 0.9067880809307098
510 24.2883 -0.1025 car 0.5131459087133408
510 7.8830 0.4831 car 0.3070589080452919
511 7.6700 -0.6514 car 0.9023880362510681
511 24.2883 -0.1184 car 0.5407014340162277
512 7.6700 -0.7123 car 0.7992842793464661
512 23.8621 -0.1184 car 0.5197775661945343
513 7.4569 -0.7123 car 0.8153430223464966
513 23.6491 -0.0709 car 0.5574409663677216
514 7.4569 -0.7123 car 0.8076236248016357
514 23.4360 -0.1025 car 0.5969183146953583
514 23.4360 0.3791 car 0.34714850783348083
515 7.4569 -0.7333 car 0.798682689666748
515 23.2230 -0.1025 car 0.61184361577034
515 23.0099 0.3622 car 0.3786950558423996
516 7.2439 -0.7765 car 0.7739415764808655
516 23.0099 -0.0867 car 0.6184897124767303
516 22.7969 0.3791 car 0.39883260428905487
517 7.2439 -0.7988 car 0.7691097557544708
517 22.7969 -0.1184 car 0.6147256791591644
517 22.7969 0.3961 car 0.40412187576293945
518 7.2439 -0.7765 car 0.7670155465602875
518 22.3708 -0.1502 car 0.6209135055541992
518 22.3708 0.3622 car 0.41831478476524353
519 7.4569 -0.7765 car 0.7527639269828796
519 21.9447 -0.1343 car 0.6133388727903366
519 21.9447 0.3791 car 0.4246329367160797
520 21.5185 -0.1343 car 0.7298945784568787
520 7.4569 -0.8217 car 0.679571121931076
520 21.5185 0.3791 car 0.6624454855918884
521 21.3055 -0.1343 car 0.764277845621109
521 7.4569 -0.8217 car 0.6960886418819427
521 21.3055 0.3791 car 0.6880123317241669
522 21.0924 -0.1343 car 0.7694333791732788
522 7.2439 -0.8217 car 0.6903173625469208
522 20.8794 0.3622 car 0.6801621317863464
522 21.3055 0.3622 car 0.6656254231929779
523 20.8794 -0.1502 car 0.7758913040161133
523 7.2439 -0.8451 car 0.6923503875732422
523 20.8794 0.3622 car 0.6763010919094086
524 20.4533 -0.1502 car 0.7628257870674133
524 20.4533 0.3622 car 0.6595650315284729
524 7.2439 -0.8217 car 0.6590605676174164
525 20.2402 -0.1502 car 0.735292911529541
525 7.2439 -0.7988 car 0.6503909826278687
525 20.2402 0.3961 car 0.6385571658611298
526 20.0272 -0.1502 car 0.7189393043518066
526 7.4569 -0.8217 car 0.6256005465984344
526 19.8141 0.3961 car 0.6158598959445953
527 19.8141 -0.1502 car 0.7042251825332642
527 7.4569 -0.8691 car 0.6013160049915314
527 19.6010 0.3961 car 0.5778348445892334
528 19.3880 -0.1343 car 0.8476253747940063
528 19.1749 0.4132 car 0.5727552026510239
528 7.4569 -0.8217 car 0.4808678478002548
528 19.3880 0.8691 car 0.33948975801467896
528 19.3880 0.7765 car 0.33272968232631683
529 19.1749 -0.1661 car 0.8797866404056549
529 18.9619 0.3622 car 0.578768864274025
529 7.4569 -0.8451 car 0.4740605354309082
529 19.1749 0.8939 car 0.33295920491218567
530 18.9619 -0.1502 car 0.8747968971729279
530 18.7488 0.3791 car 0.5670661479234695
530 7.2439 -0.8451 car 0.44496510922908783
530 18.7488 0.8691 car 0.3185722902417183
530 18.7488 0.7765 car 0.30925342440605164
531 18.5358 -0.1661 car 0.8505368530750275
531 18.3227 0.3622 car 0.5555820912122726
531 7.4569 -0.8217 car 0.4364934414625168
531 18.3227 0.8939 car 0.3242539092898369
531 18.5358 0.7123 car 0.30966734141111374
532 18.1097 -0.1502 car 0.8181111216545105
532 18.1097 0.3961 car 0.5189081877470016
532 7.4569 -0.8939 car 0.36877190321683884
532 18.3227 0.9459 car 0.3014409989118576
533 18.1097 -0.1661 car 0.8044701218605042
533 17.8966 0.3961 car 0.47986918687820435
533 7.2439 -0.8691 car 0.3550236225128174
534 17.6836 -0.2142 car 0.8271874487400055
534 17.4705 0.3622 car 0.42210839688777924
534 7.2439 -0.8691 car 0.30508577451109886
535 17.4705 -0.1821 car 0.8028392195701599
535 17.4705 0.3961 car 0.38639502227306366
536 17.0444 -0.1821 car 0.7697957754135132
536 17.0444 0.3622 car 0.3719048351049423
537 16.8313 -0.1821 car 0.7976076304912567
537 16.6183 0.3454 car 0.38651204109191895
538 16.6183 -0.1981 car 0.8256709277629852
538 16.6183 0.3791 car 0.39623086154460907
539 16.4052 -0.1821 car 0.8460289239883423
539 16.1922 0.3622 car 0.3977285176515579
540 16.1922 -0.1981 car 0.8252718448638916
540 15.9791 0.3791 car 0.3962249159812927
541 15.9791 -0.1661 car 0.8085664808750153
541 15.7661 0.3622 car 0.3840082287788391
542 15.7661 -0.2142 car 0.7744235694408417
542 15.5530 0.3622 car 0.36954157054424286
543 15.5530 -0.2142 car 0.7565940916538239
543 15.1269 0.3791 car 0.3663306385278702
544 15.1269 -0.2304 car 0.6605933010578156
544 15.1269 0.3791 car 0.38054437935352325
545 15.1269 -0.1981 car 0.6892499625682831
545 14.9138 0.3454 car 0.40070652961730957
546 14.4877 -0.2142 car 0.700569748878479
546 14.7008 0.3961 car 0.3687089830636978
547 14.4877 -0.2304 car 0.6942683160305023
547 14.4877 0.3622 car 0.3500586003065109
548 14.0616 -0.2304 car 0.6707489490509033
549 13.8486 -0.2466 car 0.6453652679920197
550 13.4225 -0.2629 car 0.6124256998300552
551 13.4225 -0.2304 car 0.6012113988399506
552 12.9963 -0.2629 car 0.8870459198951721
552 12.7833 0.2956 car 0.34707873314619064
553 12.7833 -0.2629 car 0.932311475276947
553 12.5702 0.2466 car 0.3642085939645767
554 12.5702 -0.2792 car 0.9246946573257446
554 12.3572 0.2304 car 0.3667404353618622
554 12.7833 0.3121 car 0.34399300813674927
555 12.3572 -0.2792 car 0.9188509285449982
555 12.3572 0.2466 car 0.3591903895139694
556 12.1441 -0.2792 car 0.8990401327610016
556 11.9311 0.2956 car 0.34268949180841446
557 11.9311 -0.2629 car 0.8709133863449097
557 11.7180 0.2629 car 0.32756003737449646
558 11.7180 -0.2792 car 0.8464609980583191
559 11.5050 -0.2792 car 0.811308741569519
560 11.2919 -0.3287 car 0.8650037348270416
561 11.0789 -0.3287 car 0.8915124535560608
562 10.6527 -0.3287 car 0.9179825484752655
563 10.4397 -0.3454 car 0.931545227766037
564 10.4397 -0.3287 car 0.9112644493579865
565 10.4397 -0.3454 car 0.8755862414836884
566 10.0136 -0.3287 car 0.8555374145507812
567 9.8005 -0.3454 car 0.8108914196491241
568 9.3744 -0.4132 car 0.7995106279850006
568 9.1614 0.5557 car 0.40706805884838104
569 9.3744 -0.3961 car 0.8410884737968445
569 9.1614 0.5191 car 0.43633003532886505
570 8.9483 -0.4305 car 0.8729246258735657
570 8.9483 0.5010 car 0.47381849586963654
571 8.7352 -0.4305 car 0.902787834405899
571 8.9483 0.5932 car 0.48115937411785126
572 8.7352 -0.4654 car 0.922526091337204
572 8.5222 0.5010 car 0.51204052567482
573 8.5222 -0.4305 car 0.9015872478485107
573 8.3091 0.5191 car 0.5209244787693024
574 8.3091 -0.4654 car 0.8922277390956879
574 8.3091 0.5191 car 0.5221638977527618
575 8.3091 -0.4654 car 0.8463276922702789
575 8.0961 0.5010 car 0.5088501125574112
576 8.0961 -0.5373 car 0.7877598702907562
576 8.0961 0.4831 car 0.3925754874944687
577 8.0961 -0.5557 car 0.8146179616451263
577 8.0961 0.4831 car 0.3972390741109848
578 8.0961 -0.5744 car 0.8217667043209076
578 7.8830 0.4831 car 0.41527804732322693
579 8.0961 -0.5557 car 0.8210747241973877
579 7.8830 0.4654 car 0.4184003323316574
580 7.8830 -0.5373 car 0.8325627148151398
580 7.8830 0.4654 car 0.43124277889728546
581 7.6700 -0.5932 car 0.8278721272945404
581 7.8830 0.4654 car 0.4263453036546707
582 7.6700 -0.5932 car 0.8448590636253357
582 7.6700 0.4479 car 0.4121638536453247
583 7.4569 -0.5932 car 0.8238535225391388
583 7.6700 0.4305 car 0.39848458766937256
584 7.2439 -0.6916 car 0.827464371919632
584 19.1749 -0.1661 pedestrian 0.5108829438686371
585 7.0308 -0.6916 car 0.8334731161594391
585 19.1749 -0.1821 pedestrian 0.569813072681427
586 7.0308 -0.6916 car 0.8350642621517181
586 19.1749 -0.1821 pedestrian 0.60086989402771
587 7.0308 -0.7333 car 0.8401837348937988
587 19.1749 -0.1821 pedestrian 0.6108210384845734
588 7.0308 -0.7547 car 0.8132117390632629
588 19.1749 -0.1981 pedestrian 0.6097715795040131
589 7.0308 -0.7123 car 0.8008404970169067
589 19.1749 -0.1821 pedestrian 0.6068768799304962
590 7.0308 -0.7333 car 0.8039876222610474
590 19.3880 -0.1981 pedestrian 0.562976598739624
591 7.0308 -0.7333 car 0.7884752154350281
591 19.3880 -0.1981 pedestrian 0.5334274768829346
592 6.6047 -0.7333 car 0.5664257258176804
592 19.3880 -0.1981 pedestrian 0.4411911144852638
593 6.8178 -0.7547 car 0.5625655949115753
593 19.3880 -0.1821 pedestrian 0.4619542062282562
594 7.0308 -0.7547 car 0.5524391680955887
594 19.3880 -0.1981 pedestrian 0.46303191781044006
595 6.8178 -0.7547 car 0.5573536604642868
595 19.6010 -0.1981 pedestrian 0.45743393898010254
596 7.0308 -0.7547 car 0.5201986879110336
596 19.6010 -0.1821 pedestrian 0.4708007872104645
597 6.8178 -0.7988 car 0.5078574866056442
597 19.6010 -0.1981 pedestrian 0.46765437722206116
598 6.6047 -0.8217 car 0.4830902963876724
598 19.6010 -0.1821 pedestrian 0.4349770247936249
599 7.0308 -0.7988 car 0.4582354724407196
599 19.6010 -0.2142 pedestrian 0.3960843086242676
600 6.8178 -0.8691 car 0.3173360377550125
601 7.0308 -0.9195 car 0.3007463067770004
632 21.3055 -0.1502 pedestrian 0.33836787939071655
633 21.3055 -0.1343 pedestrian 0.3552228808403015
634 21.5185 -0.1502 pedestrian 0.3840385973453522
635 21.3055 -0.1502 pedestrian 0.39704471826553345
636 21.3055 -0.1502 pedestrian 0.41244062781333923
637 21.3055 -0.1502 pedestrian 0.4293175935745239
638 21.3055 -0.1502 pedestrian 0.4007553160190582
639 21.3055 -0.1502 pedestrian 0.376854807138443
640 21.5185 -0.1661 pedestrian 0.30677226185798645
641 21.5185 -0.1661 pedestrian 0.3101678490638733
642 21.5185 -0.1661 pedestrian 0.3169010207056999
643 21.5185 -0.1821 pedestrian 0.30214349925518036
644 21.7316 -0.1661 pedestrian 0.3103301525115967
645 21.7316 -0.1661 pedestrian 0.3032749816775322
666 22.7969 -0.1025 pedestrian 0.3125266432762146
667 22.5838 -0.1025 pedestrian 0.30704231560230255
668 22.7969 -0.1025 pedestrian 0.318171389400959
669 22.7969 -0.1184 pedestrian 0.31096816062927246
670 22.7969 -0.1025 pedestrian 0.3065379410982132
672 22.7969 -0.1343 pedestrian 0.45265570282936096
673 23.0099 -0.1343 pedestrian 0.5025434792041779
674 23.0099 -0.1343 pedestrian 0.5318436920642853
675 23.0099 -0.1343 pedestrian 0.5349673628807068
676 23.0099 -0.1184 pedestrian 0.530470073223114
677 23.0099 -0.1343 pedestrian 0.5300032198429108
678 23.0099 -0.1184 pedestrian 0.5066062211990356
679 23.0099 -0.1502 pedestrian 0.475663959980011
680 23.2230 -0.1343 pedestrian 0.4620514512062073
681 23.2230 -0.1502 pedestrian 0.49240171909332275
682 23.2230 -0.1343 pedestrian 0.515935629606247
683 23.2230 -0.1184 pedestrian 0.5048549771308899
684 23.2230 -0.1343 pedestrian 0.5114406645298004
685 23.4360 -0.1343 pedestrian 0.49775704741477966
686 23.2230 -0.1502 pedestrian 0.457938551902771
687 23.2230 -0.1343 pedestrian 0.4298144578933716
688 23.6491 -0.1502 pedestrian 0.352853924036026
689 23.6491 -0.1184 pedestrian 0.3773554861545563
690 23.6491 -0.1343 pedestrian 0.3941155672073364
691 23.6491 -0.1184 pedestrian 0.3796251714229584
692 23.6491 -0.1343 pedestrian 0.4032447338104248
693 23.6491 -0.1184 pedestrian 0.40431711077690125
694 23.6491 -0.1184 pedestrian 0.3734484612941742
695 23.6491 -0.1184 pedestrian 0.3518848717212677
864 24.5013 -0.0709 car 0.33027078956365585
865 24.5013 -0.1184 car 0.38446129858493805
866 24.5013 -0.1025 car 0.4699871242046356
867 24.2883 -0.1184 car 0.5084331184625626
868 24.0752 -0.1025 car 0.48282353579998016
869 23.6491 -0.0709 car 0.469149187207222
870 23.6491 -0.1025 car 0.44153739511966705
871 23.4360 -0.0867 car 0.41805069148540497
872 23.2230 -0.0709 car 0.38978321850299835
873 23.0099 -0.0867 car 0.4017326384782791
873 23.0099 -0.1502 car 0.37950399518013
874 23.0099 -0.0867 car 0.3857247084379196
875 22.5838 -0.0709 car 0.3795394003391266
876 22.3708 -0.0709 car 0.3407167047262192
877 22.1577 -0.0867 car 0.3260861337184906
878 21.9447 -0.1343 car 0.3219829946756363
879 21.7316 -0.0709 car 0.3056042194366455
880 21.3055 -0.0867 car 0.35864734649658203
881 21.0924 -0.0709 car 0.40346817672252655
882 20.8794 -0.0867 car 0.42480236291885376
883 20.6663 -0.0709 car 0.44997434318065643
884 20.4533 -0.0867 car 0.45075587928295135
885 20.2402 -0.1343 car 0.44916342198848724
886 20.2402 -0.1025 car 0.4499034136533737
887 19.6010 -0.1184 car 0.4494957774877548
888 19.6010 -0.1343 car 0.5859639644622803
889 19.3880 -0.1184 car 0.6079472303390503
890 18.9619 -0.1343 car 0.6410262584686279
891 18.9619 -0.1502 car 0.6339079737663269
892 18.5358 -0.1343 car 0.6601946949958801
893 18.5358 -0.1661 car 0.6389951705932617
894 18.1097 -0.1502 car 0.6049329042434692
895 18.1097 -0.1502 car 0.5784969329833984
