0 24.9274 -0.0394 car 0.3369136154651642
1 24.9274 -0.0709 car 0.4044877588748932
2 24.7144 -0.1184 car 0.5215067267417908
3 24.5013 -0.1025 car 0.6143766641616821
4 24.2883 -0.0867 car 0.6732566952705383
5 24.0752 -0.0867 car 0.6836453676223755
6 23.8621 -0.0867 car 0.6845176219940186
7 23.6491 -0.1025 car 0.6644917130470276
8 23.0099 -0.0867 car 0.5741609632968903
9 22.7969 -0.1025 car 0.576014518737793
10 22.5838 -0.1025 car 0.5739420801401138
11 22.3708 -0.0867 car 0.5734436213970184
12 21.7316 -0.1184 car 0.5442413836717606
13 21.5185 -0.0867 car 0.5302547961473465
14 21.0924 -0.1502 car 0.5234846323728561
15 21.0924 -0.1025 car 0.5143089443445206
16 20.8794 -0.1502 car 0.3834616094827652
17 20.6663 -0.1502 car 0.37771128863096237
18 20.2402 -0.1502 car 0.3826015740633011
19 20.0272 -0.1502 car 0.3871825262904167
20 19.6010 -0.1502 car 0.4046252369880676
21 19.6010 -0.1502 car 0.40119048207998276
22 18.9619 -0.1502 car 0.4334041029214859
23 18.9619 -0.1502 car 0.42859335243701935
32 7.0308 0.4132 car 0.3845917135477066
33 6.8178 0.4479 car 0.38034163415431976
34 7.0308 0.4479 car 0.3630281910300255
35 7.0308 0.4479 car 0.351493202149868
36 6.6047 0.3961 car 0.32882704213261604
37 6.6047 0.4132 car 0.3172314800322056
40 7.2439 0.4479 car 0.39375942945480347
41 7.2439 0.4479 car 0.39706262946128845
42 7.0308 0.4654 car 0.38591472804546356
42 7.6700 0.4132 car 0.3767184913158417
42 12.9963 -0.1661 car 0.3180600479245186
43 7.0308 0.4479 car 0.39272700250148773
43 12.7833 -0.1981 car 0.3392728865146637
44 7.0308 0.4132 car 0.38451947271823883
44 12.5702 -0.2142 car 0.363244965672493
45 7.0308 0.3961 car 0.3784210979938507
45 12.3572 -0.1981 car 0.3680514544248581
46 11.9311 -0.2142 car 0.3720586597919464
46 7.0308 0.4479 car 0.36803489923477173
47 11.7180 -0.2304 car 0.37232376635074615
47 6.8178 0.4479 car 0.3628229945898056
48 7.2439 0.4479 car 0.5213489979505539
48 10.8658 -0.2304 car 0.376580148935318
49 7.2439 0.4654 car 0.5300113409757614
49 10.8658 -0.2304 car 0.3865211009979248
50 7.0308 0.4654 car 0.5122320353984833
50 10.4397 -0.2304 car 0.3794359713792801
51 7.0308 0.4654 car 0.49171678721904755
51 10.0136 -0.2304 car 0.3753977119922638
52 7.2439 0.4654 car 0.46299082040786743
52 6.8178 0.5010 car 0.45795367658138275
52 9.8005 -0.2466 car 0.365985706448555
53 7.2439 0.5010 car 0.4545588940382004
53 9.3744 -0.2466 car 0.3601095527410507
54 7.0308 0.4654 car 0.4244452267885208
54 8.9483 -0.2304 car 0.3615277409553528
55 7.0308 0.4654 car 0.40605001151561737
55 8.7352 -0.2792 car 0.3612300455570221
56 7.8830 0.3961 car 0.4298708289861679
57 7.8830 0.4132 car 0.4399460107088089
58 8.0961 0.4305 car 0.44017066061496735
59 8.0961 0.3622 car 0.4435569941997528
59 8.0961 -0.3287 car 0.30104099214076996
60 7.8830 0.4132 car 0.42131443321704865
60 7.6700 -0.3622 car 0.35426291823387146
61 7.8830 0.3961 car 0.4061846435070038
61 7.2439 -0.4132 car 0.35965800285339355
62 7.4569 -0.4132 car 0.37509454786777496
62 7.6700 0.3961 car 0.3643942028284073
63 7.2439 -0.4132 car 0.37736502289772034
63 7.4569 0.4132 car 0.3527039438486099
63 15.9791 -0.2466 car 0.3177881985902786
64 6.8178 -0.5010 car 0.49777793884277344
64 7.0308 0.3961 car 0.39880529046058655
64 15.5530 -0.2304 car 0.37622545659542084
65 6.6047 -0.5010 car 0.5133789926767349
65 7.2439 0.3622 car 0.4013151675462723
65 15.3400 -0.2304 car 0.3819652646780014
66 6.6047 -0.5191 car 0.5061056464910507
66 15.1269 -0.2304 car 0.38642222434282303
66 7.2439 0.4132 car 0.37063270807266235
67 6.6047 -0.5010 car 0.4977145493030548
67 14.9138 -0.2466 car 0.38594750314950943
67 6.8178 0.3961 car 0.3542756475508213
68 6.6047 -0.5373 car 0.47806648910045624
68 14.7008 -0.2629 car 0.36529213190078735
68 7.0308 0.3791 car 0.30537281557917595
69 6.6047 -0.5373 car 0.45439521968364716
69 14.4877 -0.2792 car 0.33084836602211
70 7.4569 -0.5557 car 0.46187061071395874
71 7.4569 -0.5010 car 0.4782761335372925
71 7.0308 -0.5932 car 0.46240898966789246
72 7.6700 -0.4831 car 0.49922314286231995
72 6.3916 0.4305 car 0.39690084755420685
73 7.2439 -0.5557 car 0.5148110836744308
73 6.6047 0.4132 car 0.39565111696720123
74 7.0308 -0.5373 car 0.5377262085676193
74 6.8178 0.4132 car 0.35916759073734283
75 7.0308 -0.5557 car 0.5548285841941833
75 7.0308 0.3961 car 0.35549742728471756
75 7.2439 0.4479 car 0.34848619252443314
76 6.8178 -0.5932 car 0.5574897527694702
76 7.2439 0.4132 car 0.335656002163887
77 6.6047 -0.5373 car 0.5421943068504333
77 6.8178 0.4479 car 0.3291655480861664
78 6.3916 -0.5557 car 0.5040487051010132
78 7.0308 0.4831 car 0.32834357768297195
79 6.3916 -0.5557 car 0.48595280945301056
79 7.0308 0.4654 car 0.33668048679828644
80 6.8178 0.4305 car 0.516657218337059
80 6.1786 -0.5744 car 0.4629353731870651
81 6.6047 0.4479 car 0.5265334695577621
81 6.1786 -0.5557 car 0.4470043480396271
82 7.0308 0.4654 car 0.5076402872800827
82 6.3916 -0.5191 car 0.3858696520328522
83 6.3916 0.4831 car 0.4835955649614334
83 7.0308 0.5373 car 0.47211459279060364
83 6.3916 -0.4654 car 0.3652483820915222
84 6.8178 0.5010 car 0.4219455122947693
84 7.0308 -0.4479 car 0.33756572008132935
85 6.8178 0.4479 car 0.40066932141780853
85 7.4569 -0.4479 car 0.3249874487519264
85 7.4569 -0.5010 car 0.31402477622032166
86 7.0308 0.4479 car 0.33480674028396606
86 6.3916 0.4132 car 0.32434870302677155
86 7.8830 -0.5010 car 0.30230168253183365
87 6.8178 0.4479 car 0.3184719830751419
87 6.3916 0.4831 car 0.31369760632514954
88 7.2439 -0.5744 car 0.3840244263410568
88 7.2439 0.4479 car 0.32018592953681946
89 7.2439 -0.5557 car 0.3988374173641205
89 6.8178 0.4479 car 0.32404574751853943
90 7.2439 -0.6714 car 0.405763640999794
90 7.0308 -0.5932 car 0.40068966150283813
91 7.4569 -0.5932 car 0.4089202880859375
91 7.0308 -0.5932 car 0.403277263045311
92 7.6700 -0.6514 car 0.4115966707468033
93 7.0308 -0.6714 car 0.4082288295030594
93 7.0308 -0.5932 car 0.39560598134994507
94 7.2439 -0.6714 car 0.4098103195428848
95 7.2439 -0.7123 car 0.417197048664093
96 7.2439 -0.6916 car 0.529852420091629
96 6.1786 0.4132 car 0.3000500574707985
97 7.2439 -0.7123 car 0.5601066648960114
98 7.0308 -0.7123 car 0.5728126168251038
99 7.0308 -0.7123 car 0.5870487987995148
100 6.8178 -0.7123 car 0.5767711400985718
101 6.6047 -0.7333 car 0.55903659760952
102 6.3916 -0.7123 car 0.5245848149061203
103 6.1786 -0.7333 car 0.5038874000310898
103 7.6700 0.4479 car 0.30069032311439514
104 6.1786 -0.6916 car 0.42911185324192047
104 7.6700 0.4305 car 0.42866383492946625
105 7.4569 0.4132 car 0.43479590117931366
105 6.1786 -0.6714 car 0.4101905971765518
106 7.2439 0.4132 car 0.4049084782600403
106 6.3916 -0.6317 car 0.35598014295101166
106 6.8178 -0.5373 car 0.34529685974121094
107 7.2439 0.4132 car 0.38873323798179626
107 6.3916 -0.5557 car 0.3532477021217346
108 7.2439 0.4132 car 0.33798883855342865
108 6.8178 -0.5932 car 0.3355812430381775
109 6.6047 -0.5191 car 0.33693772554397583
109 7.2439 0.4132 car 0.31510165333747864
109 6.8178 0.4479 car 0.30163538455963135
110 6.6047 -0.5010 car 0.31728097796440125
111 6.6047 -0.5010 car 0.30153850466012955
112 7.2439 0.4479 car 0.329402357339859
113 7.2439 0.4479 car 0.33014585077762604
114 7.2439 0.5373 car 0.3086230382323265
138 6.8178 0.4305 car 0.3017149642109871
139 6.3916 0.4831 car 0.31167544424533844
184 23.8621 -0.0551 car 0.3176145702600479
185 23.6491 -0.0709 car 0.3249766230583191
186 23.4360 -0.0551 car 0.3374606817960739
187 23.0099 -0.0709 car 0.3465350419282913
188 22.7969 -0.0709 car 0.34586744010448456
189 22.5838 -0.0709 car 0.3428383767604828
190 22.1577 -0.0867 car 0.3299708366394043
191 21.7316 -0.0709 car 0.3217373937368393
192 21.5185 -0.0709 car 0.45505550503730774
193 21.5185 -0.0867 car 0.4692435562610626
194 20.8794 -0.1025 car 0.48568032681941986
195 20.6663 -0.0867 car 0.4936320334672928
196 20.4533 -0.1025 car 0.4616236090660095
197 20.2402 -0.0709 car 0.44231554865837097
198 19.8141 -0.0867 car 0.41160428524017334
199 19.6010 -0.0709 car 0.39800316095352173
200 19.1749 -0.1184 car 0.4414229094982147
201 18.9619 -0.1025 car 0.4435870349407196
202 18.7488 -0.1184 car 0.44168229401111603
203 18.3227 -0.1025 car 0.44305938482284546
204 18.1097 -0.1343 car 0.42712797224521637
205 17.6836 -0.1184 car 0.40511563420295715
206 17.2574 -0.1502 car 0.3846397250890732
207 17.2574 -0.1502 car 0.37249819934368134
208 16.8313 -0.1343 car 0.41808299720287323
209 16.6183 -0.1661 car 0.4403858929872513
209 24.7144 0.1343 car 0.3184196203947067
210 15.9791 -0.1343 car 0.444878488779068
210 24.2883 0.1184 car 0.3996786028146744
211 15.7661 -0.1502 car 0.4642997533082962
211 24.0752 0.1184 car 0.4428897500038147
212 23.6491 0.1184 car 0.49070149660110474
212 15.3400 -0.1502 car 0.456651970744133
213 23.6491 0.1184 car 0.504618763923645
213 15.1269 -0.1661 car 0.45965324342250824
214 23.2230 0.1184 car 0.5304684937000275
214 14.9138 -0.1661 car 0.4526050388813019
215 23.2230 0.1025 car 0.5195271670818329
215 14.7008 -0.1502 car 0.44777601957321167
215 22.7969 -0.4479 car 0.31318995729088783
216 22.5838 0.1343 car 0.4224494844675064
216 14.7008 -0.1343 car 0.38122983276844025
216 22.7969 -0.4654 car 0.37341147661209106
217 22.5838 0.1025 car 0.4319452494382858
217 14.4877 -0.1343 car 0.38571689277887344
217 22.5838 -0.4654 car 0.36088747531175613
218 22.3708 0.1184 car 0.44470907747745514
218 14.0616 -0.1343 car 0.36434000730514526
218 22.1577 -0.4479 car 0.3207234665751457
219 21.9447 0.1343 car 0.4445551335811615
219 13.8486 -0.1502 car 0.3675943687558174
219 21.7316 -0.4831 car 0.3094114735722542
220 21.7316 0.1184 car 0.42857174575328827
220 13.6355 -0.1502 car 0.3268529176712036
221 21.7316 0.1025 car 0.4189598113298416
222 21.5185 0.1184 car 0.3868986666202545
222 21.3055 0.0551 car 0.3767157196998596
223 21.0924 0.1184 car 0.36097002029418945
230 7.0308 -0.3287 car 0.3035459592938423
232 10.2266 -0.2792 car 0.35764406621456146
233 10.0136 -0.2629 car 0.38722561299800873
234 9.5875 -0.2792 car 0.4140428453683853
235 9.1614 -0.3121 car 0.4343510866165161
236 9.3744 -0.2956 car 0.45758964121341705
237 8.7352 -0.3121 car 0.47108110785484314
238 8.3091 -0.2956 car 0.45546628534793854
238 24.0752 -0.1661 car 0.30172137916088104
239 8.3091 -0.3287 car 0.4592360556125641
240 7.6700 -0.3622 car 0.49337850511074066
241 7.0308 -0.3791 car 0.5339840948581696
242 7.0308 -0.3961 car 0.6056403517723083
243 7.0308 -0.4132 car 0.6455896496772766
244 6.8178 -0.4132 car 0.6745897829532623
245 6.6047 -0.3961 car 0.6759551167488098
246 6.1786 -0.4479 car 0.6463935375213623
247 6.1786 -0.4479 car 0.6389769464731216
248 5.9655 -0.5557 car 0.6844139099121094
249 5.7525 -0.5744 car 0.6858192980289459
249 13.4225 0.3791 car 0.3115135133266449
250 5.5394 -0.6124 car 0.6824823319911957
250 13.2094 0.3622 car 0.30523592233657837
251 5.5394 -0.6514 car 0.6734569072723389
251 12.5702 -0.3121 car 0.32825689017772675
252 5.5394 -0.6124 car 0.6272301971912384
252 12.5702 -0.2792 car 0.37391397356987
252 12.5702 -0.3287 car 0.36453427374362946
253 5.3264 -0.6714 car 0.5869714617729187
253 12.1441 -0.3121 car 0.4010814428329468
254 5.1133 -0.6714 car 0.5076841711997986
254 11.9311 -0.3121 car 0.41795530915260315
255 5.3264 -0.7123 car 0.46496163308620453
255 11.7180 -0.3287 car 0.41449448466300964
256 11.9311 -0.2792 car 0.5293972939252853
256 5.5394 -0.6124 car 0.43545739352703094
256 5.9655 -0.5557 car 0.42410019040107727
257 11.7180 -0.2629 car 0.5429849624633789
257 5.7525 -0.5744 car 0.4166617840528488
257 5.1133 -0.6124 car 0.3999587148427963
258 11.5050 -0.2792 car 0.5634769350290298
258 6.1786 -0.5191 car 0.3769546076655388
258 17.4705 0.3961 car 0.3044763430953026
259 11.2919 -0.2956 car 0.5772885531187057
259 5.9655 -0.5557 car 0.3593399077653885
259 6.3916 -0.4654 car 0.35536637157201767
259 17.4705 0.4479 car 0.3141390383243561
260 11.0789 -0.2792 car 0.5592245310544968
260 6.1786 -0.4479 car 0.32958561927080154
260 17.0444 0.3961 car 0.3250514268875122
260 5.5394 -0.4654 car 0.31223980337381363
260 18.3227 -0.3287 car 0.3080252483487129
261 10.8658 -0.2956 car 0.534201979637146
261 16.6183 0.4132 car 0.335317924618721
261 18.1097 -0.3454 car 0.32467423379421234
261 6.3916 -0.4479 car 0.3142685443162918
262 10.6527 -0.2792 car 0.4808245897293091
262 17.8966 -0.3121 car 0.34890158474445343
262 16.4052 0.4132 car 0.3395768776535988
263 10.4397 -0.2792 car 0.4521763026714325
263 17.6836 -0.3287 car 0.3523712307214737
263 16.4052 0.4479 car 0.328325092792511
264 10.2266 -0.2792 car 0.4058712124824524
264 6.3916 -0.3961 car 0.3932158648967743
264 6.8178 -0.2792 car 0.37459948658943176
264 17.2574 -0.3454 car 0.31838585808873177
265 6.1786 -0.4132 car 0.4026315361261368
265 6.6047 -0.3287 car 0.39910486340522766
265 10.2266 -0.3287 car 0.39618830382823944
265 10.2266 -0.3961 car 0.37038637697696686
265 17.0444 -0.3287 car 0.333013191819191
266 6.3916 -0.4132 car 0.3978120982646942
266 16.6183 -0.3622 car 0.36676330119371414
266 9.8005 -0.3121 car 0.35397614538669586
267 16.4052 -0.3622 car 0.3906666785478592
267 6.3916 -0.4132 car 0.3889714628458023
267 9.3744 -0.3622 car 0.3409154862165451
267 9.5875 -0.2956 car 0.33613476157188416
268 15.9791 -0.3287 car 0.4011365473270416
268 6.6047 -0.4132 car 0.3794553726911545
268 5.9655 -0.3454 car 0.3698701113462448
268 8.5222 -0.2792 car 0.34570521116256714
269 15.9791 -0.3622 car 0.3972288891673088
269 6.6047 -0.3791 car 0.3760199397802353
269 6.1786 -0.3791 car 0.3721967190504074
269 7.4569 -0.3791 car 0.3639281988143921
270 15.7661 -0.3622 car 0.40883076190948486
270 7.0308 -0.3121 car 0.36855678260326385
270 7.6700 -0.2629 car 0.36561691761016846
270 6.1786 -0.5010 car 0.3238874077796936
270 5.3264 -0.6124 car 0.3070734292268753
271 15.7661 -0.3791 car 0.39299649000167847
271 7.4569 -0.2956 car 0.366300106048584
271 7.0308 -0.3791 car 0.36617840826511383
271 6.1786 -0.5373 car 0.3152300715446472
272 7.6700 -0.4305 car 0.49789008498191833
272 15.3400 -0.4132 car 0.3248935341835022
273 7.6700 -0.3961 car 0.5082071125507355
273 15.1269 -0.3961 car 0.3663502037525177
274 7.2439 -0.3791 car 0.4909876883029938
274 7.2439 -0.5191 car 0.4816526025533676
274 14.9138 -0.3961 car 0.4155912846326828
275 7.0308 -0.4132 car 0.48473940789699554
275 6.6047 -0.5010 car 0.4580877721309662
275 14.7008 -0.3961 car 0.43525709211826324
276 14.4877 -0.4132 car 0.4581073522567749
276 6.8178 -0.4132 car 0.4286374896764755
277 14.2747 -0.4305 car 0.46953387558460236
277 6.6047 -0.5373 car 0.3983524739742279
278 13.8486 -0.4132 car 0.46740032732486725
278 6.1786 -0.5010 car 0.36138105392456055
278 19.1749 0.4132 car 0.31551313400268555
279 13.8486 -0.4305 car 0.47235390543937683
279 6.1786 -0.5744 car 0.3515021800994873
279 6.1786 -0.6317 car 0.34469781816005707
279 18.9619 0.3961 car 0.32156676799058914
280 6.1786 -0.5744 car 0.45471198856830597
280 13.8486 -0.4305 car 0.43676190078258514
280 18.7488 0.3961 car 0.3202182315289974
281 5.7525 -0.6514 car 0.4456799477338791
281 6.1786 -0.7123 car 0.4366072118282318
281 13.4225 -0.4654 car 0.43116286396980286
281 18.5358 0.4132 car 0.31431612372398376
282 5.7525 -0.6916 car 0.41333135962486267
282 13.2094 -0.5191 car 0.38629667460918427
282 18.3227 0.3961 car 0.32326285541057587
282 18.3227 -0.2629 car 0.30833689868450165
283 5.5394 -0.6514 car 0.4054414629936218
283 12.9963 -0.5010 car 0.38272780179977417
283 18.1097 0.3454 car 0.318649023771286
283 18.1097 -0.2304 car 0.3171107918024063
284 12.5702 -0.5191 car 0.3448290675878525
284 5.3264 -0.6514 car 0.3365198075771332
284 17.8966 -0.2142 car 0.3232341334223747
285 17.6836 -0.2304 car 0.32299675792455673
285 12.5702 -0.5010 car 0.3217480853199959
286 17.0444 -0.3121 car 0.34204312413930893
286 17.2574 -0.2142 car 0.31619369983673096
286 12.1441 -0.5373 car 0.31576333194971085
287 16.8313 -0.2956 car 0.34497469663619995
287 16.4052 -0.3454 car 0.3388332426548004
287 11.7180 -0.5373 car 0.3161875009536743
287 24.0752 -0.2142 car 0.3114072009921074
288 11.2919 -0.6124 car 0.5457523018121719
288 23.4360 -0.2142 car 0.50059874355793
288 5.5394 -0.6916 car 0.3188915252685547
288 16.6183 -0.3961 car 0.31590183824300766
289 11.2919 -0.6317 car 0.571745365858078
289 23.2230 -0.2142 car 0.533654510974884
289 16.1922 -0.4479 car 0.34991180896759033
290 22.7969 -0.2304 car 0.5710755288600922
290 11.0789 -0.6317 car 0.5557306259870529
290 15.9791 -0.4132 car 0.40375544130802155
291 22.7969 -0.2304 car 0.5995812118053436
291 10.8658 -0.6514 car 0.5524364411830902
291 15.5530 -0.4479 car 0.4264281541109085
292 22.5838 -0.2304 car 0.5671922117471695
292 10.6527 -0.6124 car 0.4974459260702133
292 15.1269 -0.4479 car 0.46061569452285767
293 22.3708 -0.2466 car 0.5505870580673218
293 10.2266 -0.6317 car 0.47506849467754364
293 15.1269 -0.4132 car 0.4501667469739914
294 22.1577 -0.2142 car 0.509960412979126
294 14.9138 -0.4132 car 0.4772305488586426
294 10.0136 -0.6514 car 0.46407295763492584
295 21.9447 -0.2304 car 0.48749367892742157
295 14.7008 -0.4305 car 0.47871188819408417
295 9.8005 -0.6514 car 0.46010537445545197
296 9.3744 -0.7123 car 0.5264110714197159
296 21.5185 -0.2304 car 0.49749287962913513
296 14.0616 -0.4654 car 0.4688177555799484
296 5.5394 -0.0079 car 0.32498421892523766
297 9.1614 -0.6916 car 0.5412821620702744
297 21.5185 -0.2304 car 0.5013606548309326
297 13.8486 -0.5373 car 0.48413434624671936
297 5.1133 -0.0079 car 0.33448684588074684
298 8.7352 -0.7123 car 0.5299888700246811
298 13.4225 -0.5373 car 0.510536402463913
298 21.0924 -0.2629 car 0.4872387796640396
298 5.3264 -0.0236 car 0.33700940757989883
299 8.7352 -0.7123 car 0.5407623052597046
299 13.4225 -0.5191 car 0.5298111885786057
299 21.0924 -0.2304 car 0.47542862594127655
299 5.3264 -0.0079 car 0.3314683251082897
300 8.3091 -0.7333 car 0.5462628602981567
300 12.9963 -0.5373 car 0.5072213709354401
300 20.6663 -0.2792 car 0.4080190360546112
300 5.3264 0.0079 car 0.32169773057103157
301 8.3091 -0.7333 car 0.5442537814378738
301 12.7833 -0.5557 car 0.4843466579914093
301 20.6663 -0.2466 car 0.3754517436027527
301 5.1133 -0.0236 car 0.3175947442650795
302 8.0961 -0.7123 car 0.5362167060375214
302 12.5702 -0.5557 car 0.445051372051239
302 5.1133 0.0079 car 0.30856990069150925
302 20.0272 -0.2792 car 0.30669253319501877
303 7.8830 -0.7333 car 0.5219448655843735
303 12.3572 -0.5373 car 0.42662909626960754
303 5.1133 -0.0079 car 0.3160499148070812
304 24.5013 -0.0709 car 0.45519499480724335
304 11.7180 -0.6916 car 0.4229912608861923
304 5.3264 0.0079 car 0.3428523391485214
304 7.4569 -0.7333 car 0.33239416778087616
305 24.5013 -0.0867 car 0.5151260793209076
305 11.5050 -0.6714 car 0.42474162578582764
305 5.1133 -0.0079 car 0.3306944668292999
306 24.2883 -0.0709 car 0.5920418500900269
306 11.7180 -0.6714 car 0.40087293088436127
307 24.0752 -0.1025 car 0.6318214237689972
307 11.5050 -0.6514 car 0.39114154875278473
308 23.8621 -0.0867 car 0.630181759595871
308 11.5050 -0.6124 car 0.35041166841983795
309 23.6491 -0.1025 car 0.6344968974590302
309 11.2919 -0.6714 car 0.32666318118572235
310 23.2230 -0.0867 car 0.6225389242172241
310 11.0789 -0.6124 car 0.3241899758577347
311 23.0099 -0.1184 car 0.6184252202510834
311 10.6527 -0.6714 car 0.31432974338531494
312 22.7969 -0.1343 car 0.7114100754261017
312 10.4397 -0.6317 car 0.47091493010520935
312 17.4705 -0.3287 car 0.45647597312927246
313 22.5838 -0.1502 car 0.7360107600688934
313 10.2266 -0.6124 car 0.48489445447921753
313 17.0444 -0.3287 car 0.4673011004924774
314 22.3708 -0.1502 car 0.7689120471477509
314 10.2266 -0.6124 car 0.4753362089395523
314 16.8313 -0.3791 car 0.47034789621829987
315 21.9447 -0.1502 car 0.7769010066986084
315 16.4052 -0.3622 car 0.49006475508213043
315 9.8005 -0.6514 car 0.47693198919296265
316 21.5185 -0.1502 car 0.7780283093452454
316 15.9791 -0.3791 car 0.49398717284202576
316 9.8005 -0.6916 car 0.47219492495059967
317 21.5185 -0.1661 car 0.7692462801933289
317 15.9791 -0.3622 car 0.5035248100757599
317 9.5875 -0.6714 car 0.47267624735832214
318 21.0924 -0.1502 car 0.7757757008075714
318 15.7661 -0.3454 car 0.48377664387226105
318 9.3744 -0.7123 car 0.44387122988700867
319 20.6663 -0.1502 car 0.7552792727947235
319 15.7661 -0.3791 car 0.47390687465667725
319 9.1614 -0.6916 car 0.42401526868343353
320 20.4533 -0.1502 car 0.796887069940567
320 8.9483 -0.6714 car 0.3395698443055153
320 15.1269 -0.4831 car 0.33413898944854736
320 14.7008 -0.5744 car 0.31788909435272217
321 20.2402 -0.1502 car 0.8316005766391754
321 8.9483 -0.7123 car 0.3324539512395859
321 14.7008 -0.5010 car 0.3278357833623886
322 20.0272 -0.1661 car 0.8398427665233612
322 14.2747 -0.5373 car 0.36320261657238007
322 8.5222 -0.6916 car 0.3261130750179291
323 19.8141 -0.1821 car 0.8578265607357025
323 13.8486 -0.5744 car 0.37485140562057495
323 8.5222 -0.6916 car 0.3340446949005127
324 19.3880 -0.1821 car 0.8090152144432068
324 13.4225 -0.5932 car 0.41387756168842316
324 13.8486 -0.5744 car 0.3985171616077423
324 8.0961 -0.6916 car 0.3399899825453758
325 19.3880 -0.2304 car 0.7803894877433777
325 13.2094 -0.5932 car 0.41582585871219635
325 7.8830 -0.7333 car 0.3368371054530144
326 18.9619 -0.1981 car 0.7646033465862274
326 13.4225 -0.6124 car 0.42250266671180725
326 7.8830 -0.7123 car 0.321537509560585
327 18.5358 -0.1981 car 0.7485637962818146
327 12.9963 -0.5744 car 0.42873692512512207
328 18.1097 -0.1981 car 0.7456121742725372
328 12.5702 -0.6124 car 0.328957200050354
329 18.3227 -0.1981 car 0.7593302130699158
329 12.5702 -0.6514 car 0.32421211898326874
330 17.8966 -0.2142 car 0.7370400726795197
330 12.3572 -0.6317 car 0.30813270807266235
331 17.6836 -0.2304 car 0.7307221591472626
331 12.3572 -0.6514 car 0.3084297329187393
332 17.0444 -0.2792 car 0.6841830611228943
332 24.5013 0.1343 car 0.3404499813914299
332 11.7180 -0.6916 car 0.3085714131593704
333 16.8313 -0.2304 car 0.6755620837211609
333 24.5013 0.1343 car 0.38717901706695557
334 16.4052 -0.2304 car 0.6831563115119934
334 24.2883 0.1502 car 0.4675127863883972
335 16.1922 -0.2466 car 0.6937680542469025
335 24.2883 0.1343 car 0.46703849732875824
336 15.9791 -0.2466 car 0.7260169088840485
336 24.2883 -0.0079 car 0.4769872725009918
337 15.9791 -0.2956 car 0.7345836162567139
337 24.0752 -0.0079 car 0.5177131593227386
337 23.6491 0.1184 car 0.48489075899124146
338 15.5530 -0.2792 car 0.729626327753067
338 24.0752 -0.0551 car 0.5560662746429443
338 24.0752 -0.1025 car 0.5487654358148575
339 15.5530 -0.2792 car 0.7221076190471649
339 24.0752 -0.1025 car 0.5731894373893738
339 23.4360 0.0551 car 0.5610965639352798
340 15.1269 -0.3121 car 0.6781112849712372
340 23.6491 -0.1343 car 0.5864679962396622
340 23.2230 0.0079 car 0.5746560096740723
341 14.7008 -0.3454 car 0.6494923532009125
341 23.2230 -0.0551 car 0.571760505437851
342 14.4877 -0.3287 car 0.6336247324943542
342 23.2230 -0.1184 car 0.5350410342216492
342 22.5838 0.0236 car 0.5215120166540146
343 14.2747 -0.3287 car 0.6178705990314484
343 22.7969 -0.1025 car 0.5069785565137863
343 23.2230 -0.1184 car 0.5027937442064285
344 14.0616 -0.3287 car 0.5441143214702606
344 22.7969 -0.1025 car 0.4514436572790146
345 13.8486 -0.3287 car 0.5396229922771454
345 23.0099 -0.1343 car 0.44979891180992126
346 13.6355 -0.3454 car 0.5494153499603271
346 22.1577 -0.1184 car 0.44161972403526306
347 13.4225 -0.3791 car 0.5707539021968842
347 22.1577 -0.1184 car 0.45669446885585785
348 12.9963 -0.3961 car 0.5957423150539398
348 21.5185 -0.1184 car 0.4900972545146942
349 12.7833 -0.3791 car 0.6084847152233124
349 21.5185 -0.1661 car 0.49092333018779755
350 12.5702 -0.4132 car 0.6404630541801453
350 21.3055 -0.1343 car 0.4968423396348953
351 12.1441 -0.4132 car 0.6469529271125793
351 20.6663 -0.1502 car 0.46524612605571747
352 12.1441 -0.3791 car 0.6982462406158447
352 20.4533 -0.1502 car 0.4890718013048172
353 11.7180 -0.4132 car 0.7212000489234924
353 20.2402 -0.1502 car 0.5136178880929947
354 11.2919 -0.4132 car 0.7369454205036163
354 20.0272 -0.1343 car 0.5506369173526764
355 11.2919 -0.4132 car 0.757175475358963
355 19.8141 -0.1502 car 0.5693993866443634
356 10.8658 -0.4479 car 0.7692979574203491
356 19.6010 -0.1502 car 0.5787810981273651
357 10.6527 -0.4654 car 0.7702502608299255
357 19.3880 -0.1661 car 0.5592381209135056
358 10.4397 -0.4654 car 0.797433078289032
358 18.9619 -0.1502 car 0.543342262506485
359 10.2266 -0.5010 car 0.8026461601257324
359 18.7488 -0.1502 car 0.5231077969074249
360 18.3227 -0.1661 car 0.7185339331626892
360 10.0136 -0.4831 car 0.6782884895801544
360 23.0099 -0.2629 car 0.3326742947101593
360 5.9655 -0.0236 car 0.33012281358242035
361 18.1097 -0.1661 car 0.7511633932590485
361 10.0136 -0.5010 car 0.676172137260437
361 23.0099 -0.2629 car 0.37158073484897614
361 5.7525 -0.0551 car 0.33619236946105957
362 17.8966 -0.1821 car 0.8102960288524628
362 9.5875 -0.5373 car 0.6735615730285645
362 22.7969 -0.2792 car 0.43804334104061127
362 5.9655 -0.0079 car 0.3357422649860382
362 5.5394 -0.0079 car 0.32617592066526413
363 17.4705 -0.1981 car 0.8339672982692719
363 9.5875 -0.5373 car 0.6780171990394592
363 22.3708 -0.2792 car 0.4587392956018448
363 5.9655 -0.0236 car 0.32903508841991425
364 17.2574 -0.1981 car 0.8618926405906677
364 9.1614 -0.5932 car 0.6631102114915848
364 9.1614 -0.6714 car 0.6406569480895996
364 22.1577 -0.2792 car 0.5051210522651672
365 16.8313 -0.1821 car 0.8628944158554077
365 8.9483 -0.6124 car 0.6480221003293991
365 21.9447 -0.2792 car 0.5171076655387878
366 16.4052 -0.1821 car 0.869769275188446
366 8.9483 -0.6124 car 0.6470585614442825
366 21.7316 -0.2792 car 0.5510867685079575
367 16.4052 -0.2142 car 0.8540217280387878
367 8.3091 -0.6514 car 0.6181721985340118
367 21.5185 -0.2792 car 0.566016748547554
368 15.9791 -0.1821 car 0.9144518077373505
368 21.3055 -0.2956 car 0.6798664033412933
368 7.8830 -0.6916 car 0.4860586076974869
368 15.1269 0.2629 car 0.3216756358742714
368 15.5530 0.2142 car 0.3127717971801758
369 15.7661 -0.1981 car 0.9507744014263153
369 21.0924 -0.2956 car 0.6944276094436646
369 7.8830 -0.6714 car 0.49493780732154846
369 14.9138 0.2956 car 0.32547180354595184
369 14.4877 0.2956 car 0.32208482921123505
369 15.3400 0.2956 car 0.31027184426784515
370 15.5530 -0.2142 car 0.9572762846946716
370 20.6663 -0.2792 car 0.6991482377052307
370 7.4569 -0.6916 car 0.48230114579200745
370 13.4225 0.3287 car 0.35171810537576675
370 11.7180 0.3791 car 0.3038555979728699
371 15.3400 -0.2304 car 0.9748380184173584
371 20.6663 -0.3454 car 0.7013274431228638
371 7.6700 -0.6514 car 0.47715072333812714
371 13.6355 0.2956 car 0.3667205646634102
371 10.8658 0.3961 car 0.30355600267648697
372 14.7008 -0.2142 car 0.9736300706863403
372 20.2402 -0.3121 car 0.7235184609889984
372 7.6700 -0.6514 car 0.44867318868637085
372 13.4225 0.3287 car 0.3801235407590866
372 11.5050 0.3791 car 0.31171077489852905
373 14.7008 -0.2142 car 0.9959729015827179
373 20.0272 -0.2956 car 0.6992718875408173
373 7.8830 -0.6714 car 0.42924946546554565
373 13.6355 0.2956 car 0.3822909891605377
373 23.2230 -0.0551 car 0.3105769753456116
373 9.8005 0.4132 car 0.3046365901827812
374 14.2747 -0.2142 car 0.9944550395011902
374 19.6010 -0.3121 car 0.7130955755710602
374 7.6700 -0.6714 car 0.4058384597301483
374 13.2094 0.2956 car 0.36865122616291046
374 23.0099 -0.0551 car 0.3445112332701683
375 14.4877 -0.2304 car 0.9733437895774841
375 19.3880 -0.3287 car 0.6989414989948273
375 7.4569 -0.6514 car 0.3881777822971344
375 13.2094 0.3622 car 0.3732065409421921
375 22.5838 -0.0709 car 0.35431189090013504
376 13.8486 -0.2629 car 1.0
376 19.3880 -0.3622 car 0.7454088032245636
376 22.1577 -0.0867 car 0.6214434206485748
376 7.6700 -0.6317 car 0.5507420748472214
376 12.9963 0.3454 car 0.4779769778251648
376 9.3744 0.4654 car 0.4555511176586151
377 13.8486 -0.2142 car 1.0
377 13.6355 -0.2629 car 1.0
377 19.1749 -0.3622 car 0.741220086812973
377 21.9447 -0.0709 car 0.6800405383110046
377 7.4569 -0.6514 car 0.57335264980793
377 12.7833 0.3791 car 0.47779108583927155
377 9.1614 0.4654 car 0.45896075665950775
378 13.4225 -0.2466 car 1.0
378 18.7488 -0.3791 car 0.7218340337276459
378 21.7316 -0.0709 car 0.7121473550796509
378 7.4569 -0.6514 car 0.5452348440885544
378 12.3572 0.3622 car 0.4840468168258667
378 9.5875 0.4654 car 0.45566636323928833
379 13.2094 -0.2629 car 1.0
379 21.3055 -0.0709 car 0.7388878166675568
379 18.7488 -0.3622 car 0.7138224840164185
379 7.2439 -0.6514 car 0.5404982566833496
379 12.1441 0.3622 car 0.5015099793672562
379 8.9483 0.4654 car 0.43769654631614685
380 12.9963 -0.2629 car 1.0
380 21.0924 -0.1184 car 0.7402951121330261
380 18.5358 -0.3454 car 0.6613803207874298
380 11.2919 0.3791 car 0.5145725458860397
380 7.0308 -0.6514 car 0.46903096139431
381 12.7833 -0.2956 car 1.0
381 20.4533 -0.0867 car 0.7620869278907776
381 18.3227 -0.3622 car 0.6378319561481476
381 11.2919 0.3791 car 0.5334048271179199
381 10.0136 0.4132 car 0.48618513345718384
381 7.0308 -0.6714 car 0.43452250957489014
382 12.5702 -0.2792 car 1.0
382 20.2402 -0.1025 car 0.7636472582817078
382 17.8966 -0.3791 car 0.6375615298748016
382 11.0789 0.3961 car 0.5633447766304016
382 6.8178 -0.6714 car 0.3640225827693939
383 12.1441 -0.2792 car 1.0
383 20.2402 -0.0867 car 0.7503893077373505
383 17.6836 -0.3791 car 0.6300487220287323
383 10.8658 0.4132 car 0.5708972364664078
383 6.6047 -0.6514 car 0.33561110496520996
384 11.7180 -0.3121 car 0.9426382184028625
384 20.0272 -0.1025 car 0.6980452537536621
384 17.2574 -0.4305 car 0.6301590800285339
384 10.8658 0.3961 car 0.5916898995637894
385 11.9311 -0.2956 car 0.9695326089859009
385 19.8141 -0.0867 car 0.7328802943229675
385 17.0444 -0.4654 car 0.6325778961181641
385 10.8658 0.3791 car 0.6054403334856033
385 8.3091 0.5373 car 0.32871708273887634
385 8.0961 0.6124 car 0.30927711725234985
386 11.2919 -0.3287 car 0.9880828261375427
386 19.6010 -0.0867 car 0.7543606758117676
386 10.4397 0.3791 car 0.6526181995868683
386 16.6183 -0.4654 car 0.6268578469753265
387 11.0789 -0.3622 car 0.9863378703594208
387 19.3880 -0.1184 car 0.7454299330711365
387 10.0136 0.4132 car 0.6864553391933441
387 16.4052 -0.4305 car 0.6357162892818451
388 10.8658 -0.3121 car 0.9940383434295654
388 18.9619 -0.1184 car 0.7178881168365479
388 9.5875 0.4132 car 0.7077223360538483
388 15.9791 -0.4479 car 0.6344413459300995
389 10.6527 -0.3287 car 0.9853970110416412
389 9.8005 0.3961 car 0.7137298285961151
389 18.7488 -0.1343 car 0.6927944123744965
389 15.9791 -0.4831 car 0.6284387707710266
390 10.4397 -0.3454 car 0.9618289768695831
390 9.1614 0.4305 car 0.7198667824268341
390 18.5358 -0.1343 car 0.6925375163555145
390 15.5530 -0.4305 car 0.6535004377365112
391 10.2266 -0.3622 car 0.9617226421833038
391 9.1614 0.4479 car 0.7181316912174225
391 15.3400 -0.4305 car 0.6561287343502045
391 18.3227 -0.1502 car 0.6530516743659973
392 9.5875 -0.3961 car 1.0
392 18.1097 -0.1184 car 0.6214418113231659
392 8.9483 0.4654 car 0.5156080275774002
392 15.1269 -0.5373 car 0.4731133431196213
393 9.8005 -0.3961 car 1.0
393 17.8966 -0.1343 car 0.6424447596073151
393 8.9483 0.4831 car 0.5307510495185852
393 15.1269 -0.5557 car 0.45235176384449005
394 9.5875 -0.3961 car 1.0
394 17.4705 -0.1025 car 0.645419180393219
394 8.5222 0.4654 car 0.5532377064228058
394 14.7008 -0.5557 car 0.42214758694171906
395 9.3744 -0.3622 car 1.0
395 8.9483 -0.3961 car 1.0
395 17.2574 -0.1502 car 0.6497770845890045
395 8.5222 0.4831 car 0.567403182387352
395 14.7008 -0.5373 car 0.4084951728582382
396 8.7352 -0.3961 car 1.0
396 17.0444 -0.1502 car 0.6770541071891785
396 8.3091 0.4479 car 0.5943544059991837
396 14.2747 -0.5191 car 0.36486829817295074
397 8.7352 -0.4132 car 1.0
397 16.6183 -0.1343 car 0.6787146031856537
397 8.0961 0.4654 car 0.6050176173448563
397 14.2747 -0.5010 car 0.34215494990348816
398 8.3091 -0.4132 car 1.0
398 16.1922 -0.1502 car 0.6901226341724396
398 7.8830 0.5010 car 0.5957255661487579
398 14.0616 -0.5010 car 0.3144548311829567
399 8.3091 -0.4132 car 0.9892133176326752
399 15.9791 -0.1343 car 0.6870055794715881
399 7.8830 0.5010 car 0.5761372447013855
400 7.4569 -0.5191 car 0.9744352102279663
400 7.4569 -0.4479 car 0.9501851201057434
400 15.5530 -0.1821 car 0.85014209151268
400 7.4569 0.5932 car 0.5786476135253906
401 7.6700 -0.5373 car 0.9972909390926361
401 15.3400 -0.1981 car 0.8826581835746765
401 7.2439 0.5744 car 0.5838765203952789
402 7.0308 -0.5373 car 1.0
402 15.1269 -0.1821 car 0.9022992849349976
402 7.2439 0.5373 car 0.5649240165948868
403 7.0308 -0.5557 car 1.0
403 14.9138 -0.1981 car 0.933490514755249
403 7.2439 0.6514 car 0.552700087428093
404 7.0308 -0.5373 car 1.0
404 7.0308 -0.4831 car 1.0
404 14.7008 -0.2142 car 0.9243077337741852
404 7.0308 0.5932 car 0.524751216173172
405 6.8178 -0.5744 car 1.0
405 14.2747 -0.1821 car 0.9069710969924927
405 6.8178 0.5744 car 0.5036933124065399
406 6.6047 -0.6124 car 0.991756021976471
406 14.0616 -0.2142 car 0.8798274397850037
406 7.2439 0.5557 car 0.48041021823883057
406 19.8141 -0.2956 car 0.3576498031616211
407 6.1786 -0.5557 car 0.9490445852279663
407 13.8486 -0.2142 car 0.842554897069931
407 7.0308 0.6124 car 0.45207643508911133
407 19.8141 -0.2956 car 0.40045563876628876
408 6.1786 -0.6916 car 1.0
408 6.1786 -0.5373 car 0.9924079179763794
408 13.4225 -0.2466 car 0.8486791253089905
408 7.0308 0.5373 car 0.4906950891017914
408 7.2439 0.5932 car 0.4878471940755844
409 5.9655 -0.6514 car 1.0
409 13.4225 -0.2792 car 0.874855101108551
409 7.4569 0.5557 car 0.48736830055713654
409 6.6047 0.5557 car 0.46096719801425934
410 5.7525 -0.6714 car 0.9995550811290741
410 12.9963 -0.2629 car 0.904250293970108
410 7.6700 0.5744 car 0.4452252984046936
411 5.9655 -0.6514 car 0.9781211912631989
411 12.7833 -0.2629 car 0.9088717401027679
411 7.6700 0.5557 car 0.4443074017763138
412 12.5702 -0.2466 car 0.9059056341648102
412 5.3264 -0.6317 car 0.8999703228473663
412 8.0961 0.5373 car 0.44493648409843445
413 12.5702 -0.2792 car 0.8736680746078491
413 5.3264 -0.6317 car 0.8485831618309021
413 7.6700 0.5373 car 0.44475747644901276
413 8.0961 0.4831 car 0.43978092074394226
414 12.1441 -0.2792 car 0.8561309278011322
414 5.7525 -0.6514 car 0.7578178346157074
414 7.8830 0.5557 car 0.46033936738967896
415 12.1441 -0.2792 car 0.8069572746753693
415 5.3264 -0.7123 car 0.7124455273151398
415 4.9003 -0.7333 car 0.6930763125419617
415 8.0961 0.5373 car 0.46080151200294495
416 11.5050 -0.2956 car 0.8394538760185242
416 5.3264 -0.6714 car 0.6769178509712219
416 8.3091 0.5010 car 0.37067683041095734
417 11.5050 -0.2956 car 0.8817763328552246
417 5.3264 -0.6714 car 0.6582181751728058
417 8.3091 0.5010 car 0.35782867670059204
418 11.0789 -0.3121 car 0.91142338514328
418 5.3264 -0.6714 car 0.6293062418699265
418 8.0961 0.5191 car 0.34082600474357605
419 11.0789 -0.3287 car 0.9213044941425323
419 4.9003 -0.7333 car 0.620578944683075
419 8.0961 0.4831 car 0.33964990079402924
420 10.6527 -0.3287 car 0.913903146982193
420 5.1133 -0.7123 car 0.5680562257766724
420 8.5222 0.5010 car 0.3249354138970375
421 10.4397 -0.3287 car 0.8794064521789551
421 4.9003 -0.7333 car 0.5519412904977798
421 8.5222 0.5010 car 0.31821275502443314
422 10.0136 -0.3287 car 0.8520468771457672
422 4.4742 -0.7765 car 0.4804340898990631
422 8.5222 0.5010 car 0.30614474415779114
423 10.0136 -0.3454 car 0.8268842697143555
423 4.4742 -0.8217 car 0.45086969435214996
423 4.9003 -0.8217 car 0.4473472684621811
424 9.5875 -0.3961 car 0.8823978006839752
424 9.5875 -0.3287 car 0.8679403066635132
425 9.3744 -0.3961 car 0.9430840909481049
426 8.9483 -0.3622 car 0.9284716844558716
427 8.7352 -0.4132 car 0.9456132650375366
427 15.5530 -0.0709 car 0.3207152336835861
428 8.3091 -0.3791 car 0.8937931060791016
428 15.1269 -0.0709 car 0.3599325716495514
428 8.3091 0.4654 car 0.30210572481155396
429 8.3091 -0.4132 car 0.8814737796783447
429 14.9138 -0.1184 car 0.3606334328651428
429 8.0961 0.4654 car 0.3125034421682358
430 7.8830 -0.4305 car 0.8517049551010132
430 14.7008 -0.1025 car 0.39616575837135315
430 24.5013 -0.0236 car 0.38515089452266693
430 8.0961 0.5010 car 0.33597271144390106
431 7.8830 -0.4305 car 0.8236691355705261
431 24.2883 -0.0551 car 0.41412965953350067
431 14.7008 -0.1025 car 0.3876057416200638
431 8.0961 0.5010 car 0.33916349709033966
432 7.0308 -0.4654 car 0.9502928256988525
432 24.5013 -0.0709 car 0.3987046927213669
433 7.2439 -0.4654 car 1.0
433 24.2883 -0.0551 car 0.4191446900367737
434 7.0308 -0.4654 car 1.0
434 24.2883 -0.0867 car 0.4163755029439926
434 24.2883 -0.0079 car 0.40937915444374084
434 13.8486 -0.1661 car 0.3393601030111313
434 14.0616 -0.2142 car 0.33339346945285797
435 6.8178 -0.5010 car 1.0
435 23.6491 -0.0551 car 0.42043204605579376
435 13.8486 -0.1502 car 0.3640657812356949
435 13.8486 -0.1025 car 0.34288935363292694
436 6.6047 -0.5191 car 1.0
436 6.1786 -0.4831 car 1.0
436 23.4360 -0.0551 car 0.4038690775632858
436 13.4225 -0.1981 car 0.391774520277977
436 13.4225 -0.1343 car 0.3688887357711792
437 6.3916 -0.5010 car 1.0
437 12.9963 -0.1981 car 0.3918188214302063
437 23.2230 -0.0394 car 0.3831043541431427
438 6.1786 -0.5373 car 1.0
438 12.5702 -0.2466 car 0.4278663396835327
438 22.7969 -0.0236 car 0.36351147294044495
439 6.1786 -0.5010 car 0.9822957217693329
439 12.1441 -0.2792 car 0.432532861828804
439 12.1441 -0.2142 car 0.42640426754951477
439 22.7969 -0.0394 car 0.3492141216993332
440 5.7525 -0.5932 car 0.90129354596138
440 11.7180 -0.2304 car 0.49397219717502594
440 7.4569 0.4831 car 0.3283926025032997
440 22.3708 -0.0394 car 0.32217268645763397
441 5.7525 -0.5557 car 0.9110437333583832
441 11.7180 -0.2629 car 0.5524536073207855
441 7.4569 0.5557 car 0.33201343566179276
441 22.3708 -0.0551 car 0.3206334710121155
442 5.5394 -0.5373 car 0.8918030858039856
442 11.5050 -0.2629 car 0.645300418138504
442 21.7316 -0.0079 car 0.34656208753585815
442 7.4569 0.4831 car 0.3269769549369812
442 21.9447 0.1661 car 0.30828259140253067
443 5.3264 -0.5932 car 0.8818575739860535
443 11.2919 -0.2629 car 0.6763978898525238
443 21.5185 0.0236 car 0.3668139725923538
443 21.7316 0.2304 car 0.33462127670645714
443 7.6700 0.5010 car 0.3213908076286316
443 8.0961 0.4831 car 0.30929725617170334
444 5.3264 -0.5557 car 0.7963889837265015
444 11.0789 -0.2792 car 0.6759286522865295
444 21.3055 0.0394 car 0.4045492261648178
444 7.4569 0.4479 car 0.313492514193058
445 5.5394 -0.5932 car 0.7420130670070648
445 10.8658 -0.2304 car 0.6626952588558197
445 21.0924 0.0236 car 0.41770239174366
445 8.0961 0.4831 car 0.31333038210868835
446 5.3264 -0.5932 car 0.6464459002017975
446 10.4397 -0.2792 car 0.6369837820529938
446 20.6663 0.1025 car 0.4684012085199356
446 20.8794 0.0394 car 0.46452413499355316
446 7.8830 0.5010 car 0.31552182137966156
446 7.2439 0.4479 car 0.3038794919848442
447 10.4397 -0.2792 car 0.623252809047699
447 5.3264 -0.5932 car 0.5983635187149048
447 20.2402 0.0236 car 0.4956996738910675
447 8.0961 0.5010 car 0.3134601339697838
448 10.0136 -0.2629 car 0.5488621443510056
448 20.2402 0.1661 car 0.4699031114578247
448 7.6700 0.4654 car 0.42074616253376007
448 5.3264 -0.6714 car 0.39978964626789093
448 5.9655 -0.6514 car 0.38085414469242096
449 9.8005 -0.2792 car 0.5742463171482086
449 20.0272 0.1343 car 0.47352953255176544
449 20.0272 0.0867 car 0.4674198180437088
449 8.0961 0.4831 car 0.4264224171638489
449 5.7525 -0.6514 car 0.3793770372867584
449 5.1133 -0.6124 car 0.3716791272163391
450 9.5875 -0.2792 car 0.6350098252296448
450 19.6010 0.1981 car 0.4754788279533386
450 7.8830 0.4831 car 0.43960030376911163
450 5.3264 -0.6714 car 0.3310098648071289
451 9.1614 -0.2956 car 0.645136147737503
451 19.3880 0.1343 car 0.47118455171585083
451 19.1749 0.0236 car 0.4500313401222229
451 7.8830 0.4479 car 0.447893425822258
451 5.5394 -0.6514 car 0.31807978451251984
451 4.6872 -0.7333 car 0.3032405972480774
452 9.1614 -0.3287 car 0.6563743948936462
452 18.5358 -0.0079 car 0.4687499701976776
452 7.8830 0.4654 car 0.4605357348918915
452 18.3227 -0.0551 car 0.45828136801719666
453 8.7352 -0.3121 car 0.6540826261043549
453 18.3227 -0.0079 car 0.4861229360103607
453 7.8830 0.4654 car 0.45855189859867096
454 8.3091 -0.3287 car 0.6408162415027618
454 17.8966 0.0079 car 0.5444864332675934
454 7.8830 0.4654 car 0.45489853620529175
454 6.1786 -0.5010 car 0.31392280757427216
454 24.9274 -0.0551 car 0.30554021894931793
455 8.3091 -0.3622 car 0.6310467422008514
455 17.6836 -0.0079 car 0.5630356073379517
455 7.4569 0.4831 car 0.43931178748607635
455 24.9274 -0.0709 car 0.36433322727680206
456 7.8830 -0.3622 car 0.5547912418842316
456 17.4705 -0.0709 car 0.5456746220588684
456 24.7144 -0.0551 car 0.5316963940858841
456 11.0789 0.4132 car 0.446045845746994
456 7.4569 0.4831 car 0.44236014783382416
457 7.6700 -0.3961 car 0.6006607413291931
457 17.2574 -0.0551 car 0.572467714548111
457 24.5013 -0.0551 car 0.5647193193435669
457 10.8658 0.4132 car 0.4756983667612076
457 7.2439 0.4831 car 0.4243980944156647
458 7.4569 -0.3961 car 0.6763579249382019
458 24.0752 -0.0551 car 0.6131003499031067
458 17.0444 -0.0551 car 0.605930745601654
458 16.6183 -0.0709 car 0.5927264392375946
458 10.4397 0.4479 car 0.5255670100450516
458 7.4569 0.4831 car 0.39169876277446747
459 7.0308 -0.4479 car 0.7075026333332062
459 24.0752 -0.0867 car 0.6473383903503418
459 16.4052 -0.0551 car 0.6170911490917206
459 10.4397 0.4305 car 0.5512473732233047
459 7.2439 0.5010 car 0.3714582175016403
459 7.0308 0.4479 car 0.36118796467781067
460 7.0308 -0.4654 car 0.7403997480869293
460 23.4360 -0.0551 car 0.6859886646270752
460 16.1922 -0.0867 car 0.6287289559841156
460 10.2266 0.4132 car 0.5760056227445602
460 7.4569 0.5010 car 0.3642403781414032
461 7.0308 -0.4479 car 0.7433952391147614
461 23.2230 -0.0867 car 0.7119708955287933
461 15.9791 -0.0394 car 0.6234894096851349
461 9.5875 0.4305 car 0.5710072964429855
462 6.6047 -0.4654 car 0.7720795273780823
462 23.0099 -0.0551 car 0.7344228327274323
462 15.5530 -0.0236 car 0.6076183617115021
462 9.3744 0.4479 car 0.5624665021896362
463 6.6047 -0.4305 car 0.7530912160873413
463 22.7969 -0.0709 car 0.7237650752067566
463 15.5530 -0.0236 car 0.5813279747962952
463 9.1614 0.4831 car 0.5386870056390762
464 6.1786 -0.4654 car 0.6728221476078033
464 22.3708 -0.0551 car 0.624567836523056
464 10.2266 0.4305 car 0.5250596702098846
464 16.1922 0.2304 car 0.5042585581541061
464 16.1922 0.1661 car 0.47928252816200256
464 17.8966 -0.4132 car 0.41865260899066925
465 6.1786 -0.4654 car 0.702228307723999
465 22.1577 -0.0709 car 0.6389584541320801
465 10.4397 0.3961 car 0.522429808974266
465 10.6527 0.4479 car 0.5140506625175476
465 15.7661 0.2304 car 0.5088503509759903
465 14.7008 -0.0867 car 0.4799494296312332
465 17.8966 -0.3961 car 0.4201555848121643
466 5.9655 -0.4831 car 0.7342616021633148
466 5.7525 -0.5373 car 0.7191252410411835
466 21.9447 -0.0551 car 0.6504486203193665
466 10.4397 0.3961 car 0.5337082147598267
466 15.5530 0.2629 car 0.5199777334928513
466 14.0616 -0.0709 car 0.49979162216186523
466 17.4705 -0.4132 car 0.387481153011322
467 5.7525 -0.5010 car 0.7377488613128662
467 21.7316 -0.0709 car 0.6564285159111023
467 13.8486 -0.1025 car 0.5170894116163254
467 15.1269 0.2792 car 0.5140240639448166
467 10.2266 0.3961 car 0.505691260099411
467 17.2574 -0.4132 car 0.3658086284995079
468 5.5394 -0.4654 car 0.7189037799835205
468 21.3055 -0.0867 car 0.6446500420570374
468 14.7008 0.2466 car 0.5342585891485214
468 13.4225 -0.0709 car 0.5056525766849518
468 10.2266 0.4132 car 0.5041601061820984
468 16.6183 -0.4479 car 0.3261982500553131
469 5.7525 -0.5010 car 0.7021119892597198
469 5.3264 -0.4132 car 0.6801920533180237
469 21.0924 -0.0551 car 0.632481187582016
469 14.7008 0.2956 car 0.543939396739006
469 13.4225 -0.0394 car 0.5052909255027771
469 10.0136 0.4305 car 0.4849204570055008
469 8.0961 0.4831 car 0.3847733736038208
469 16.4052 -0.4479 car 0.3184240609407425
470 5.1133 -0.5191 car 0.6711418032646179
470 5.7525 -0.5010 car 0.6616402268409729
470 20.6663 -0.0867 car 0.6024167835712433
470 14.4877 0.2629 car 0.5402092337608337
470 13.2094 -0.0867 car 0.4885605424642563
470 9.3744 0.4479 car 0.4424256980419159
470 15.7661 -0.4479 car 0.30096209794282913
471 5.3264 -0.4831 car 0.6512588262557983
471 5.3264 -0.5557 car 0.6410645842552185
471 20.2402 -0.0709 car 0.5758039653301239
471 14.0616 0.2629 car 0.540056973695755
471 12.9963 -0.0551 car 0.4657355397939682
471 9.5875 0.4654 car 0.4123494178056717
472 4.9003 -0.6124 car 0.6666258573532104
472 13.8486 0.3287 car 0.6095784306526184
472 19.8141 -0.0709 car 0.44988320767879486
472 9.3744 0.4654 car 0.4278838336467743
472 12.3572 -0.1502 car 0.366551011800766
472 12.7833 -0.0867 car 0.35421527922153473
472 14.7008 -0.5744 car 0.34884369373321533
473 5.1133 -0.6124 car 0.6783530414104462
473 13.6355 0.3454 car 0.6381276845932007
473 19.8141 -0.0867 car 0.4747142195701599
473 9.1614 0.4654 car 0.41491542756557465
473 14.7008 -0.5373 car 0.3694649189710617
473 12.1441 -0.1661 car 0.3671197444200516
473 14.4877 -0.6714 car 0.3592788428068161
474 5.1133 -0.6714 car 0.6762053370475769
474 13.4225 0.3622 car 0.672309398651123
474 19.1749 -0.0867 car 0.49058835208415985
474 14.0616 -0.6514 car 0.4313853532075882
474 8.9483 0.4654 car 0.37865254282951355
474 11.2919 -0.1981 car 0.36907316744327545
475 13.2094 0.3791 car 0.7087836563587189
475 4.6872 -0.6124 car 0.6666463911533356
475 19.1749 -0.0709 car 0.5069947838783264
475 13.8486 -0.6124 car 0.4783562272787094
475 8.9483 0.4831 car 0.36275674402713776
475 11.2919 -0.1821 car 0.36075933277606964
475 8.5222 0.4479 car 0.35550656914711
476 12.7833 0.3622 car 0.7266204059123993
476 4.9003 -0.6124 car 0.6396808326244354
476 4.4742 -0.5373 car 0.606241911649704
476 13.4225 -0.6916 car 0.5728431642055511
476 18.7488 -0.0551 car 0.4917329251766205
476 8.0961 0.4831 car 0.34785720705986023
476 10.6527 -0.1981 car 0.33174531161785126
477 12.3572 0.3622 car 0.7109843790531158
477 4.9003 -0.6514 car 0.6181659698486328
477 13.4225 -0.6714 car 0.5896390974521637
477 18.3227 -0.1025 car 0.48470695316791534
477 8.0961 0.4831 car 0.3376739025115967
477 10.6527 -0.1821 car 0.30354300141334534
478 12.3572 0.3622 car 0.7066482603549957
478 12.9963 -0.6916 car 0.6259317696094513
478 4.4742 -0.6514 car 0.5782310366630554
478 18.3227 -0.0867 car 0.47616857290267944
479 12.1441 0.3622 car 0.6948373019695282
479 12.9963 -0.6514 car 0.6291315257549286
479 4.4742 -0.6714 car 0.5658995062112808
479 17.8966 -0.0867 car 0.467118576169014
480 11.9311 0.3622 car 0.7674035727977753
480 12.5702 -0.6916 car 0.6865382194519043
480 17.6836 -0.0709 car 0.5515651404857635
480 4.6872 -0.6916 car 0.3846936598420143
480 5.3264 -0.6124 car 0.3782965764403343
481 11.7180 0.3791 car 0.7918010354042053
481 12.3572 -0.7123 car 0.6991355419158936
481 17.4705 -0.0709 car 0.5945820510387421
481 5.1133 -0.6124 car 0.38676854968070984
481 4.9003 -0.7547 car 0.37978120893239975
482 11.2919 0.3791 car 0.8362729251384735
482 12.1441 -0.7123 car 0.6915596127510071
482 17.2574 -0.0551 car 0.6196156740188599
482 5.1133 -0.6714 car 0.3943302482366562
482 5.7525 -0.3961 car 0.39139164984226227
482 4.2611 -0.9733 car 0.3148956149816513
483 11.0789 0.4132 car 0.8616420924663544
483 12.1441 -0.7123 car 0.6759525835514069
483 17.0444 -0.0551 car 0.6053258776664734
483 5.3264 -0.5191 car 0.39866501837968826
483 5.7525 -0.4479 car 0.3955831602215767
483 4.9003 -0.6714 car 0.3897097334265709
483 4.9003 -0.3121 car 0.3501962795853615
483 4.2611 -0.9733 car 0.3075641095638275
483 7.0308 -0.2629 car 0.30148404091596603
484 10.6527 0.3961 car 0.860108494758606
484 11.7180 -0.6916 car 0.6309983432292938
484 16.8313 -0.0551 car 0.5854434370994568
484 5.5394 -0.4132 car 0.40446099638938904
484 5.9655 -0.3961 car 0.3992617279291153
484 4.9003 -0.5191 car 0.38927482068538666
484 7.8830 -0.2629 car 0.31508873403072357
485 10.6527 0.4132 car 0.87250617146492
485 11.2919 -0.7123 car 0.5881204456090927
485 16.4052 -0.0551 car 0.5747373551130295
485 5.3264 -0.4479 car 0.3949439600110054
485 5.1133 -0.3791 car 0.39256440848112106
485 4.6872 -0.4831 car 0.3804507181048393
485 3.8350 -0.6124 car 0.3323431760072708
485 7.6700 -0.2629 car 0.3108343482017517
486 10.2266 0.3791 car 0.8545455932617188
486 16.4052 -0.0551 car 0.5497032850980759
486 11.0789 -0.7123 car 0.5298557579517365
486 5.7525 -0.4132 car 0.3969242125749588
486 5.3264 -0.3791 car 0.3911593407392502
486 4.4742 -0.5557 car 0.3589889407157898
487 10.2266 0.4132 car 0.8198885321617126
487 15.9791 -0.0709 car 0.5174292773008347
487 10.8658 -0.6916 car 0.4753834009170532
487 5.7525 -0.3961 car 0.3942920118570328
487 5.3264 -0.4479 car 0.3880710005760193
488 9.8005 0.4305 car 0.6179832518100739
488 6.3916 -0.3791 car 0.49900107085704803
488 15.7661 -0.0867 car 0.47049133479595184
489 9.5875 0.4305 car 0.6309357583522797
489 6.1786 -0.3287 car 0.5462360233068466
489 15.3400 -0.0709 car 0.47157442569732666
490 9.1614 0.4479 car 0.6521545946598053
490 5.9655 -0.3622 car 0.6120567917823792
490 15.1269 -0.0867 car 0.47546806931495667
491 8.9483 0.4479 car 0.6757889688014984
491 6.1786 -0.3961 car 0.6414211988449097
491 14.9138 -0.0709 car 0.4968176484107971
491 11.9311 0.3961 car 0.3070860505104065
492 8.7352 0.4654 car 0.6894479393959045
492 5.9655 -0.3454 car 0.6790759563446045
492 14.4877 -0.0709 car 0.5030366629362106
492 11.9311 0.4132 car 0.35036832094192505
493 8.7352 0.4654 car 0.6916883289813995
493 5.7525 -0.3622 car 0.6679151952266693
493 14.2747 -0.0551 car 0.4901718348264694
493 11.2919 0.3961 car 0.38413122296333313
493 12.1441 0.3622 car 0.35896019637584686
494 8.0961 0.4654 car 0.6803439259529114
494 5.7525 -0.3622 car 0.6366925537586212
494 5.3264 -0.3791 car 0.6326857209205627
494 13.8486 -0.0551 car 0.4495219588279724
494 11.5050 0.3791 car 0.3858243227005005
495 8.0961 0.4654 car 0.6518357992172241
495 5.7525 -0.3961 car 0.6160346269607544
495 13.8486 -0.0551 car 0.41933125257492065
495 11.5050 0.4132 car 0.38156262040138245
495 10.4397 0.3961 car 0.3545740395784378
496 5.5394 -0.4654 car 0.6871470212936401
496 7.8830 0.5191 car 0.48055364191532135
496 13.2094 -0.0551 car 0.33559228479862213
496 12.1441 0.4132 car 0.3093767911195755
497 5.7525 -0.4305 car 0.7059620320796967
497 7.8830 0.5010 car 0.4773451089859009
497 13.2094 -0.0394 car 0.34712986648082733
497 12.1441 0.4654 car 0.3052896112203598
498 5.3264 -0.4479 car 0.7220275402069092
498 5.3264 -0.5191 car 0.7060816884040833
498 7.8830 0.5191 car 0.4628637284040451
498 12.7833 -0.1025 car 0.34944356977939606
498 11.9311 0.4132 car 0.3088051527738571
499 5.3264 -0.4479 car 0.7188197672367096
499 7.4569 0.5191 car 0.44888049364089966
499 12.3572 -0.0709 car 0.34276244044303894
499 11.5050 0.4479 car 0.310077503323555
500 5.5394 -0.4654 car 0.6781270802021027
500 7.2439 0.5010 car 0.41919875144958496
500 12.1441 -0.1025 car 0.33649663627147675
500 11.0789 0.4305 car 0.301789328455925
501 5.1133 -0.4654 car 0.6504470109939575
501 5.7525 -0.5010 car 0.6338957250118256
501 7.0308 0.5010 car 0.37996767461299896
501 11.9311 -0.1184 car 0.3300921320915222
501 18.1097 -0.0394 car 0.31844624131917953
502 5.3264 -0.4654 car 0.6045184433460236
502 18.1097 -0.0394 car 0.3462548404932022
502 7.0308 0.5010 car 0.3383503183722496
502 6.1786 0.5191 car 0.31133686006069183
502 11.7180 -0.1343 car 0.30499137938022614
503 5.3264 -0.4831 car 0.5753200948238373
503 5.7525 -0.4654 car 0.5639044344425201
503 17.6836 -0.0551 car 0.35641318559646606
503 6.8178 0.5373 car 0.3093513324856758
504 17.0444 -0.1184 car 0.47818727791309357
504 4.9003 -0.6124 car 0.43711693584918976
504 8.5222 0.5010 car 0.32604291290044785
504 6.1786 0.7123 car 0.31960370391607285
504 6.6047 0.7333 car 0.31008580327033997
504 11.9311 0.4305 car 0.3034624755382538
505 16.8313 -0.1343 car 0.5177716314792633
505 4.9003 -0.6916 car 0.4447826147079468
505 5.5394 -0.7123 car 0.4375414401292801
505 8.3091 0.4831 car 0.32358746230602264
505 6.3916 0.6916 car 0.31002215296030045
505 12.1441 0.4479 car 0.30942775309085846
505 6.6047 0.7547 car 0.3057582676410675
506 16.8313 -0.1343 car 0.5545896589756012
506 5.1133 -0.6714 car 0.46706944704055786
506 12.3572 0.4305 car 0.34464170038700104
506 8.7352 0.5010 car 0.31535452604293823
507 16.6183 -0.1025 car 0.5791740715503693
507 4.9003 -0.6714 car 0.4750809818506241
507 12.1441 0.3961 car 0.3598589599132538
507 8.3091 0.5191 car 0.32227594405412674
507 4.4742 -1.0968 car 0.3062416613101959
508 16.4052 -0.1184 car 0.5789538025856018
508 5.1133 -0.7123 car 0.46656328439712524
508 4.9003 -0.6124 car 0.44897906482219696
508 11.9311 0.4132 car 0.40677982568740845
508 12.7833 0.3961 car 0.37325647473335266
508 8.0961 0.5191 car 0.3301118016242981
509 15.9791 -0.1025 car 0.5627160370349884
509 5.1133 -0.6714 car 0.4493322968482971
509 11.7180 0.3961 car 0.4027537703514099
509 8.3091 0.5373 car 0.32312677800655365
509 7.6700 0.6317 car 0.3081652447581291
510 15.7661 -0.1025 car 0.5520155131816864
510 4.9003 -0.7123 car 0.42969778180122375
510 11.9311 0.4132 car 0.4026128351688385
510 8.0961 0.5557 car 0.32061444222927094
511 15.5530 -0.0867 car 0.5359405130147934
511 4.9003 -0.7123 car 0.41271939873695374
511 11.7180 0.4132 car 0.39469073712825775
511 7.8830 0.6124 car 0.32446229457855225
512 15.1269 -0.1343 car 0.5616500079631805
512 7.8830 0.5557 car 0.44922004640102386
512 5.9655 -0.4132 car 0.41392892599105835
512 10.8658 0.4305 car 0.3006601333618164
513 14.9138 -0.1343 car 0.584725558757782
513 6.1786 -0.3287 car 0.4495168700814247
513 7.8830 0.5557 car 0.44439391791820526
513 10.4397 0.3961 car 0.3056987002491951
514 14.7008 -0.1184 car 0.6201223134994507
514 5.7525 -0.3961 car 0.52090984582901
514 7.8830 0.5191 car 0.42107759416103363
514 9.8005 0.4305 car 0.314122810959816
515 14.2747 -0.1184 car 0.6307066082954407
515 6.1786 -0.3791 car 0.5364875197410583
515 7.6700 0.5557 car 0.4027193486690521
515 8.0961 0.5373 car 0.39478419721126556
515 10.6527 0.4132 car 0.30372820794582367
516 14.0616 -0.1025 car 0.6463482975959778
516 5.9655 -0.4132 car 0.5694360882043839
516 5.5394 -0.4132 car 0.5653447657823563
516 7.4569 0.5744 car 0.3851843774318695
516 7.0308 0.6714 car 0.36900120973587036
516 10.6527 0.4132 car 0.32444360852241516
516 11.0789 0.4305 car 0.3140907883644104
516 21.9447 -0.0551 car 0.30153387784957886
517 13.6355 -0.1502 car 0.6562513113021851
517 5.3264 -0.4132 car 0.5584883838891983
517 5.7525 -0.3791 car 0.5533419400453568
517 7.2439 0.6124 car 0.3762551248073578
517 8.0961 0.5744 car 0.35023829340934753
517 21.5185 -0.0551 car 0.3238729387521744
517 10.6527 0.4132 car 0.3176606670022011
518 13.4225 -0.1343 car 0.685741513967514
518 5.3264 -0.3791 car 0.5607626885175705
518 5.3264 -0.4654 car 0.5540240108966827
518 7.4569 0.5744 car 0.3732517510652542
518 7.0308 0.6124 car 0.3706476092338562
518 20.8794 -0.0709 car 0.3359524607658386
518 10.2266 0.4305 car 0.30588141828775406
519 13.2094 -0.1502 car 0.6648663878440857
519 5.3264 -0.4479 car 0.5634307116270065
519 5.7525 -0.3961 car 0.5509013086557388
519 7.2439 0.6124 car 0.3729153722524643
519 7.6700 0.5744 car 0.3563637435436249
519 20.6663 -0.0551 car 0.34444253146648407
519 10.0136 0.4479 car 0.30082445591688156
520 12.7833 -0.1821 car 0.7423252165317535
520 5.1133 -0.5191 car 0.716716080904007
520 20.4533 -0.0867 car 0.39931030571460724
521 12.5702 -0.1981 car 0.7957787215709686
521 4.9003 -0.5373 car 0.7553690373897552
521 19.8141 -0.1343 car 0.41719163954257965
521 9.5875 0.4132 car 0.3038829565048218
522 12.3572 -0.1981 car 0.8645220696926117
522 5.1133 -0.5010 car 0.7942698001861572
522 19.6010 -0.1343 car 0.40715523064136505
523 12.1441 -0.2142 car 0.8642014563083649
523 4.9003 -0.5191 car 0.7869770228862762
523 19.1749 -0.1343 car 0.3923988491296768
523 19.1749 -0.1981 car 0.3891631215810776
523 8.9483 0.4654 car 0.3078977167606354
524 11.9311 -0.2142 car 0.8564077317714691
524 4.6872 -0.5557 car 0.7572822868824005
524 18.9619 -0.1184 car 0.3581851124763489
524 18.5358 -0.1661 car 0.3497702330350876
524 8.3091 0.4654 car 0.3221672475337982
525 11.7180 -0.2142 car 0.8481397032737732
525 4.9003 -0.5373 car 0.7416394948959351
525 18.5358 -0.1661 car 0.33253996074199677
525 18.9619 -0.1821 car 0.3284517079591751
525 8.5222 0.5010 car 0.3238253891468048
526 11.2919 -0.2142 car 0.8193021714687347
526 4.9003 -0.5373 car 0.7014841139316559
526 8.5222 0.5191 car 0.32967254519462585
526 8.0961 0.5010 car 0.3234422206878662
527 11.2919 -0.2304 car 0.7771673202514648
527 4.9003 -0.5557 car 0.6514013409614563
527 8.0961 0.5010 car 0.3275710940361023
528 11.0789 -0.2792 car 0.7039005160331726
528 4.2611 -0.5557 car 0.49971631169319153
528 18.9619 -0.0551 car 0.3272191435098648
529 11.0789 -0.2629 car 0.6992198526859283
529 3.8350 -0.6124 car 0.48918625712394714
529 18.7488 -0.0709 car 0.36446917057037354
530 10.4397 -0.2792 car 0.711714506149292
530 4.0480 -0.6124 car 0.4459428936243057
530 18.3227 -0.1025 car 0.40679289400577545
531 10.2266 -0.3121 car 0.6857495605945587
531 18.3227 -0.0867 car 0.4454428404569626
531 3.8350 -0.6514 car 0.41847626864910126
532 9.8005 -0.3454 car 0.6710529923439026
532 17.8966 -0.1025 car 0.5060897767543793
532 3.8350 -0.6514 car 0.3450428694486618
532 4.2611 -0.6514 car 0.3336685597896576
533 9.5875 -0.3454 car 0.6448492109775543
533 17.6836 -0.1184 car 0.5314168334007263
533 3.8350 -0.6124 car 0.3203418552875519
533 3.1958 -0.6124 car 0.3020067662000656
534 9.3744 -0.3287 car 0.6264100074768066
534 17.2574 -0.0867 car 0.5544096827507019
535 9.1614 -0.3287 car 0.5961942672729492
535 17.2574 -0.0867 car 0.545278936624527
536 8.7352 -0.3961 car 0.7158179581165314
536 16.8313 -0.1343 car 0.6663629710674286
536 23.0099 0.1025 car 0.36443468928337097
537 8.5222 -0.3961 car 0.746042937040329
537 16.6183 -0.1502 car 0.7041031718254089
537 22.7969 0.1184 car 0.3500072509050369
538 16.1922 -0.1502 car 0.7788854241371155
538 8.0961 -0.3961 car 0.7737927734851837
538 22.5838 0.1025 car 0.3440616726875305
538 24.2883 -0.3287 car 0.3340832069516182
539 15.9791 -0.1184 car 0.802496075630188
539 7.8830 -0.4132 car 0.7724731266498566
539 24.0752 -0.3287 car 0.42001767456531525
539 21.9447 0.1502 car 0.33563895523548126
540 15.5530 -0.1502 car 0.8092307448387146
540 7.4569 -0.4479 car 0.7875176072120667
540 23.4360 -0.3121 car 0.5437603145837784
540 21.5185 0.1184 car 0.3725284934043884
540 9.8005 0.4654 car 0.30097029358148575
541 15.5530 -0.1502 car 0.8044421672821045
541 7.2439 -0.4305 car 0.778455525636673
541 23.2230 -0.3454 car 0.6058219522237778
541 21.0924 0.1502 car 0.3724629357457161
541 9.1614 0.4654 car 0.3019208386540413
542 15.1269 -0.1343 car 0.8067231178283691
542 7.0308 -0.4831 car 0.798506885766983
542 23.2230 -0.3287 car 0.6793761849403381
542 20.8794 0.1502 car 0.40105459839105606
543 6.6047 -0.4654 car 0.7949567139148712
543 14.9138 -0.1502 car 0.7616474330425262
543 23.2230 -0.3454 car 0.6736909449100494
543 20.8794 0.1343 car 0.4123004749417305
544 6.3916 -0.5373 car 0.8576532006263733
544 14.4877 -0.1821 car 0.776332825422287
544 22.5838 -0.3622 car 0.5765266865491867
544 20.4533 0.1981 car 0.5641711056232452
545 6.1786 -0.5557 car 0.8892123997211456
545 14.2747 -0.1661 car 0.8111315369606018
545 22.3708 -0.3622 car 0.5837996602058411
545 20.4533 0.1821 car 0.5703417360782623
546 6.1786 -0.5557 car 0.9263332784175873
546 14.0616 -0.1981 car 0.8133184909820557
546 20.0272 0.1821 car 0.5676211416721344
546 22.1577 -0.3622 car 0.5524227470159531
546 23.8621 0.0079 car 0.3181874677538872
547 5.9655 -0.5744 car 0.932687371969223
547 13.8486 -0.1821 car 0.8120097517967224
547 19.8141 0.1981 car 0.5626026093959808
547 21.7316 -0.3622 car 0.5449828207492828
547 23.8621 0.0236 car 0.33612609654664993
548 5.3264 -0.5373 car 0.8929678797721863
548 13.4225 -0.1981 car 0.7773132920265198
548 19.3880 0.1343 car 0.5545764863491058
548 21.3055 -0.3622 car 0.5153929591178894
548 23.6491 -0.0236 car 0.35397642850875854
549 5.3264 -0.5557 car 0.875313013792038
549 13.2094 -0.1981 car 0.7631105184555054
549 18.9619 0.1661 car 0.5449822545051575
549 20.6663 -0.3121 car 0.4857781454920769
549 23.4360 0.0236 car 0.3723435029387474
550 5.3264 -0.6124 car 0.7812790870666504
550 4.9003 -0.6124 car 0.7716186940670013
550 12.9963 -0.2142 car 0.7316746115684509
550 18.5358 0.1821 car 0.5173695832490921
550 20.6663 -0.3121 car 0.43754755705595016
550 23.2230 -0.0079 car 0.38407638669013977
551 4.9003 -0.5744 car 0.7270143330097198
551 12.7833 -0.1981 car 0.7076354622840881
551 18.5358 0.1502 car 0.5067013651132584
551 22.7969 0.0079 car 0.3902266174554825
551 20.2402 -0.2956 car 0.3853134214878082
552 12.1441 -0.2142 car 0.8794133365154266
552 5.5394 -0.6124 car 0.574406087398529
552 18.3227 0.2466 car 0.555843859910965
552 22.1577 -0.0236 car 0.5385681986808777
553 12.1441 -0.2142 car 0.8988167643547058
553 21.9447 -0.0079 car 0.5711822807788849
553 18.3227 0.2304 car 0.5638012290000916
553 5.1133 -0.6124 car 0.5391209721565247
554 11.7180 -0.2466 car 0.911859005689621
554 21.7316 -0.0236 car 0.5785002708435059
554 5.3264 -0.6714 car 0.4672525078058243
554 5.9655 -0.5744 car 0.4445681720972061
555 11.5050 -0.2304 car 0.9288570582866669
555 21.7316 -0.0236 car 0.5813015699386597
555 17.4705 0.2304 car 0.5567010343074799
555 5.5394 -0.6514 car 0.4285071790218353
555 5.5394 -0.5010 car 0.40495485067367554
556 11.2919 -0.2629 car 0.9100750386714935
556 21.3055 -0.0236 car 0.5871850252151489
556 5.3264 -0.5932 car 0.32359030097723007
556 4.4742 -0.6916 car 0.30808280408382416
557 10.8658 -0.2629 car 0.8983290493488312
557 20.6663 -0.0236 car 0.5985970199108124
557 16.8313 0.2142 car 0.5296465903520584
558 10.4397 -0.2792 car 0.8917654752731323
558 20.2402 -0.0394 car 0.6052687466144562
558 16.4052 0.2142 car 0.5273902714252472
559 10.4397 -0.2792 car 0.8643079698085785
559 20.2402 -0.0394 car 0.5953857004642487
559 16.4052 0.2142 car 0.5272225141525269
560 9.8005 -0.3287 car 0.8885320127010345
560 16.1922 0.2304 car 0.7680319547653198
560 19.8141 -0.0709 car 0.6606213748455048
560 8.3091 0.5010 car 0.3719275891780853
561 9.8005 -0.3287 car 0.9501569867134094
561 15.9791 0.2304 car 0.7813974916934967
561 19.6010 -0.0867 car 0.6959983706474304
561 8.5222 0.5010 car 0.3711763620376587
562 9.1614 -0.3454 car 0.9914728403091431
562 15.5530 0.2304 car 0.762846827507019
562 19.6010 -0.0867 car 0.723174661397934
562 8.7352 0.5010 car 0.3525322675704956
562 9.3744 0.4479 car 0.3382282853126526
563 9.3744 -0.3622 car 1.0
563 15.5530 0.2304 car 0.7481630444526672
563 19.1749 -0.0709 car 0.7247925400733948
563 8.5222 0.5010 car 0.35420961678028107
563 8.0961 0.4831 car 0.3490048348903656
563 10.8658 0.3961 car 0.308062419295311
564 8.7352 -0.3287 car 1.0
564 18.7488 -0.0867 car 0.7319487929344177
564 15.1269 0.2466 car 0.7101348042488098
564 8.9483 0.4479 car 0.36617130041122437
564 10.2266 0.4305 car 0.34918712079524994
565 8.7352 -0.3622 car 0.9781801998615265
565 18.3227 -0.0867 car 0.7294872105121613
565 14.9138 0.2304 car 0.6748152673244476
565 8.9483 0.4479 car 0.37917065620422363
566 8.3091 -0.3287 car 0.9540106952190399
566 18.1097 -0.0551 car 0.7494359314441681
566 14.7008 0.2304 car 0.6523238718509674
566 9.3744 0.4479 car 0.3819650709629059
567 8.3091 -0.3454 car 0.9170434474945068
567 17.6836 -0.0394 car 0.7247681319713593
567 14.2747 0.2466 car 0.6138556599617004
567 9.1614 0.4479 car 0.3750350773334503
568 7.8830 -0.4132 car 0.9480449557304382
568 17.6836 -0.1025 car 0.7595899403095245
568 9.3744 0.4654 car 0.4696976840496063
568 14.0616 0.2629 car 0.4575228840112686
569 7.8830 -0.4132 car 0.9619672894477844
569 17.4705 -0.0867 car 0.7758695781230927
569 9.5875 0.4831 car 0.47529466450214386
569 10.0136 0.4831 car 0.46195340156555176
569 13.6355 0.2956 car 0.45357514917850494
570 7.4569 -0.4831 car 0.993891566991806
570 17.2574 -0.0867 car 0.7937526702880859
570 13.2094 0.2956 car 0.48389822244644165
570 9.5875 0.4654 car 0.4639826565980911
571 7.2439 -0.4654 car 1.0
571 16.6183 -0.0867 car 0.7976892590522766
571 12.7833 0.2956 car 0.49523812532424927
571 9.1614 0.4831 car 0.43397000432014465
572 6.6047 -0.5191 car 1.0
572 7.0308 -0.5373 car 0.9960738718509674
572 16.4052 -0.0867 car 0.8017731606960297
572 12.5702 0.3121 car 0.5098141133785248
572 9.3744 0.4479 car 0.4164962023496628
573 6.6047 -0.5373 car 1.0
573 15.9791 -0.1025 car 0.7974918782711029
573 12.1441 0.3287 car 0.4996631592512131
573 9.1614 0.4654 car 0.4000294953584671
574 6.1786 -0.5373 car 1.0
574 15.7661 -0.1025 car 0.7906299829483032
574 11.9311 0.2956 car 0.4854649752378464
574 8.9483 0.4654 car 0.37933291494846344
574 9.8005 0.4654 car 0.366309717297554
574 18.7488 0.2142 car 0.3299504518508911
574 17.4705 0.1821 car 0.3067394196987152
575 6.1786 -0.5557 car 1.0
575 15.5530 -0.0867 car 0.7648769021034241
575 11.5050 0.3622 car 0.4855714291334152
575 8.5222 0.5010 car 0.3663959205150604
575 18.3227 0.2142 car 0.3538046032190323
575 8.0961 0.5373 car 0.3500775545835495
576 5.7525 -0.5932 car 1.0
576 5.3264 -0.6124 car 1.0
576 14.9138 -0.1661 car 0.7588421404361725
576 11.5050 0.3791 car 0.45908884704113007
576 18.5358 0.2466 car 0.4473564773797989
576 8.0961 0.6124 car 0.3708045333623886
576 24.2883 0.1343 car 0.31718146055936813
577 5.5394 -0.6124 car 1.0
577 14.9138 -0.1661 car 0.7988743484020233
577 11.0789 0.3791 car 0.47030360996723175
577 18.3227 0.2142 car 0.46078695356845856
577 8.3091 0.6714 car 0.37680841982364655
577 24.0752 0.1184 car 0.32904987037181854
578 5.3264 -0.6124 car 1.0
578 14.7008 -0.1821 car 0.8394044637680054
578 11.0789 0.3961 car 0.49822504818439484
578 18.1097 0.2142 car 0.45793600380420685
578 23.4360 0.1343 car 0.3574100285768509
578 8.0961 0.6714 car 0.3533875048160553
579 5.3264 -0.5932 car 1.0
579 14.0616 -0.1981 car 0.8561700284481049
579 10.8658 0.3961 car 0.527943804860115
579 17.8966 0.2304 car 0.451584130525589
579 23.4360 0.1821 car 0.36387379467487335
579 7.6700 0.7123 car 0.3450261950492859
580 4.6872 -0.6317 car 0.895329475402832
580 13.8486 -0.1981 car 0.8684572577476501
580 10.2266 0.4132 car 0.5494951605796814
580 17.8966 0.1981 car 0.42021511495113373
580 23.0099 0.1821 car 0.3584083169698715
580 8.0961 0.6916 car 0.3317757844924927
580 8.5222 0.7123 car 0.3244117647409439
581 13.6355 -0.2142 car 0.8597439527511597
581 4.4742 -0.6317 car 0.8345142602920532
581 4.9003 -0.5744 car 0.8066007792949677
581 10.0136 0.3961 car 0.5558952987194061
581 17.4705 0.2142 car 0.38205482065677643
581 22.7969 0.1661 car 0.34127405285835266
581 8.0961 0.7333 car 0.31821613013744354
582 13.2094 -0.2142 car 0.8646246194839478
582 4.6872 -0.6714 car 0.6905657649040222
582 10.0136 0.4132 car 0.5838688015937805
582 22.3708 0.1821 car 0.34345777332782745
583 12.9963 -0.2142 car 0.8492173254489899
583 4.2611 -0.6714 car 0.626746654510498
583 9.5875 0.4132 car 0.6008217632770538
583 21.9447 0.2142 car 0.34208834171295166
583 21.5185 0.1821 car 0.33967192471027374
584 12.5702 -0.2466 car 0.7970185875892639
584 9.3744 0.4305 car 0.5295805186033249
585 12.3572 -0.2304 car 0.8167355060577393
585 9.1614 0.4479 car 0.5295800417661667
586 12.1441 -0.2792 car 0.8424139320850372
586 8.9483 0.4305 car 0.5362735688686371
587 11.9311 -0.2629 car 0.8571839034557343
587 8.7352 0.4654 car 0.5402220338582993
588 11.7180 -0.2629 car 0.8546788096427917
588 8.3091 0.4654 car 0.5421844571828842
588 10.8658 0.3622 car 0.31159090995788574
589 11.2919 -0.2956 car 0.8414345681667328
589 8.0961 0.4654 car 0.5296839326620102
589 10.8658 0.3961 car 0.32899972796440125
589 10.8658 0.3287 car 0.3103998899459839
590 10.8658 -0.2792 car 0.8376980423927307
590 7.8830 0.4831 car 0.5247958302497864
590 21.0924 -0.3961 car 0.3325054347515106
590 10.6527 0.3791 car 0.3134091719985008
590 11.0789 0.4132 car 0.3040950745344162
591 10.8658 -0.2629 car 0.7885554134845734
591 7.4569 0.5191 car 0.500560075044632
591 21.3055 -0.3791 car 0.34421321749687195
591 21.0924 -0.4305 car 0.3400862514972687
591 10.6527 0.3961 car 0.3169098198413849
592 10.0136 -0.3121 car 0.7951175570487976
592 16.4052 -0.1343 car 0.43847431242465973
592 10.2266 0.4305 car 0.4304473251104355
592 24.9274 -0.0394 car 0.3940277099609375
592 7.4569 0.5010 car 0.3810826241970062
593 9.8005 -0.3287 car 0.8376131951808929
593 16.1922 -0.1343 car 0.4823376536369324
593 24.7144 -0.0551 car 0.44679974019527435
593 10.0136 0.4132 car 0.4424864500761032
593 7.2439 0.4831 car 0.34928320348262787
594 9.5875 -0.3287 car 0.8813944160938263
594 15.7661 -0.1502 car 0.5384997576475143
594 24.7144 -0.0551 car 0.5279813557863235
594 10.4397 0.3961 car 0.42805835604667664
594 7.2439 0.5373 car 0.3281412646174431
594 8.0961 0.4305 car 0.31034351885318756
595 9.3744 -0.3622 car 0.9114120304584503
595 15.5530 -0.1502 car 0.5733046978712082
595 24.2883 -0.0551 car 0.5700663775205612
595 9.8005 0.3961 car 0.42805030941963196
595 7.0308 0.5191 car 0.31692664325237274
596 8.9483 -0.3287 car 0.8992471396923065
596 15.3400 -0.1502 car 0.6162159740924835
596 24.0752 -0.0551 car 0.600532591342926
596 9.5875 0.4132 car 0.4162249118089676
596 7.4569 0.4479 car 0.31707165390253067
596 6.6047 0.5373 car 0.30786921083927155
597 8.9483 -0.3287 car 0.9058966040611267
597 15.1269 -0.1343 car 0.6112716197967529
597 23.6491 -0.0394 car 0.5880956649780273
597 9.1614 0.4132 car 0.39869512617588043
597 9.5875 0.4132 car 0.39038291573524475
598 8.3091 -0.3287 car 0.9193059802055359
598 14.7008 -0.1821 car 0.6201816350221634
598 23.4360 -0.0551 car 0.5647909343242645
598 8.9483 0.4305 car 0.37203849852085114
598 7.8830 0.4831 car 0.36369550228118896
599 8.3091 -0.3454 car 0.9045257866382599
599 14.2747 -0.1661 car 0.5979130268096924
599 23.2230 -0.0236 car 0.5435231029987335
599 8.5222 0.5010 car 0.36909233033657074
599 8.0961 0.5010 car 0.3640711009502411
600 7.8830 -0.3961 car 0.8748378753662109
600 13.8486 -0.2142 car 0.8354545533657074
600 22.5838 -0.0394 car 0.584819108247757
600 8.5222 0.5010 car 0.42808985710144043
600 10.8658 0.3622 car 0.3807782232761383
601 7.6700 -0.3961 car 0.9009378254413605
601 13.6355 -0.2304 car 0.8729143440723419
601 22.3708 -0.0709 car 0.6117914021015167
601 8.5222 0.5010 car 0.4191141128540039
601 10.4397 0.3961 car 0.39390842616558075
602 7.4569 -0.4831 car 0.9333210289478302
602 13.4225 -0.2142 car 0.9148870706558228
602 21.9447 -0.0551 car 0.6716232597827911
602 10.4397 0.3961 car 0.4210394471883774
602 10.8658 0.3791 car 0.4057288318872452
602 7.4569 0.5191 car 0.3939403146505356
603 7.2439 -0.4654 car 0.96140918135643
603 13.2094 -0.1981 car 0.9407367408275604
603 21.7316 -0.0867 car 0.6975598335266113
603 10.4397 0.3961 car 0.43007102608680725
603 8.0961 0.4831 car 0.3924480676651001
604 7.0308 -0.4831 car 0.9761256873607635
604 6.6047 -0.5191 car 0.9436635673046112
604 12.9963 -0.2142 car 0.9352794289588928
604 21.3055 -0.0551 car 0.7409020662307739
604 10.2266 0.4132 car 0.44508783519268036
604 8.3091 0.4654 car 0.36699309945106506
605 6.8178 -0.5010 car 0.9568174481391907
605 12.9963 -0.2142 car 0.9109725058078766
605 21.0924 -0.0551 car 0.7586547434329987
605 10.0136 0.3961 car 0.44058267772197723
605 7.2439 0.4831 car 0.34890420734882355
606 6.6047 -0.4654 car 0.9638042151927948
606 6.1786 -0.5373 car 0.9528238773345947
606 12.3572 -0.2304 car 0.8429723978042603
606 20.6663 -0.0236 car 0.748621791601181
606 9.8005 0.4132 car 0.4219249039888382
606 7.0308 0.4831 car 0.32066255807876587
607 6.1786 -0.5010 car 0.9397884607315063
607 12.1441 -0.2142 car 0.8035114407539368
607 20.4533 -0.0551 car 0.7306680381298065
607 9.8005 0.3961 car 0.41197049617767334
608 5.7525 -0.5932 car 1.0
608 6.1786 -0.6124 car 1.0
608 11.7180 -0.2629 car 0.8502749502658844
608 19.8141 -0.0867 car 0.7443045377731323
608 10.0136 0.3961 car 0.37670183181762695
609 5.9655 -0.6514 car 1.0
609 5.9655 -0.5744 car 1.0
609 11.5050 -0.2629 car 0.8717057108879089
609 19.8141 -0.0867 car 0.7895154058933258
609 9.5875 0.4132 car 0.3753126412630081
610 5.3264 -0.6124 car 1.0
610 11.0789 -0.2792 car 0.8611461818218231
610 19.1749 -0.1025 car 0.8342494070529938
610 9.8005 0.3961 car 0.3745149075984955
611 5.3264 -0.6317 car 1.0
611 5.9655 -0.6514 car 0.9598419070243835
611 18.9619 -0.0867 car 0.8548327684402466
611 10.6527 -0.2792 car 0.8531169593334198
611 9.5875 0.4132 car 0.3563999533653259
612 5.3264 -0.6317 car 0.9415432512760162
612 18.5358 -0.1343 car 0.8559287786483765
612 10.2266 -0.2792 car 0.7904368340969086
612 9.3744 0.3961 car 0.3522992432117462
612 8.9483 0.4132 car 0.34783150255680084
613 5.1133 -0.6714 car 0.8888165950775146
613 18.3227 -0.1025 car 0.8833801746368408
613 10.0136 -0.2956 car 0.7764733135700226
613 8.9483 0.4132 car 0.3437628448009491
614 18.1097 -0.1343 car 0.876562774181366
614 4.9003 -0.6916 car 0.8353637754917145
614 9.5875 -0.3121 car 0.7361342906951904
614 8.5222 0.4305 car 0.3292652368545532
614 8.0961 0.4305 car 0.3165917247533798
615 17.6836 -0.1343 car 0.8662669658660889
615 4.9003 -0.6514 car 0.7803184390068054
615 9.1614 -0.3287 car 0.6971355974674225
615 8.5222 0.4479 car 0.3183435797691345
616 17.2574 -0.1502 car 0.8880296349525452
616 8.7352 -0.3791 car 0.7594105303287506
616 7.8830 0.5191 car 0.6418188363313675
616 5.5394 -0.6124 car 0.5112741440534592
616 6.3916 -0.5191 car 0.5043199956417084
616 11.7180 0.2956 car 0.4322851151227951
617 17.0444 -0.1343 car 0.9290998578071594
617 8.5222 -0.3622 car 0.7853235602378845
617 7.6700 0.5010 car 0.634084478020668
617 5.7525 -0.6514 car 0.4979006201028824
617 5.7525 -0.5744 car 0.4905806928873062
617 11.5050 0.3287 car 0.44933652877807617
618 16.8313 -0.1502 car 0.9570469558238983
618 8.3091 -0.3961 car 0.7866970300674438
618 7.4569 0.5191 car 0.5958644598722458
618 11.0789 0.2956 car 0.48298242688179016
619 16.4052 -0.1821 car 0.9921745955944061
619 8.0961 -0.4132 car 0.8012832999229431
619 7.2439 0.5557 car 0.583918496966362
619 10.8658 0.3121 car 0.4968024790287018
620 15.9791 -0.1821 car 0.9934991002082825
620 7.6700 -0.4132 car 0.7872299551963806
620 10.6527 0.3121 car 0.5186259895563126
620 7.2439 0.5191 car 0.5146675407886505
621 15.7661 -0.1661 car 0.9819794297218323
621 7.4569 -0.4654 car 0.7859787046909332
621 10.2266 0.3454 car 0.5200331956148148
621 7.2439 0.5010 car 0.48743584752082825
621 24.5013 -0.0551 car 0.3108496144413948
622 15.5530 -0.1502 car 0.9646846055984497
622 7.0308 -0.4654 car 0.7867882251739502
622 7.4569 -0.4654 car 0.7681780755519867
622 9.5875 0.3622 car 0.5395587980747223
622 7.8830 0.4831 car 0.45135338604450226
622 24.2883 -0.0236 car 0.35423628985881805
623 15.1269 -0.1821 car 0.9140616953372955
623 6.6047 -0.5010 car 0.779176652431488
623 9.1614 0.4132 car 0.5542322248220444
623 7.2439 0.5557 car 0.43478988111019135
623 24.0752 -0.0394 car 0.35995638370513916
624 6.1786 -0.5373 car 0.9798473715782166
624 14.7008 -0.1981 car 0.8426269590854645
624 8.7352 0.4479 car 0.6644508838653564
624 23.8621 -0.0551 car 0.32971733808517456
625 6.3916 -0.5373 car 1.0
625 14.7008 -0.2142 car 0.8617453575134277
625 8.5222 0.4479 car 0.719187468290329
625 23.4360 -0.0867 car 0.3471854329109192
626 6.1786 -0.5373 car 1.0
626 14.2747 -0.2142 car 0.8751403093338013
626 8.5222 0.4305 car 0.7522525191307068
626 23.0099 -0.1025 car 0.37301041185855865
627 5.9655 -0.5744 car 1.0
627 13.8486 -0.2142 car 0.8810737431049347
627 8.0961 0.4479 car 0.7918872237205505
627 22.5838 -0.0709 car 0.39464154839515686
628 5.5394 -0.6124 car 0.9635171592235565
628 8.0961 0.4479 car 0.8402509093284607
628 13.6355 -0.2142 car 0.8241051435470581
628 22.3708 -0.1025 car 0.4234512448310852
629 5.3264 -0.5557 car 0.9427599906921387
629 5.7525 -0.5557 car 0.9275107383728027
629 8.0961 0.4831 car 0.8685758411884308
629 13.2094 -0.2304 car 0.8161707818508148
629 21.7316 -0.0867 car 0.45903678238391876
630 7.8830 0.5010 car 0.8871950805187225
630 5.3264 -0.6124 car 0.8561996519565582
630 12.9963 -0.2142 car 0.8077262043952942
630 21.5185 -0.1025 car 0.5081981867551804
631 7.8830 0.4831 car 0.8488397300243378
631 5.3264 -0.5932 car 0.8050958812236786
631 12.5702 -0.2629 car 0.7962730228900909
631 21.0924 -0.1025 car 0.5235041826963425
632 12.1441 -0.2466 car 0.8703329563140869
632 20.6663 -0.1184 car 0.6815873682498932
632 5.3264 -0.6714 car 0.6177203059196472
632 7.4569 0.4831 car 0.5794378072023392
633 11.9311 -0.2629 car 0.9037396013736725
633 20.4533 -0.1343 car 0.734526664018631
633 5.1133 -0.6124 car 0.592372328042984
633 7.4569 0.4831 car 0.5463593453168869
634 11.7180 -0.2792 car 0.9033351838588715
634 20.0272 -0.1343 car 0.7813248038291931
634 5.1133 -0.6317 car 0.47917403280735016
634 7.8830 0.4831 car 0.4783168137073517
635 11.2919 -0.2792 car 0.8971829414367676
635 19.8141 -0.1025 car 0.8026319146156311
635 8.0961 0.5010 car 0.46355757117271423
635 8.0961 0.4479 car 0.45635703206062317
635 5.1133 -0.6916 car 0.43715664744377136
636 10.8658 -0.2466 car 0.852220207452774
636 19.3880 -0.1343 car 0.8370936214923859
636 8.3091 0.4831 car 0.4689987599849701
636 5.3264 -0.6514 car 0.3166240453720093
636 4.4742 -0.6916 car 0.3092584162950516
637 18.9619 -0.1502 car 0.8511300086975098
637 10.6527 -0.2956 car 0.8296753764152527
637 8.7352 0.4654 car 0.4844728261232376
638 18.9619 -0.1502 car 0.8671949803829193
638 10.4397 -0.2792 car 0.819929301738739
638 8.7352 0.4831 car 0.48798535764217377
639 18.5358 -0.1821 car 0.8421581089496613
639 10.2266 -0.2956 car 0.785571426153183
639 8.3091 0.4831 car 0.48173803091049194
640 9.5875 -0.3287 car 0.8548516631126404
640 18.1097 -0.1502 car 0.845549613237381
640 8.0961 0.4654 car 0.5533928126096725
641 9.3744 -0.3961 car 0.8867310881614685
641 17.8966 -0.1661 car 0.8864152729511261
641 8.3091 0.4831 car 0.5519986897706985
642 9.1614 -0.3454 car 0.9025083482265472
642 17.2574 -0.1502 car 0.8971784114837646
642 8.0961 0.4305 car 0.5290779769420624
643 17.2574 -0.2142 car 0.9199362099170685
643 8.9483 -0.3622 car 0.915724366903305
643 8.0961 0.4479 car 0.5144618451595306
644 16.8313 -0.1821 car 0.9539673030376434
644 8.3091 -0.3791 car 0.9450171589851379
644 8.3091 0.4654 car 0.5118855535984039
644 10.8658 0.3622 car 0.33684955537319183
645 16.4052 -0.2142 car 0.977412611246109
645 8.0961 -0.3961 car 0.9562850892543793
645 8.0961 0.4831 car 0.495641753077507
646 15.9791 -0.2142 car 0.9927459359169006
646 7.8830 -0.3961 car 0.9748333096504211
646 8.5222 0.4305 car 0.4782749265432358
646 8.7352 0.4831 car 0.4708804190158844
647 15.9791 -0.2142 car 0.9624136984348297
647 7.6700 -0.3622 car 0.947527289390564
647 8.9483 0.4132 car 0.4663551598787308
648 7.0308 -0.4654 car 1.0
648 6.6047 -0.4479 car 1.0
648 15.5530 -0.1981 car 0.949041336774826
648 9.1614 0.4305 car 0.5049324184656143
649 6.8178 -0.5010 car 1.0
649 15.1269 -0.1981 car 1.0
649 8.7352 0.4654 car 0.5020014494657516
649 8.7352 0.3961 car 0.4953054040670395
650 6.6047 -0.4831 car 1.0
650 14.7008 -0.2142 car 1.0
650 9.3744 0.4132 car 0.48561544716358185
650 8.0961 0.4654 car 0.4561101198196411
651 6.3916 -0.4654 car 1.0
651 6.8178 -0.5010 car 1.0
651 14.4877 -0.2304 car 1.0
651 9.1614 0.4132 car 0.4846183806657791
651 8.0961 0.4831 car 0.4582289606332779
652 6.1786 -0.5373 car 1.0
652 5.7525 -0.5191 car 1.0
652 14.2747 -0.2466 car 1.0
652 9.3744 0.4132 car 0.4834921360015869
652 8.3091 0.4654 car 0.4711367189884186
653 5.9655 -0.5010 car 1.0
653 14.0616 -0.2304 car 1.0
653 9.1614 0.4132 car 0.4802663028240204
654 13.4225 -0.2792 car 1.0
654 5.7525 -0.5373 car 0.9865126609802246
654 8.5222 0.4654 car 0.4700617641210556
654 9.3744 0.3961 car 0.46477779746055603
655 13.6355 -0.2304 car 0.9924807846546173
655 5.3264 -0.5557 car 0.9435615539550781
655 8.7352 0.4654 car 0.4654207080602646
655 10.2266 0.3622 car 0.41470177471637726
656 12.5702 -0.2466 car 0.923686146736145
656 12.5702 -0.3121 car 0.9157974123954773
656 5.3264 -0.5932 car 0.8225308358669281
656 10.4397 0.3454 car 0.43660472333431244
657 12.7833 -0.2629 car 0.9579107463359833
657 5.3264 -0.5932 car 0.7997564971446991
657 10.4397 0.3287 car 0.43164709210395813
657 9.5875 0.3791 car 0.4085787385702133
658 12.1441 -0.2792 car 0.9511791467666626
658 5.3264 -0.5932 car 0.7488705813884735
658 10.4397 0.3287 car 0.40429943799972534
658 7.8830 0.5191 car 0.3551996499300003
659 11.9311 -0.2956 car 0.9279337227344513
659 5.3264 -0.5932 car 0.7123264968395233
659 10.8658 0.3454 car 0.3948979079723358
659 8.0961 0.4831 car 0.3614449203014374
660 11.7180 -0.3121 car 0.8757217526435852
660 5.3264 -0.6317 car 0.6022236049175262
660 5.9655 -0.5744 car 0.5565973520278931
660 10.8658 0.3622 car 0.39641745388507843
660 7.4569 0.5010 car 0.36004069447517395
661 11.2919 -0.2956 car 0.8587367236614227
661 5.1133 -0.6916 car 0.5507539212703705
661 10.8658 0.3287 car 0.38785095512866974
661 7.2439 0.5010 car 0.3546306937932968
662 10.8658 -0.3454 car 0.8408983647823334
662 5.3264 -0.6124 car 0.4374467432498932
662 11.0789 0.3121 car 0.3747086822986603
662 7.0308 0.4831 car 0.3445231318473816
663 10.8658 -0.3287 car 0.8069728016853333
663 4.9003 -0.6514 car 0.3942394107580185
663 5.3264 -0.5932 car 0.38178372383117676
663 11.0789 0.3454 car 0.369670569896698
663 7.0308 0.5373 car 0.32992419600486755
664 10.2266 -0.3622 car 0.8242349624633789
664 24.2883 -0.1025 car 0.6604110896587372
664 11.0789 0.3622 car 0.349553182721138
665 10.2266 -0.3622 car 0.8681794703006744
665 24.2883 -0.1343 car 0.7489015758037567
665 10.6527 0.3622 car 0.35530276596546173
665 11.0789 0.3791 car 0.34383293986320496
666 9.8005 -0.3961 car 0.9002889096736908
666 24.0752 -0.1343 car 0.8473785221576691
666 10.4397 0.3622 car 0.36353540420532227
667 9.3744 -0.3622 car 0.9077426791191101
667 23.8621 -0.1343 car 0.8706155717372894
667 10.0136 0.3791 car 0.3774382025003433
668 23.2230 -0.1502 car 0.876531332731247
668 9.1614 -0.3791 car 0.8735990822315216
668 10.0136 0.3622 car 0.38227659463882446
668 9.3744 0.3961 car 0.36881624162197113
669 8.7352 -0.4132 car 0.8629907667636871
669 23.2230 -0.1502 car 0.8461210131645203
669 9.5875 0.3961 car 0.3802988529205322
669 9.1614 0.4132 car 0.3608928471803665
670 22.7969 -0.1502 car 0.8091622591018677
670 8.3091 -0.4305 car 0.8086302280426025
670 9.3744 0.3961 car 0.369177982211113
671 22.3708 -0.1502 car 0.7904281616210938
671 8.3091 -0.4305 car 0.780727207660675
671 9.5875 0.3961 car 0.3710577189922333
672 7.4569 -0.5191 car 0.8916213810443878
672 21.3055 -0.1502 car 0.6996021866798401
672 8.9483 0.4654 car 0.4781366139650345
673 7.6700 -0.5373 car 0.9132201373577118
673 21.0924 -0.1661 car 0.7226698696613312
673 9.1614 0.4479 car 0.49405840039253235
674 7.0308 -0.5373 car 0.9346425831317902
674 20.6663 -0.1502 car 0.740580677986145
674 9.1614 0.4479 car 0.5204051584005356
675 7.0308 -0.5557 car 0.9345644414424896
675 20.6663 -0.1502 car 0.6999501287937164
675 9.1614 0.4831 car 0.5430468916893005
676 6.6047 -0.5932 car 0.8797067403793335
676 19.8141 -0.1343 car 0.6485307812690735
676 8.7352 0.4831 car 0.5789379179477692
677 6.1786 -0.5557 car 0.8438684046268463
677 19.8141 -0.1821 car 0.6084339618682861
677 8.7352 0.5010 car 0.5999979674816132
677 24.0752 -0.1343 car 0.34488190710544586
678 6.1786 -0.5557 car 0.7986869812011719
678 8.7352 0.4654 car 0.5883133411407471
678 18.9619 -0.1502 car 0.5651787519454956
678 24.5013 -0.1502 car 0.4782876968383789
679 5.9655 -0.5557 car 0.7504262924194336
679 5.3264 -0.5557 car 0.7282107472419739
679 8.7352 0.4654 car 0.5640557706356049
679 18.9619 -0.1502 car 0.5499846935272217
679 24.0752 -0.1502 car 0.5331721603870392
680 5.3264 -0.6514 car 0.5756948590278625
680 17.8966 -0.1502 car 0.53053118288517
680 9.3744 0.4305 car 0.46305716037750244
680 24.0752 -0.1661 car 0.4538688585162163
681 17.4705 -0.1502 car 0.5550245195627213
681 5.1133 -0.6916 car 0.5489852428436279
681 24.0752 -0.1502 car 0.47788192331790924
681 8.9483 0.4479 car 0.4593123197555542
682 17.2574 -0.1502 car 0.5832136273384094
682 23.4360 -0.1502 car 0.503447026014328
682 5.1133 -0.6714 car 0.47139398753643036
682 9.3744 0.4479 car 0.4501323997974396
683 16.8313 -0.1661 car 0.5751930177211761
683 23.4360 -0.1821 car 0.5249779224395752
683 8.9483 0.4654 car 0.455322802066803
683 4.6872 -0.7333 car 0.43430158495903015
684 16.4052 -0.1502 car 0.5664146840572357
684 23.0099 -0.1981 car 0.5579971820116043
684 9.3744 0.4479 car 0.45714013278484344
684 4.2611 -0.7123 car 0.3311835676431656
685 22.5838 -0.1981 car 0.5702501982450485
685 15.9791 -0.1343 car 0.5472160279750824
685 9.1614 0.4305 car 0.4508971720933914
686 21.9447 -0.1981 car 0.5650889575481415
686 15.5530 -0.1502 car 0.5397806614637375
686 9.3744 0.4479 car 0.4419183284044266
686 8.9483 0.4305 car 0.43718425929546356
687 21.9447 -0.1981 car 0.5485824197530746
687 15.1269 -0.1661 car 0.5226710736751556
687 9.1614 0.4479 car 0.4323616474866867
688 14.0616 -0.2304 car 0.5696292221546173
688 9.5875 0.4305 car 0.5304374247789383
688 5.9655 -0.0867 car 0.36267857253551483
688 5.5394 -0.0709 car 0.36062029004096985
689 13.8486 -0.2304 car 0.6172780394554138
689 9.5875 0.4305 car 0.5392241925001144
689 5.7525 -0.0551 car 0.37102364003658295
690 13.6355 -0.2629 car 0.668752908706665
690 9.8005 0.4132 car 0.5488408356904984
690 5.7525 -0.0551 car 0.3599529415369034
691 12.9963 -0.2629 car 0.6829566359519958
691 9.5875 0.4305 car 0.5432981103658676
691 5.9655 -0.0236 car 0.34532372653484344
692 12.9963 -0.2629 car 0.6943430006504059
692 9.3744 0.4479 car 0.5413737297058105
692 5.9655 -0.0551 car 0.3136543780565262
693 12.5702 -0.2304 car 0.6792157888412476
693 9.5875 0.3961 car 0.5287544131278992
693 6.1786 -0.0551 car 0.30632656067609787
694 12.1441 -0.2792 car 0.6814030408859253
694 9.3744 0.4479 car 0.4974498003721237
695 11.7180 -0.2956 car 0.6647336483001709
695 9.5875 0.4132 car 0.47802698612213135
696 10.8658 -0.3622 car 0.516304224729538
696 9.3744 0.4831 car 0.5065097212791443
696 6.1786 -0.1025 car 0.3775191605091095
697 10.4397 -0.3454 car 0.54869344830513
697 9.5875 0.4305 car 0.5103563517332077
697 6.1786 -0.0709 car 0.3821644186973572
698 10.2266 -0.3791 car 0.6234183311462402
698 9.1614 0.4654 car 0.5141625851392746
698 6.1786 -0.1025 car 0.36378802359104156
699 10.0136 -0.3622 car 0.6352808475494385
699 8.9483 0.5010 car 0.5314700603485107
699 5.5394 -0.0709 car 0.3425644189119339
700 9.5875 -0.3454 car 0.6580348610877991
700 8.5222 0.5010 car 0.5374872088432312
700 5.5394 -0.1025 car 0.30845119059085846
701 9.1614 -0.3622 car 0.6539880633354187
701 8.7352 0.5010 car 0.5418054759502411
702 8.7352 -0.4132 car 0.6564666330814362
702 8.5222 0.5010 car 0.5242553949356079
702 11.0789 0.3791 car 0.32208944857120514
703 8.7352 -0.4132 car 0.6515767276287079
703 8.3091 0.5557 car 0.5065186768770218
703 10.4397 0.3961 car 0.34806588292121887
704 7.2439 -0.3791 car 0.614374577999115
704 7.6700 0.5191 car 0.43321678042411804
704 20.6663 0.1981 car 0.3656190559267998
704 15.3400 0.1981 car 0.35006798058748245
704 10.8658 0.3622 car 0.3407363295555115
705 7.0308 -0.3791 car 0.6857429146766663
705 7.4569 0.5557 car 0.42386145889759064
705 7.8830 0.5373 car 0.4104601889848709
705 20.6663 0.1821 car 0.3925299346446991
705 15.3400 0.2304 car 0.36462779343128204
705 10.6527 0.3791 car 0.36434306204319
706 6.6047 -0.3961 car 0.7876051962375641
706 20.2402 0.1981 car 0.42668188363313675
706 10.4397 0.3961 car 0.40821194648742676
706 7.4569 0.5191 car 0.3813517242670059
706 14.7008 0.2466 car 0.3641149252653122
707 6.3916 -0.4132 car 0.8317226469516754
707 20.0272 0.1821 car 0.4388815388083458
707 10.4397 0.3961 car 0.4105983376502991
707 9.8005 0.4479 car 0.40769578516483307
707 14.7008 0.2466 car 0.3727862760424614
707 7.2439 0.5557 car 0.36220183968544006
707 7.6700 0.6514 car 0.3304831385612488
708 6.1786 -0.4132 car 0.8864214718341827
708 9.3744 0.4479 car 0.45193880796432495
708 10.2266 0.4132 car 0.4441588521003723
708 19.6010 0.1981 car 0.4379274472594261
708 13.8486 0.2792 car 0.39700768887996674
709 6.1786 -0.4132 car 0.8939035832881927
709 9.1614 0.4654 car 0.45509256422519684
709 19.1749 0.1821 car 0.44185537099838257
709 13.8486 0.2629 car 0.39193617552518845
709 6.3916 0.4479 car 0.30250924825668335
710 5.7525 -0.4831 car 0.8793428540229797
710 18.7488 0.1981 car 0.4596601575613022
710 9.3744 0.4479 car 0.45661552250385284
710 13.2094 0.2792 car 0.37883780151605606
711 5.7525 -0.4654 car 0.8550034761428833
711 5.3264 -0.4831 car 0.8516343533992767
711 18.5358 0.2142 car 0.4604550302028656
711 8.9483 0.5010 car 0.4411139190196991
711 12.9963 0.2792 car 0.36897893249988556
712 5.3264 -0.5191 car 0.7439819872379303
712 17.6836 0.1821 car 0.6632936745882034
712 17.8966 0.2304 car 0.6582785695791245
712 12.9963 0.2792 car 0.5278798937797546
712 11.0789 0.3454 car 0.48938119411468506
712 9.5875 0.4305 car 0.451996311545372
712 11.7180 -0.2304 car 0.3132009655237198
713 5.1133 -0.5373 car 0.7460390329360962
713 17.6836 0.1981 car 0.6871167719364166
713 12.1441 0.2629 car 0.5234870463609695
713 12.9963 0.2629 car 0.5110740959644318
713 8.7352 0.4654 car 0.4757993519306183
713 11.5050 -0.2304 car 0.3263075351715088
714 5.1133 -0.5191 car 0.7580631971359253
714 17.2574 0.2304 car 0.6800304502248764
714 11.2919 0.3287 car 0.5074910521507263
714 8.5222 0.5191 car 0.47060494124889374
714 9.3744 0.4479 car 0.42721128463745117
714 10.6527 -0.2629 car 0.329598993062973
715 5.1133 -0.5744 car 0.751935750246048
715 16.8313 0.1981 car 0.6626619696617126
715 11.0789 0.3287 car 0.5247912555932999
715 8.0961 0.5010 car 0.4657926559448242
715 10.4397 -0.2792 car 0.32875044643878937
716 4.9003 -0.6124 car 0.6925665438175201
716 16.4052 0.1661 car 0.6275773793458939
716 11.0789 0.3287 car 0.5352578014135361
716 7.8830 0.5191 car 0.465914323925972
716 10.2266 -0.2792 car 0.3174266070127487
717 4.6872 -0.5932 car 0.6602604389190674
717 15.9791 0.2304 car 0.6330090761184692
717 10.8658 0.3287 car 0.5254884213209152
717 7.8830 0.5373 car 0.43080759048461914
717 9.1614 0.4305 car 0.39372776448726654
718 15.5530 0.2304 car 0.6453765332698822
718 4.6872 -0.6317 car 0.5908909887075424
718 10.6527 0.3454 car 0.48262593150138855
718 7.8830 0.4831 car 0.4024541527032852
718 8.5222 0.4479 car 0.3770141899585724
719 15.5530 0.2304 car 0.6452851444482803
719 4.9003 -0.6514 car 0.5563588738441467
719 10.6527 0.3622 car 0.45778271555900574
719 7.4569 0.5191 car 0.38265275955200195
720 15.1269 0.1981 car 0.5996958315372467
720 10.0136 0.3791 car 0.5818002820014954
720 5.3264 -0.6714 car 0.48894740641117096
720 5.9655 -0.5557 car 0.48369522392749786
721 14.9138 0.2142 car 0.6131402105093002
721 9.5875 0.3791 car 0.5930995941162109
721 9.1614 0.4132 car 0.5730740129947662
721 5.5394 -0.6317 car 0.5103790462017059
721 5.1133 -0.6916 car 0.5045573860406876
722 14.4877 0.1981 car 0.6007028222084045
722 9.3744 0.4132 car 0.5630888938903809
722 5.7525 -0.5373 car 0.5518875569105148
722 5.7525 -0.6916 car 0.5450287163257599
723 13.8486 0.2304 car 0.5961935222148895
723 5.7525 -0.5932 car 0.5656366050243378
723 5.3264 -0.6714 car 0.5589146465063095
723 9.1614 0.4132 car 0.5546120405197144
723 4.4742 -1.0968 car 0.37571629881858826
724 5.9655 -0.5557 car 0.5775276571512222
724 13.6355 0.2304 car 0.5664755403995514
724 5.5394 -0.5557 car 0.5646920949220657
724 8.5222 0.4305 car 0.5399330705404282
724 11.7180 0.3287 car 0.32886189222335815
725 5.3264 -0.5932 car 0.5651492327451706
725 13.2094 0.2142 car 0.557043120265007
725 8.7352 0.4654 car 0.5374148339033127
725 9.5875 0.3961 car 0.49587634205818176
726 12.5702 0.2304 car 0.5899387747049332
726 5.3264 -0.6124 car 0.5509866178035736
726 5.3264 -0.6714 car 0.5445000976324081
726 8.5222 0.4305 car 0.4924330562353134
727 12.1441 0.2629 car 0.5884864330291748
727 5.3264 -0.5932 car 0.5432441383600235
727 8.0961 0.5010 car 0.4576181322336197
727 8.7352 0.4654 car 0.45020656287670135
728 5.3264 -0.5191 car 0.646650642156601
728 7.8830 0.5191 car 0.4841339588165283
728 12.1441 0.2629 car 0.4173060655593872
729 5.3264 -0.5191 car 0.6633622050285339
729 8.0961 0.5010 car 0.4818684458732605
729 11.7180 0.2956 car 0.4305712431669235
730 5.3264 -0.5191 car 0.6701856851577759
730 11.5050 0.2956 car 0.4489172697067261
730 7.8830 0.5191 car 0.4421066343784332
730 7.4569 0.5191 car 0.4385655075311661
731 5.3264 -0.5557 car 0.650132030248642
731 11.0789 0.2956 car 0.44483476877212524
731 7.8830 0.5010 car 0.4111212193965912
731 4.4742 -1.0968 car 0.3453627973794937
732 5.1133 -0.5557 car 0.5647595524787903
732 10.2266 0.3622 car 0.44642214477062225
732 10.8658 0.3287 car 0.4322310984134674
733 4.9003 -0.5373 car 0.5054519027471542
733 9.5875 0.3622 car 0.4811420291662216
734 9.1614 0.3622 car 0.5167928636074066
734 5.1133 -0.5010 car 0.3804022967815399
734 4.6872 -0.6317 car 0.3733016401529312
735 8.7352 0.3961 car 0.5278830230236053
735 4.9003 -0.5557 car 0.33057139813899994
735 4.4742 -0.5010 car 0.32175397127866745
735 5.5394 -0.6514 car 0.30551016330718994
736 8.7352 0.3961 car 0.6596658229827881
737 8.5222 0.3791 car 0.6786013841629028
738 8.0961 0.4305 car 0.7049366533756256
739 8.0961 0.4305 car 0.7166404128074646
740 7.8830 0.4305 car 0.7482574880123138
741 7.4569 0.4132 car 0.7350427210330963
741 7.8830 0.4132 car 0.7212310433387756
742 7.4569 0.4305 car 0.7331332564353943
743 7.0308 0.4305 car 0.6745225191116333
744 7.0308 0.5010 car 0.5994808971881866
745 7.0308 0.5010 car 0.5812762677669525
745 5.9655 0.0709 car 0.3060571923851967
746 7.0308 0.4654 car 0.5330347865819931
746 8.5222 0.4305 car 0.48343490064144135
746 5.9655 0.0551 car 0.31847435235977173
746 5.9655 0.0079 car 0.313900426030159
747 7.4569 0.4831 car 0.5273356735706329
747 6.3916 0.1661 car 0.3249298334121704
747 5.5394 0.0551 car 0.31556200236082077
748 7.4569 0.4479 car 0.5378186702728271
748 8.5222 0.4305 car 0.5111202597618103
748 5.9655 0.0867 car 0.3088811859488487
749 7.4569 0.4654 car 0.5421994626522064
750 7.6700 0.4831 car 0.5116052329540253
751 7.8830 0.4654 car 0.48804496228694916
752 7.4569 0.4831 car 0.4260021448135376
752 5.5394 -0.0079 car 0.30131183564662933
753 7.4569 0.4831 car 0.39466117322444916
753 5.5394 -0.0709 car 0.3034289926290512
754 7.4569 0.5191 car 0.32344964146614075
754 7.2439 0.3961 car 0.30900195240974426
755 8.0961 0.4831 car 0.30662302672863007
756 8.7352 0.4132 car 0.3197502940893173
757 8.3091 0.3961 car 0.33254821598529816
758 8.5222 0.3961 car 0.34784840047359467
759 8.3091 0.4132 car 0.3527555465698242
759 21.9447 0.1343 car 0.3019692301750183
760 8.3091 0.4305 car 0.5317213833332062
760 21.3055 0.1661 car 0.44271697103977203
761 7.8830 0.4132 car 0.5289375633001328
761 21.0924 0.1502 car 0.45809970796108246
762 8.0961 0.4305 car 0.5209873020648956
762 20.8794 0.1661 car 0.4733280837535858
763 8.0961 0.4479 car 0.49792616069316864
763 20.6663 0.1661 car 0.4832852929830551
764 8.5222 0.4305 car 0.488339826464653
764 20.2402 0.1502 car 0.4298219382762909
765 8.7352 0.3961 car 0.47673608362674713
765 19.8141 0.1661 car 0.4075661897659302
766 8.7352 0.4132 car 0.46162624657154083
766 9.3744 0.3961 car 0.44469237327575684
766 19.6010 0.1502 car 0.3582971692085266
767 8.7352 0.3961 car 0.4584316462278366
767 9.1614 0.4132 car 0.44909293949604034
767 19.1749 0.1343 car 0.3307567536830902
768 9.1614 0.3961 car 0.5210905820131302
768 18.5358 0.1502 car 0.387151375412941
769 9.1614 0.4132 car 0.5202783942222595
769 18.3227 0.1661 car 0.4030827581882477
770 9.3744 0.4132 car 0.4768289625644684
770 8.9483 0.3961 car 0.4662988632917404
770 17.8966 0.1502 car 0.40247952193021774
771 8.9483 0.4305 car 0.4524165391921997
771 17.4705 0.1821 car 0.3945561945438385
772 8.3091 0.4654 car 0.447674885392189
772 9.1614 0.3961 car 0.4265393018722534
772 16.8313 0.1661 car 0.3648759201169014
773 8.3091 0.5010 car 0.44552306830883026
773 16.6183 0.1502 car 0.36351802945137024
774 7.8830 0.5010 car 0.4605901539325714
774 16.4052 0.1981 car 0.3862745314836502
775 7.6700 0.5010 car 0.4578758180141449
775 15.7661 0.1981 car 0.3959403857588768
775 9.5875 0.4132 car 0.3904450237751007
776 10.0136 0.3791 car 0.6048106998205185
776 15.3400 0.1981 car 0.5529245734214783
776 8.3091 0.4305 car 0.5145501047372818
777 10.0136 0.3454 car 0.6163367480039597
777 15.1269 0.1981 car 0.5734996199607849
778 14.7008 0.1981 car 0.6168767809867859
778 9.5875 0.3791 car 0.6076857149600983
778 7.8830 0.5191 car 0.48590187728405
779 14.4877 0.2304 car 0.6198920607566833
779 9.5875 0.3622 car 0.6013464480638504
780 14.0616 0.2304 car 0.6222165524959564
780 9.3744 0.3791 car 0.5778425335884094
781 13.8486 0.2304 car 0.6237663328647614
781 9.1614 0.3961 car 0.5744307935237885
782 13.2094 0.2304 car 0.5951284170150757
782 8.5222 0.4305 car 0.5683629363775253
782 7.8830 0.4831 car 0.5580195486545563
783 13.2094 0.2629 car 0.5843061208724976
783 8.3091 0.4831 car 0.5603288114070892
784 7.8830 0.5191 car 0.6975323557853699
784 12.5702 0.2629 car 0.5990940928459167
785 7.6700 0.5010 car 0.6946719288825989
785 11.9311 0.2792 car 0.6124706268310547
785 10.0136 0.3287 car 0.30861233174800873
786 11.9311 0.2956 car 0.6501155495643616
786 7.4569 0.5191 car 0.6101813465356827
787 11.2919 0.2792 car 0.6733547151088715
787 7.2439 0.5010 car 0.564718708395958
787 7.2439 0.4132 car 0.5442629903554916
788 10.8658 0.3121 car 0.7174690961837769
788 7.2439 0.4654 car 0.4624694287776947
789 10.4397 0.3622 car 0.7409341633319855
789 6.8178 0.4654 car 0.4173230826854706
789 7.2439 0.5010 car 0.40829184651374817
790 10.0136 0.3454 car 0.7731502950191498
790 6.8178 0.4654 car 0.3428658992052078
791 10.0136 0.3454 car 0.7700788676738739
792 9.5875 0.3791 car 0.745907723903656
793 9.3744 0.3791 car 0.7529473602771759
794 9.1614 0.3791 car 0.7556007206439972
795 8.9483 0.4132 car 0.7572289407253265
795 14.7008 0.2142 car 0.3079722970724106
796 8.3091 0.4654 car 0.8051299154758453
796 14.2747 0.2304 car 0.3293974846601486
797 8.0961 0.4479 car 0.8397697508335114
797 13.8486 0.2304 car 0.3346182852983475
798 7.4569 0.4305 car 0.9036962985992432
798 13.8486 0.2304 car 0.334539532661438
798 17.4705 -0.2629 car 0.30754147469997406
799 7.4569 0.4479 car 0.8962347507476807
799 13.8486 0.2304 car 0.3149005323648453
799 17.2574 -0.2792 car 0.31124475598335266
800 7.4569 0.4479 car 0.7534748017787933
800 15.9791 -0.2956 car 0.43685492873191833
801 7.2439 0.4831 car 0.7397872507572174
801 15.5530 -0.2956 car 0.4711868166923523
802 7.0308 0.5010 car 0.694351315498352
802 14.9138 -0.3287 car 0.4870510548353195
803 7.2439 0.5010 car 0.6541512310504913
803 14.4877 -0.3287 car 0.5201532989740372
803 9.8005 0.3622 car 0.4465752840042114
804 13.8486 -0.3454 car 0.6022698283195496
804 7.4569 0.4479 car 0.5519899129867554
804 8.5222 0.4132 car 0.5132442712783813
805 13.6355 -0.3454 car 0.637199729681015
805 9.1614 0.4132 car 0.524350643157959
805 8.0961 0.4654 car 0.5120608508586884
806 13.2094 -0.3454 car 0.6828625202178955
806 9.3744 0.4132 car 0.5240499973297119
807 12.9963 -0.3454 car 0.6920886635780334
807 9.1614 0.4132 car 0.5220806896686554
807 8.3091 0.4132 car 0.5004593431949615
808 11.7180 -0.3961 car 0.6079244911670685
808 8.5222 0.4305 car 0.4483325928449631
809 11.2919 -0.4132 car 0.6248573362827301
809 8.5222 0.4479 car 0.44493623077869415
810 10.6527 -0.3961 car 0.6248045861721039
810 10.6527 -0.4654 car 0.6087728142738342
810 8.5222 0.4305 car 0.4289911240339279
811 10.4397 -0.4132 car 0.6366668045520782
811 8.0961 0.4831 car 0.41489821672439575
812 9.8005 -0.4831 car 0.6277109682559967
812 8.0961 0.4654 car 0.37475329637527466
813 9.5875 -0.4831 car 0.6558529138565063
813 7.4569 0.4654 car 0.3656381666660309
814 8.7352 -0.5373 car 0.6916829943656921
814 7.0308 0.4831 car 0.3529941141605377
815 8.7352 -0.5557 car 0.6955317854881287
815 8.3091 -0.5373 car 0.6734468340873718
815 6.8178 0.4479 car 0.3506035953760147
816 7.4569 -0.6714 car 0.6879914402961731
816 7.4569 0.5010 car 0.354880228638649
817 7.2439 -0.6124 car 0.7061925828456879
817 7.2439 0.5010 car 0.34697139263153076
818 6.8178 -0.6514 car 0.6838637590408325
818 7.4569 0.5191 car 0.33174192905426025
819 6.8178 -0.6514 car 0.6665566712617874
819 7.2439 0.5010 car 0.3326437473297119
820 6.1786 -0.6916 car 0.5582847222685814
820 7.2439 0.4654 car 0.3140134960412979
820 7.2439 0.5191 car 0.3053395748138428
821 6.1786 -0.6317 car 0.5027178227901459
821 6.8178 0.4479 car 0.30749058723449707
822 5.5394 -0.6916 car 0.4202464409172535
822 7.0308 0.4831 car 0.30156055092811584
823 5.3264 -0.7123 car 0.3929981179535389
