0 5.9655 0.1343 pedestrian 0.466977596282959
0 6.3916 0.0551 cyclist 0.330527663230896
1 5.9655 0.1025 pedestrian 0.5364968180656433
1 6.6047 0.0551 cyclist 0.3419612646102905
2 5.9655 0.1184 pedestrian 0.6052639484405518
3 5.9655 0.1184 pedestrian 0.5932417511940002
4 5.9655 0.1184 pedestrian 0.6330569386482239
5 5.9655 0.1184 pedestrian 0.6389542818069458
6 5.9655 0.1343 pedestrian 0.6513589024543762
7 6.1786 0.1502 pedestrian 0.6709199547767639
8 5.9655 0.1821 pedestrian 0.6001001000404358
9 5.9655 0.1821 pedestrian 0.6319785118103027
9 6.8178 0.0394 pedestrian 0.49973973631858826
10 5.9655 0.1821 pedestrian 0.6849767565727234
10 7.0308 0.0236 pedestrian 0.5102499127388
11 5.9655 0.1821 pedestrian 0.691131204366684
11 7.0308 0.0079 pedestrian 0.5278210639953613
12 5.9655 0.1981 pedestrian 0.7270985841751099
12 7.0308 -0.0079 pedestrian 0.5245333015918732
13 5.9655 0.2142 pedestrian 0.735481858253479
13 7.0308 0.0236 pedestrian 0.5149232745170593
14 5.9655 0.1981 pedestrian 0.6933081746101379
14 7.0308 -0.0236 pedestrian 0.5084061920642853
15 6.1786 0.2142 pedestrian 0.6653117835521698
15 7.0308 -0.0079 pedestrian 0.5044831335544586
16 5.9655 0.2304 pedestrian 0.7871800065040588
16 7.2439 -0.0236 pedestrian 0.6128746569156647
17 5.9655 0.2142 pedestrian 0.8695890307426453
17 7.0308 -0.0394 pedestrian 0.6715322434902191
18 5.9655 0.2142 pedestrian 0.9279401004314423
18 7.2439 -0.0394 pedestrian 0.7125755548477173
19 5.9655 0.2142 pedestrian 0.9482700824737549
19 7.0308 -0.0394 pedestrian 0.7272559702396393
20 5.9655 0.2142 pedestrian 0.9320755302906036
20 7.2439 -0.0394 pedestrian 0.7166430950164795
21 5.9655 0.2142 pedestrian 0.9570072591304779
21 7.2439 -0.0394 pedestrian 0.7137633562088013
22 5.9655 0.2142 pedestrian 0.8684076368808746
22 7.0308 -0.0551 pedestrian 0.6793274283409119
23 6.1786 0.2466 pedestrian 0.8134958148002625
23 7.0308 -0.0709 pedestrian 0.6571688652038574
24 6.1786 0.2304 pedestrian 0.7983388006687164
24 7.0308 -0.0709 pedestrian 0.6677350699901581
25 6.1786 0.2304 pedestrian 0.8636243343353271
25 7.0308 -0.0709 pedestrian 0.704333633184433
26 6.1786 0.2466 pedestrian 0.9037584662437439
26 7.0308 -0.0867 pedestrian 0.7508167624473572
27 6.1786 0.2466 pedestrian 0.8935857117176056
27 7.0308 -0.1025 pedestrian 0.7482757866382599
28 6.1786 0.2466 pedestrian 0.8814692199230194
28 7.0308 -0.0867 pedestrian 0.7827422618865967
29 6.1786 0.2466 pedestrian 0.8881604373455048
29 7.0308 -0.1025 pedestrian 0.8096514046192169
30 6.1786 0.2466 pedestrian 0.8292065858840942
30 7.0308 -0.0867 pedestrian 0.7594664394855499
31 6.1786 0.2466 pedestrian 0.8078048527240753
31 7.0308 -0.0709 pedestrian 0.7220275104045868
32 6.3916 0.2792 pedestrian 0.750021904706955
32 7.0308 -0.1184 pedestrian 0.6253243386745453
33 6.3916 0.2792 pedestrian 0.8087346255779266
33 7.0308 -0.1025 pedestrian 0.6862443387508392
34 6.3916 0.2792 pedestrian 0.8667463660240173
34 7.0308 -0.1025 pedestrian 0.717668741941452
35 6.3916 0.2792 pedestrian 0.8717243075370789
35 7.0308 -0.1184 pedestrian 0.7501505017280579
36 6.3916 0.2792 pedestrian 0.8710829019546509
36 7.0308 -0.1184 pedestrian 0.7620121836662292
37 6.3916 0.2792 pedestrian 0.861403077840805
37 7.0308 -0.1025 pedestrian 0.7812446355819702
38 6.3916 0.2792 pedestrian 0.7891153693199158
38 7.0308 -0.1184 pedestrian 0.7222070097923279
39 6.3916 0.2956 pedestrian 0.7167404592037201
39 7.0308 -0.1343 pedestrian 0.6974523067474365
40 6.6047 0.3287 pedestrian 0.6732566058635712
40 7.0308 -0.1502 pedestrian 0.6336626708507538
41 6.6047 0.3454 pedestrian 0.7161247730255127
41 7.0308 -0.1502 pedestrian 0.6763625144958496
42 6.6047 0.3454 pedestrian 0.7486925423145294
42 7.0308 -0.1343 pedestrian 0.7187535166740417
43 6.6047 0.3287 pedestrian 0.7375857830047607
43 7.0308 -0.1343 pedestrian 0.7229170799255371
44 6.6047 0.3287 pedestrian 0.7315764129161835
44 7.0308 -0.1502 pedestrian 0.7280847132205963
45 6.6047 0.3454 pedestrian 0.7371747195720673
45 7.0308 -0.1661 pedestrian 0.7367389500141144
46 7.0308 -0.1502 pedestrian 0.6959654688835144
46 6.6047 0.3287 pedestrian 0.6884293854236603
47 7.0308 -0.1343 pedestrian 0.6571182310581207
47 6.6047 0.3287 pedestrian 0.6470344662666321
48 6.8178 0.3622 pedestrian 0.6191357672214508
48 7.0308 -0.1821 pedestrian 0.6044065356254578
49 6.8178 0.3454 pedestrian 0.6720015704631805
49 7.0308 -0.1821 pedestrian 0.651322066783905
50 6.8178 0.3622 pedestrian 0.6905503869056702
50 7.2439 -0.1661 pedestrian 0.6584070026874542
51 6.8178 0.3454 pedestrian 0.7005422711372375
51 7.0308 -0.1821 pedestrian 0.6778626143932343
52 6.8178 0.3454 pedestrian 0.6905234158039093
52 7.0308 -0.1821 pedestrian 0.6820645034313202
53 6.8178 0.3622 pedestrian 0.6972545087337494
53 7.2439 -0.1661 pedestrian 0.6852028071880341
54 7.0308 -0.1821 pedestrian 0.6568484902381897
54 6.8178 0.3622 pedestrian 0.6547471582889557
55 7.0308 -0.1981 pedestrian 0.6331965625286102
55 7.0308 0.3791 pedestrian 0.6106128394603729
56 7.0308 0.3961 pedestrian 0.6111994981765747
56 7.0308 -0.2142 pedestrian 0.6103687882423401
57 7.0308 -0.2142 pedestrian 0.6570863425731659
57 7.0308 0.3961 pedestrian 0.6555071473121643
58 7.0308 -0.1981 pedestrian 0.7069831788539886
58 7.0308 0.3791 pedestrian 0.6911406517028809
59 7.0308 -0.1981 pedestrian 0.6983600556850433
59 7.0308 0.3961 pedestrian 0.6940807998180389
60 7.0308 -0.1981 pedestrian 0.7092283070087433
60 7.0308 0.3961 pedestrian 0.6972692310810089
61 7.0308 0.4132 pedestrian 0.7134063839912415
61 7.0308 -0.1981 pedestrian 0.6971609890460968
62 7.0308 -0.2142 pedestrian 0.6776876151561737
62 7.0308 0.3961 pedestrian 0.6729569137096405
63 7.0308 -0.1981 pedestrian 0.6406504213809967
63 7.0308 0.3961 pedestrian 0.6328696608543396
64 7.0308 -0.2466 pedestrian 0.6286591589450836
64 7.2439 0.4132 pedestrian 0.5938017070293427
65 7.2439 -0.2466 pedestrian 0.6815902888774872
65 7.2439 0.4132 pedestrian 0.6341138482093811
66 7.2439 -0.2466 pedestrian 0.706060528755188
66 7.2439 0.4132 pedestrian 0.656517744064331
67 7.2439 -0.2466 pedestrian 0.6999052166938782
67 7.2439 0.4132 pedestrian 0.6593788266181946
68 7.2439 -0.2629 pedestrian 0.7083180844783783
68 7.2439 0.4132 pedestrian 0.651582807302475
69 7.2439 -0.2466 pedestrian 0.7116220593452454
69 7.2439 0.4132 pedestrian 0.6504823863506317
70 7.2439 -0.2304 pedestrian 0.6892320513725281
70 7.2439 0.4132 pedestrian 0.6296940743923187
71 7.2439 -0.2466 pedestrian 0.6502496004104614
71 7.4569 0.4305 pedestrian 0.6000539660453796
72 7.4569 0.4305 pedestrian 0.648939698934555
72 7.4569 -0.2792 pedestrian 0.6079908609390259
73 7.6700 0.4479 pedestrian 0.6878989934921265
73 7.4569 -0.2956 pedestrian 0.6579452455043793
74 7.6700 0.4479 pedestrian 0.7261174619197845
74 7.4569 -0.2956 pedestrian 0.6808976829051971
75 7.6700 0.4479 pedestrian 0.7366369962692261
75 7.4569 -0.2956 pedestrian 0.671777755022049
76 7.6700 0.4479 pedestrian 0.7597047388553619
76 7.4569 -0.2956 pedestrian 0.6722168028354645
77 7.6700 0.4479 pedestrian 0.764227032661438
77 7.4569 -0.2956 pedestrian 0.6883251965045929
78 7.6700 0.4479 pedestrian 0.7493801712989807
78 7.4569 -0.3121 pedestrian 0.6405766904354095
79 7.6700 0.4305 pedestrian 0.7074572145938873
79 7.4569 -0.3121 pedestrian 0.6123977899551392
80 7.8830 0.4479 pedestrian 0.6370887458324432
80 7.4569 -0.3454 pedestrian 0.5631476044654846
81 7.8830 0.4479 pedestrian 0.6718629002571106
81 7.4569 -0.3622 pedestrian 0.5981910824775696
82 7.8830 0.4479 pedestrian 0.7319051623344421
82 7.4569 -0.3622 pedestrian 0.6204189360141754
83 7.8830 0.4479 pedestrian 0.71721351146698
83 7.4569 -0.3622 pedestrian 0.6147677600383759
84 7.8830 0.4479 pedestrian 0.7436184287071228
84 7.4569 -0.3622 pedestrian 0.6264550685882568
85 7.8830 0.4479 pedestrian 0.742536336183548
85 7.4569 -0.3622 pedestrian 0.6468912363052368
86 7.8830 0.4305 pedestrian 0.7271309494972229
86 7.4569 -0.3622 pedestrian 0.626030683517456
87 7.8830 0.4479 pedestrian 0.7004159688949585
87 7.4569 -0.3622 pedestrian 0.5933423936367035
88 8.0961 0.4305 pedestrian 0.7105637490749359
88 7.4569 -0.3961 pedestrian 0.6014679372310638
89 8.0961 0.4479 pedestrian 0.7591243088245392
89 7.4569 -0.3961 pedestrian 0.6378481984138489
90 8.0961 0.4479 pedestrian 0.8133619725704193
90 7.4569 -0.3961 pedestrian 0.6580645143985748
91 8.0961 0.4479 pedestrian 0.8195467889308929
91 7.4569 -0.3961 pedestrian 0.6588359177112579
92 8.0961 0.4479 pedestrian 0.8301216661930084
92 7.6700 -0.3961 pedestrian 0.6659535765647888
93 8.0961 0.4479 pedestrian 0.8178527057170868
93 7.6700 -0.3961 pedestrian 0.6763862371444702
94 8.0961 0.4479 pedestrian 0.7812930941581726
94 7.6700 -0.3961 pedestrian 0.6768773198127747
95 8.0961 0.4654 pedestrian 0.7457961738109589
95 7.6700 -0.4132 pedestrian 0.6367703378200531
96 8.3091 0.4479 pedestrian 0.754275768995285
96 7.4569 -0.4132 pedestrian 0.5983273386955261
97 8.3091 0.4479 pedestrian 0.8217836916446686
97 7.6700 -0.4305 pedestrian 0.6396365165710449
98 8.3091 0.4479 pedestrian 0.8626781404018402
98 7.6700 -0.4132 pedestrian 0.6515763103961945
99 8.3091 0.4479 pedestrian 0.8622320890426636
99 7.6700 -0.4305 pedestrian 0.6573714911937714
100 8.3091 0.4479 pedestrian 0.8696918487548828
100 7.6700 -0.4305 pedestrian 0.6539661288261414
101 8.3091 0.4479 pedestrian 0.8772276043891907
101 7.6700 -0.4305 pedestrian 0.6732178628444672
102 8.3091 0.4305 pedestrian 0.8427605926990509
102 7.6700 -0.4305 pedestrian 0.6714536547660828
103 8.3091 0.4479 pedestrian 0.7961812019348145
103 7.6700 -0.4132 pedestrian 0.6255252957344055
104 8.3091 0.4305 pedestrian 0.7541419267654419
104 7.6700 -0.4479 pedestrian 0.5708371102809906
105 8.3091 0.4479 pedestrian 0.8037028312683105
105 7.6700 -0.4479 pedestrian 0.6016054749488831
106 8.3091 0.4305 pedestrian 0.8065109848976135
106 7.6700 -0.4305 pedestrian 0.6157656013965607
107 8.3091 0.4479 pedestrian 0.8006604015827179
107 7.6700 -0.4479 pedestrian 0.6110081374645233
108 8.5222 0.4479 pedestrian 0.7950485944747925
108 7.8830 -0.4479 pedestrian 0.6183837354183197
109 8.5222 0.4305 pedestrian 0.8057957291603088
109 7.8830 -0.4305 pedestrian 0.6254765093326569
110 8.5222 0.4479 pedestrian 0.7835782170295715
110 7.8830 -0.4479 pedestrian 0.6245228350162506
111 8.5222 0.4305 pedestrian 0.750883162021637
111 7.8830 -0.4654 pedestrian 0.5986853837966919
112 8.5222 0.4132 pedestrian 0.6822065114974976
112 7.8830 -0.4654 pedestrian 0.555907279253006
113 8.5222 0.4132 pedestrian 0.7336503863334656
113 7.8830 -0.4831 pedestrian 0.5900071859359741
114 8.5222 0.4132 pedestrian 0.7619521915912628
114 7.8830 -0.4654 pedestrian 0.6382524073123932
115 8.5222 0.4132 pedestrian 0.7712900340557098
115 7.8830 -0.5010 pedestrian 0.6343995332717896
116 8.5222 0.4132 pedestrian 0.7832740545272827
116 7.6700 -0.4831 pedestrian 0.646324634552002
117 8.5222 0.4305 pedestrian 0.7865937054157257
117 7.8830 -0.5010 pedestrian 0.6545918881893158
118 8.5222 0.4132 pedestrian 0.7756195664405823
118 7.8830 -0.4831 pedestrian 0.6506902575492859
119 8.5222 0.4305 pedestrian 0.7317645251750946
119 7.8830 -0.4654 pedestrian 0.6144124567508698
120 7.8830 -0.5010 pedestrian 0.6083147525787354
120 8.7352 0.4305 pedestrian 0.5138097703456879
121 7.8830 -0.5010 pedestrian 0.6607256531715393
121 8.7352 0.4132 pedestrian 0.5480391085147858
122 7.8830 -0.5010 pedestrian 0.6733321249485016
122 8.7352 0.4132 pedestrian 0.5437595844268799
123 7.8830 -0.5010 pedestrian 0.6776569187641144
123 8.7352 0.4132 pedestrian 0.5481212437152863
124 7.6700 -0.5191 pedestrian 0.6722659766674042
124 8.7352 0.4305 pedestrian 0.5524177849292755
125 7.8830 -0.5010 pedestrian 0.6805957555770874
125 8.7352 0.4132 pedestrian 0.5841918587684631
126 7.6700 -0.5191 pedestrian 0.6722643375396729
126 8.7352 0.4305 pedestrian 0.5461897253990173
127 7.8830 -0.5010 pedestrian 0.6209453642368317
127 8.7352 0.4132 pedestrian 0.5034828186035156
128 7.6700 -0.5010 pedestrian 0.5788246095180511
128 8.7352 0.4305 pedestrian 0.4645198583602905
129 7.6700 -0.5010 pedestrian 0.6187633275985718
129 8.7352 0.4132 pedestrian 0.5216197073459625
130 7.6700 -0.5191 pedestrian 0.6329986751079559
130 8.9483 0.3961 pedestrian 0.5619398057460785
131 7.6700 -0.5010 pedestrian 0.6244861483573914
131 8.9483 0.4132 pedestrian 0.5757836699485779
132 7.6700 -0.5191 pedestrian 0.6251755058765411
132 8.9483 0.3961 pedestrian 0.603993684053421
133 8.9483 0.4132 pedestrian 0.6208032369613647
133 7.6700 -0.5010 pedestrian 0.6149959564208984
134 7.6700 -0.5191 pedestrian 0.6315988600254059
134 8.9483 0.4132 pedestrian 0.6197993457317352
135 8.9483 0.3961 pedestrian 0.59124356508255
135 7.6700 -0.5191 pedestrian 0.5737483501434326
136 8.9483 0.3791 pedestrian 0.7235406637191772
136 7.4569 -0.5010 pedestrian 0.5527116656303406
137 8.9483 0.3791 pedestrian 0.7725430727005005
137 7.4569 -0.5010 pedestrian 0.6028064787387848
138 8.9483 0.3791 pedestrian 0.8085433542728424
138 7.4569 -0.5010 pedestrian 0.6292124092578888
139 8.9483 0.3791 pedestrian 0.816162496805191
139 7.4569 -0.5010 pedestrian 0.6388250887393951
140 8.9483 0.3791 pedestrian 0.8231953978538513
140 7.4569 -0.5010 pedestrian 0.6466007232666016
141 8.9483 0.3791 pedestrian 0.819869190454483
141 7.4569 -0.5010 pedestrian 0.647527277469635
142 8.9483 0.3622 pedestrian 0.7976438105106354
142 7.4569 -0.5010 pedestrian 0.61677685379982
143 8.9483 0.3622 pedestrian 0.7532309591770172
143 7.4569 -0.5191 pedestrian 0.5929879546165466
144 8.9483 0.3622 pedestrian 0.7745514512062073
144 7.4569 -0.5191 pedestrian 0.606679230928421
145 8.9483 0.3622 pedestrian 0.8121567070484161
145 7.4569 -0.5010 pedestrian 0.6647303700447083
146 8.9483 0.3454 pedestrian 0.8505261838436127
146 7.2439 -0.5191 pedestrian 0.6868659853935242
147 8.9483 0.3454 pedestrian 0.8533825874328613
147 7.2439 -0.5191 pedestrian 0.6851827800273895
148 8.9483 0.3622 pedestrian 0.8501528799533844
148 7.2439 -0.5010 pedestrian 0.6757603585720062
149 8.9483 0.3454 pedestrian 0.870768278837204
149 7.2439 -0.5191 pedestrian 0.6728186011314392
150 8.9483 0.3454 pedestrian 0.8296825289726257
150 7.2439 -0.5010 pedestrian 0.6565765142440796
151 8.9483 0.3622 pedestrian 0.7825933992862701
151 7.2439 -0.5191 pedestrian 0.6269329786300659
152 8.9483 0.3287 pedestrian 0.7381223142147064
152 7.0308 -0.5010 pedestrian 0.6201592981815338
153 8.9483 0.3287 pedestrian 0.7930213212966919
153 7.0308 -0.5010 pedestrian 0.6626502275466919
154 8.9483 0.3287 pedestrian 0.8285284340381622
154 7.0308 -0.5010 pedestrian 0.6848677694797516
155 8.9483 0.3287 pedestrian 0.8396817147731781
155 7.0308 -0.5010 pedestrian 0.68867227435112
156 8.9483 0.3287 pedestrian 0.8528599143028259
156 7.0308 -0.5010 pedestrian 0.6772826313972473
157 8.9483 0.3287 pedestrian 0.8600397109985352
157 7.0308 -0.5010 pedestrian 0.6961361467838287
158 8.9483 0.3287 pedestrian 0.8233062326908112
158 7.0308 -0.5010 pedestrian 0.6538439989089966
159 8.9483 0.3287 pedestrian 0.7923669815063477
159 7.0308 -0.5010 pedestrian 0.6269624531269073
160 8.9483 0.2956 pedestrian 0.7480492293834686
160 7.0308 -0.4654 pedestrian 0.6796661615371704
161 8.9483 0.3121 pedestrian 0.7959480285644531
161 7.0308 -0.4654 pedestrian 0.7295834422111511
162 8.9483 0.2956 pedestrian 0.822229653596878
162 7.0308 -0.4654 pedestrian 0.7665475904941559
163 8.9483 0.3121 pedestrian 0.8291788697242737
163 7.0308 -0.4654 pedestrian 0.7520807981491089
164 8.9483 0.2956 pedestrian 0.8465471863746643
164 7.0308 -0.4654 pedestrian 0.7614600956439972
165 8.9483 0.2956 pedestrian 0.8327270150184631
165 6.8178 -0.4479 pedestrian 0.7610724866390228
166 8.9483 0.2792 pedestrian 0.8090279400348663
166 6.8178 -0.4479 pedestrian 0.7506754994392395
167 8.9483 0.2956 pedestrian 0.7534933686256409
167 7.0308 -0.4654 pedestrian 0.7039634883403778
168 8.9483 0.2956 pedestrian 0.6929628252983093
168 6.8178 -0.4479 pedestrian 0.6885740458965302
169 6.8178 -0.4305 pedestrian 0.7405754625797272
169 8.9483 0.2956 pedestrian 0.7341288626194
170 8.9483 0.2792 pedestrian 0.7690961360931396
170 6.8178 -0.4305 pedestrian 0.7361183166503906
171 8.9483 0.2792 pedestrian 0.7739916145801544
171 6.8178 -0.4305 pedestrian 0.7548028528690338
172 8.9483 0.2956 pedestrian 0.7870818078517914
172 6.8178 -0.4305 pedestrian 0.7343717217445374
173 8.9483 0.2792 pedestrian 0.7912040948867798
173 6.8178 -0.4305 pedestrian 0.7528820633888245
174 8.9483 0.2792 pedestrian 0.7783165574073792
174 6.8178 -0.4305 pedestrian 0.7204601764678955
175 8.9483 0.2792 pedestrian 0.7124234735965729
175 6.8178 -0.4305 pedestrian 0.6675818860530853
176 6.6047 -0.3961 pedestrian 0.6212111115455627
176 8.9483 0.2629 pedestrian 0.6093389391899109
177 8.9483 0.2629 pedestrian 0.664471298456192
177 6.8178 -0.3961 pedestrian 0.6368143856525421
178 8.9483 0.2629 pedestrian 0.6920567452907562
178 6.6047 -0.3961 pedestrian 0.651226133108139
179 8.9483 0.2466 pedestrian 0.7057946920394897
179 6.6047 -0.3961 pedestrian 0.6414679288864136
180 8.9483 0.2304 pedestrian 0.7098758220672607
180 6.6047 -0.3961 pedestrian 0.6464621722698212
181 8.9483 0.2466 pedestrian 0.7175632417201996
181 6.6047 -0.3622 pedestrian 0.6596154570579529
182 8.9483 0.2304 pedestrian 0.6848047971725464
182 6.8178 -0.3791 pedestrian 0.6432414650917053
183 8.7352 0.2466 pedestrian 0.6667768657207489
183 6.6047 -0.3791 pedestrian 0.6190790832042694
184 8.7352 0.2304 pedestrian 0.6506312787532806
184 6.6047 -0.3454 pedestrian 0.617898166179657
185 8.7352 0.2304 pedestrian 0.7019912898540497
185 6.8178 -0.3454 pedestrian 0.6564970910549164
186 8.7352 0.2304 pedestrian 0.764610767364502
186 6.8178 -0.3454 pedestrian 0.6907333433628082
187 8.7352 0.2142 pedestrian 0.7722568809986115
187 6.6047 -0.3454 pedestrian 0.694531261920929
188 8.7352 0.2304 pedestrian 0.7803077101707458
188 6.6047 -0.3287 pedestrian 0.7085349261760712
189 8.7352 0.2142 pedestrian 0.7902299463748932
189 6.6047 -0.3454 pedestrian 0.7121164202690125
190 8.7352 0.1981 pedestrian 0.7361674308776855
190 6.8178 -0.3287 pedestrian 0.6928716003894806
191 8.7352 0.2466 pedestrian 0.6852079033851624
191 6.6047 -0.3121 pedestrian 0.6569604277610779
192 8.7352 0.1821 pedestrian 0.6640909612178802
192 6.6047 -0.2792 pedestrian 0.6338038146495819
193 8.7352 0.1981 pedestrian 0.7127028405666351
193 6.8178 -0.2956 pedestrian 0.6795388162136078
194 8.7352 0.1821 pedestrian 0.7607678174972534
194 6.8178 -0.2792 pedestrian 0.6885734796524048
195 8.7352 0.1821 pedestrian 0.7647792100906372
195 6.8178 -0.2956 pedestrian 0.6939224302768707
196 8.7352 0.1821 pedestrian 0.7750302851200104
196 6.8178 -0.2629 pedestrian 0.7169876396656036
197 8.7352 0.1821 pedestrian 0.7759212553501129
197 6.8178 -0.2792 pedestrian 0.7224688529968262
198 8.7352 0.1661 pedestrian 0.740964412689209
198 6.8178 -0.2629 pedestrian 0.7274605333805084
199 8.7352 0.1821 pedestrian 0.7142030894756317
199 6.6047 -0.2629 pedestrian 0.67135289311409
200 6.8178 -0.2466 pedestrian 0.6931598484516144
200 8.7352 0.1502 pedestrian 0.659794420003891
201 6.8178 -0.2466 pedestrian 0.7350032031536102
201 8.7352 0.1502 pedestrian 0.7255376577377319
202 8.7352 0.1502 pedestrian 0.768996924161911
202 6.8178 -0.2304 pedestrian 0.7659280300140381
203 6.8178 -0.2304 pedestrian 0.7856629490852356
203 8.5222 0.1502 pedestrian 0.770075112581253
204 6.8178 -0.2466 pedestrian 0.8002935349941254
204 8.5222 0.1343 pedestrian 0.7833679914474487
205 6.8178 -0.2304 pedestrian 0.8007009029388428
205 8.7352 0.1502 pedestrian 0.7965078353881836
206 6.8178 -0.2304 pedestrian 0.7913481593132019
206 8.5222 0.1343 pedestrian 0.7564431428909302
207 6.8178 -0.2304 pedestrian 0.7523565888404846
207 8.7352 0.1343 pedestrian 0.7002952396869659
208 6.6047 -0.2142 pedestrian 0.774299830198288
208 8.5222 0.1025 pedestrian 0.691154420375824
209 6.6047 -0.2142 pedestrian 0.8210521936416626
209 8.5222 0.1184 pedestrian 0.7405452728271484
210 6.6047 -0.2142 pedestrian 0.859719455242157
210 8.5222 0.1184 pedestrian 0.8237346410751343
211 6.6047 -0.2142 pedestrian 0.8725188672542572
211 8.5222 0.1184 pedestrian 0.8198914229869843
212 6.6047 -0.1981 pedestrian 0.8803067803382874
212 8.5222 0.1025 pedestrian 0.8382784724235535
213 6.6047 -0.1981 pedestrian 0.8854524493217468
213 8.5222 0.1025 pedestrian 0.8404751121997833
214 6.8178 -0.1981 pedestrian 0.8542714715003967
214 8.5222 0.1025 pedestrian 0.8330394625663757
215 6.6047 -0.1821 pedestrian 0.8153133988380432
215 8.5222 0.1025 pedestrian 0.760823518037796
216 6.6047 -0.1502 pedestrian 0.7696056067943573
216 8.5222 0.1025 pedestrian 0.7436761856079102
217 6.6047 -0.1661 pedestrian 0.8444385230541229
217 8.5222 0.0867 pedestrian 0.8043542504310608
218 6.6047 -0.1661 pedestrian 0.8824522197246552
218 8.5222 0.0867 pedestrian 0.8645578324794769
219 8.5222 0.0867 pedestrian 0.8835805654525757
219 6.6047 -0.1661 pedestrian 0.8770923614501953
220 8.5222 0.0867 pedestrian 0.9053906798362732
220 6.6047 -0.1661 pedestrian 0.8914041519165039
221 8.5222 0.0867 pedestrian 0.9053870141506195
221 6.6047 -0.1661 pedestrian 0.8883479237556458
222 8.5222 0.0867 pedestrian 0.8748494982719421
222 6.6047 -0.1502 pedestrian 0.8545575737953186
223 8.5222 0.0709 pedestrian 0.8117123544216156
223 6.6047 -0.1502 pedestrian 0.8090101182460785
224 6.6047 -0.1343 pedestrian 0.7659153640270233
224 8.5222 0.0551 pedestrian 0.7510283589363098
225 6.6047 -0.1343 pedestrian 0.8102467358112335
225 8.5222 0.0551 pedestrian 0.7998964786529541
226 8.5222 0.0709 pedestrian 0.8407890498638153
226 6.6047 -0.1025 pedestrian 0.8331761360168457
227 8.5222 0.0709 pedestrian 0.8475924134254456
227 6.6047 -0.1343 pedestrian 0.8420991599559784
228 8.5222 0.0551 pedestrian 0.8552003502845764
228 6.6047 -0.1025 pedestrian 0.844147264957428
229 6.6047 -0.1025 pedestrian 0.8439002931118011
229 8.5222 0.0709 pedestrian 0.8362965881824493
230 8.5222 0.0709 pedestrian 0.8085159659385681
230 6.6047 -0.1025 pedestrian 0.8063568472862244
231 6.6047 -0.1184 pedestrian 0.7607740461826324
231 8.5222 0.0394 pedestrian 0.7556142508983612
232 6.6047 -0.0709 pedestrian 0.7093862891197205
232 8.5222 0.0236 pedestrian 0.5776399672031403
233 6.6047 -0.0709 pedestrian 0.764933168888092
233 8.5222 0.0394 pedestrian 0.5841776728630066
234 6.6047 -0.0709 pedestrian 0.7918141782283783
234 8.5222 0.0236 pedestrian 0.6019419133663177
235 6.6047 -0.0709 pedestrian 0.7995249032974243
235 8.5222 0.0236 pedestrian 0.6110297441482544
236 6.6047 -0.0709 pedestrian 0.7722765803337097
236 8.5222 0.0236 pedestrian 0.6210616230964661
237 6.6047 -0.0709 pedestrian 0.7695251107215881
237 8.3091 0.0236 pedestrian 0.6218083798885345
238 6.6047 -0.0551 pedestrian 0.735709011554718
238 8.5222 0.0236 pedestrian 0.6129851639270782
239 6.6047 -0.0551 pedestrian 0.683422178030014
239 8.3091 0.0079 pedestrian 0.5660301148891449
240 6.6047 -0.0236 pedestrian 0.6283455491065979
240 8.3091 -0.0079 pedestrian 0.5214503705501556
241 6.6047 -0.0394 pedestrian 0.6803022623062134
241 8.3091 -0.0079 pedestrian 0.5551490485668182
242 6.6047 -0.0236 pedestrian 0.7198239862918854
242 8.3091 -0.0079 pedestrian 0.5963031053543091
243 6.6047 -0.0394 pedestrian 0.720167487859726
243 8.3091 -0.0236 pedestrian 0.5845088362693787
244 6.8178 -0.0394 pedestrian 0.7039020955562592
244 8.3091 -0.0079 pedestrian 0.5924746990203857
245 6.8178 -0.0394 pedestrian 0.7184530198574066
245 8.0961 -0.0236 pedestrian 0.6047035753726959
246 6.8178 -0.0394 pedestrian 0.6483281254768372
246 8.3091 -0.0079 pedestrian 0.5947604775428772
247 6.8178 -0.0236 pedestrian 0.6033051609992981
247 8.0961 -0.0236 pedestrian 0.5716756582260132
248 8.3091 -0.0394 pedestrian 0.6120659708976746
248 6.6047 0.0236 pedestrian 0.5817922949790955
249 8.3091 -0.0394 pedestrian 0.6710932552814484
249 6.6047 0.0236 pedestrian 0.6273016631603241
250 8.3091 -0.0394 pedestrian 0.7135153412818909
250 6.6047 0.0551 pedestrian 0.6619957089424133
251 8.3091 -0.0394 pedestrian 0.6961478590965271
251 6.6047 0.0236 pedestrian 0.652033269405365
252 8.3091 -0.0394 pedestrian 0.7352869510650635
252 6.6047 0.0394 pedestrian 0.67376708984375
253 8.3091 -0.0394 pedestrian 0.7444465458393097
253 6.6047 0.0236 pedestrian 0.6506364941596985
254 8.3091 -0.0394 pedestrian 0.7318925261497498
254 6.6047 0.0551 pedestrian 0.6421153247356415
255 8.0961 -0.0551 pedestrian 0.6821817457675934
255 6.6047 0.0551 pedestrian 0.6001742780208588
256 8.3091 -0.0709 pedestrian 0.7206004559993744
256 6.6047 0.1025 pedestrian 0.6924244463443756
257 8.3091 -0.0709 pedestrian 0.7805220782756805
257 6.6047 0.0867 pedestrian 0.7500278055667877
258 8.3091 -0.0709 pedestrian 0.8115309178829193
258 6.6047 0.1025 pedestrian 0.8029842972755432
259 8.3091 -0.0709 pedestrian 0.8064608871936798
259 6.6047 0.1184 pedestrian 0.7885254919528961
260 8.3091 -0.0709 pedestrian 0.8292030692100525
260 6.6047 0.1025 pedestrian 0.8109495043754578
261 8.3091 -0.0709 pedestrian 0.8233901858329773
261 6.6047 0.1184 pedestrian 0.8086730241775513
262 8.3091 -0.0709 pedestrian 0.7894382774829865
262 6.6047 0.1025 pedestrian 0.7837125360965729
263 6.6047 0.1025 pedestrian 0.7480426132678986
263 8.3091 -0.0709 pedestrian 0.7442888617515564
264 6.6047 0.1343 pedestrian 0.7895150780677795
264 8.3091 -0.0867 pedestrian 0.786570280790329
265 8.3091 -0.0709 pedestrian 0.8461062014102936
265 6.6047 0.1502 pedestrian 0.8343597948551178
266 8.3091 -0.0867 pedestrian 0.8820607960224152
266 6.6047 0.1343 pedestrian 0.8692062199115753
267 8.3091 -0.0867 pedestrian 0.8887136280536652
267 6.6047 0.1502 pedestrian 0.8884464204311371
268 8.0961 -0.1025 pedestrian 0.8971187770366669
268 6.6047 0.1343 pedestrian 0.8828103244304657
269 6.6047 0.1502 pedestrian 0.8935440182685852
269 8.0961 -0.0867 pedestrian 0.882583886384964
270 8.0961 -0.1025 pedestrian 0.8579079210758209
270 6.6047 0.1343 pedestrian 0.8267435133457184
271 8.0961 -0.0867 pedestrian 0.7886817753314972
271 6.6047 0.1343 pedestrian 0.774440348148346
272 6.6047 0.1661 pedestrian 0.7702814638614655
272 8.0961 -0.1025 pedestrian 0.7481088936328888
273 6.6047 0.1821 pedestrian 0.823875218629837
273 8.0961 -0.1184 pedestrian 0.8069663643836975
274 6.6047 0.1661 pedestrian 0.863045334815979
274 8.0961 -0.1184 pedestrian 0.8381072580814362
275 6.6047 0.1661 pedestrian 0.8605807721614838
275 8.0961 -0.1343 pedestrian 0.8378817737102509
276 6.6047 0.1661 pedestrian 0.85892453789711
276 8.0961 -0.1184 pedestrian 0.8523981869220734
277 8.0961 -0.1184 pedestrian 0.8569410741329193
277 6.6047 0.1661 pedestrian 0.8532958626747131
278 8.0961 -0.1025 pedestrian 0.8297546803951263
278 6.8178 0.1821 pedestrian 0.8241885304450989
279 8.0961 -0.1184 pedestrian 0.7792603373527527
279 6.8178 0.1821 pedestrian 0.7740468978881836
280 6.8178 0.1981 pedestrian 0.8019556999206543
280 8.0961 -0.1502 pedestrian 0.7858054637908936
281 6.8178 0.2142 pedestrian 0.8607714772224426
281 8.0961 -0.1343 pedestrian 0.8413224518299103
282 6.8178 0.2142 pedestrian 0.9234417974948883
282 8.0961 -0.1502 pedestrian 0.8899674713611603
283 6.8178 0.2142 pedestrian 0.9352756440639496
283 8.0961 -0.1343 pedestrian 0.9108098149299622
284 6.8178 0.2142 pedestrian 0.9162763357162476
284 8.0961 -0.1343 pedestrian 0.9000455439090729
285 6.8178 0.2142 pedestrian 0.912271112203598
285 8.0961 -0.1502 pedestrian 0.9089215695858002
286 8.0961 -0.1502 pedestrian 0.8686572909355164
286 6.8178 0.2142 pedestrian 0.8606683909893036
287 8.0961 -0.1502 pedestrian 0.8208837807178497
287 6.8178 0.2304 pedestrian 0.7983684539794922
288 6.8178 0.2466 pedestrian 0.8135806620121002
288 8.0961 -0.1502 pedestrian 0.8010204136371613
289 6.8178 0.2304 pedestrian 0.8710359930992126
289 8.3091 -0.1661 pedestrian 0.85222128033638
290 7.0308 0.2466 pedestrian 0.9276807606220245
290 8.3091 -0.1661 pedestrian 0.8823511898517609
291 7.0308 0.2466 pedestrian 0.9205726683139801
291 8.3091 -0.1661 pedestrian 0.8785443902015686
292 7.0308 0.2466 pedestrian 0.9079176187515259
292 8.3091 -0.1661 pedestrian 0.9000549614429474
293 8.3091 -0.1661 pedestrian 0.9193909466266632
293 7.0308 0.2466 pedestrian 0.913296639919281
294 7.0308 0.2629 pedestrian 0.8694997131824493
294 8.3091 -0.1502 pedestrian 0.8588283658027649
295 7.0308 0.2466 pedestrian 0.836968719959259
295 8.0961 -0.1821 pedestrian 0.8028041422367096
296 7.0308 0.2792 pedestrian 0.7500899732112885
296 8.3091 -0.1821 pedestrian 0.7199226915836334
297 7.0308 0.2792 pedestrian 0.8094350695610046
297 8.3091 -0.1661 pedestrian 0.7816507816314697
298 7.2439 0.2792 pedestrian 0.841496080160141
298 8.3091 -0.1981 pedestrian 0.8019743263721466
299 7.0308 0.2792 pedestrian 0.8384810090065002
299 8.3091 -0.1981 pedestrian 0.8154061436653137
300 7.2439 0.2956 pedestrian 0.8402106165885925
300 8.3091 -0.1821 pedestrian 0.8229074776172638
301 8.3091 -0.1661 pedestrian 0.8359130918979645
301 7.2439 0.3121 pedestrian 0.8248982727527618
302 8.3091 -0.2142 pedestrian 0.8127507269382477
302 7.2439 0.2792 pedestrian 0.7953784167766571
303 8.3091 -0.1981 pedestrian 0.7705279886722565
303 7.0308 0.3121 pedestrian 0.7493226230144501
304 8.3091 -0.2142 pedestrian 0.7582457959651947
304 7.2439 0.3454 pedestrian 0.6642284691333771
305 8.3091 -0.1981 pedestrian 0.8015958368778229
305 7.2439 0.3287 pedestrian 0.7206758260726929
306 8.3091 -0.2142 pedestrian 0.8358744978904724
306 7.2439 0.3454 pedestrian 0.7412323951721191
307 8.3091 -0.2142 pedestrian 0.8493945002555847
307 7.2439 0.3287 pedestrian 0.7367531657218933
308 8.3091 -0.2142 pedestrian 0.8464851975440979
308 7.2439 0.3454 pedestrian 0.7205414175987244
309 8.3091 -0.2142 pedestrian 0.8681813776493073
309 7.2439 0.3454 pedestrian 0.7322781980037689
310 8.3091 -0.2142 pedestrian 0.8479460179805756
310 7.2439 0.3454 pedestrian 0.696275532245636
311 8.3091 -0.2142 pedestrian 0.7913478910923004
311 7.2439 0.3454 pedestrian 0.6500862836837769
312 8.3091 -0.2142 pedestrian 0.7538220882415771
312 7.2439 0.3622 pedestrian 0.6706200242042542
313 8.3091 -0.2304 pedestrian 0.8037214875221252
313 7.4569 0.3622 pedestrian 0.7278784811496735
314 8.3091 -0.2304 pedestrian 0.8281877934932709
314 7.4569 0.3622 pedestrian 0.764043927192688
315 8.5222 -0.2304 pedestrian 0.8270304203033447
315 7.4569 0.3622 pedestrian 0.7674067616462708
316 8.3091 -0.2304 pedestrian 0.8270150721073151
316 7.4569 0.3622 pedestrian 0.7779876291751862
317 8.5222 -0.2304 pedestrian 0.8449798226356506
317 7.4569 0.3622 pedestrian 0.7962921857833862
318 8.5222 -0.2466 pedestrian 0.821651041507721
318 7.4569 0.3622 pedestrian 0.7643769383430481
319 8.3091 -0.2466 pedestrian 0.7655410468578339
319 7.4569 0.3791 pedestrian 0.7269061505794525
320 7.4569 0.3961 pedestrian 0.7147938013076782
320 8.5222 -0.2466 pedestrian 0.6973026692867279
321 7.4569 0.4132 pedestrian 0.7656583487987518
321 8.5222 -0.2629 pedestrian 0.7446480691432953
322 7.6700 0.4132 pedestrian 0.7882872521877289
322 8.5222 -0.2629 pedestrian 0.7789657413959503
323 7.6700 0.4132 pedestrian 0.8069666624069214
323 8.5222 -0.2629 pedestrian 0.7728993892669678
324 7.6700 0.3961 pedestrian 0.818278968334198
324 8.5222 -0.2629 pedestrian 0.7851170599460602
325 7.6700 0.4132 pedestrian 0.8296617865562439
325 8.5222 -0.2629 pedestrian 0.7977850437164307
326 7.6700 0.3961 pedestrian 0.8107078373432159
326 8.5222 -0.2629 pedestrian 0.7759483158588409
327 7.6700 0.4132 pedestrian 0.7513560652732849
327 8.5222 -0.2792 pedestrian 0.7059244811534882
328 8.5222 -0.2629 pedestrian 0.7068038880825043
328 7.6700 0.4132 pedestrian 0.6792278587818146
329 8.5222 -0.2629 pedestrian 0.7466666102409363
329 7.6700 0.4132 pedestrian 0.7222987115383148
330 8.7352 -0.2629 pedestrian 0.810186892747879
330 7.6700 0.4132 pedestrian 0.7551960945129395
331 8.7352 -0.2629 pedestrian 0.7930117249488831
331 7.6700 0.4132 pedestrian 0.7559723854064941
332 8.7352 -0.2629 pedestrian 0.822327584028244
332 7.6700 0.4132 pedestrian 0.7624045312404633
333 8.7352 -0.2629 pedestrian 0.8256396651268005
333 7.6700 0.4305 pedestrian 0.7629359066486359
334 8.7352 -0.2629 pedestrian 0.811179906129837
334 7.8830 0.4305 pedestrian 0.743554949760437
335 8.7352 -0.2629 pedestrian 0.7783521413803101
335 7.8830 0.4479 pedestrian 0.708368331193924
336 8.9483 -0.2792 pedestrian 0.7224797308444977
336 7.8830 0.4654 pedestrian 0.6830193102359772
337 8.7352 -0.2629 pedestrian 0.7638012766838074
337 7.8830 0.4479 pedestrian 0.7332463264465332
338 8.9483 -0.2792 pedestrian 0.8144142925739288
338 7.8830 0.4479 pedestrian 0.8019637167453766
339 8.9483 -0.2629 pedestrian 0.8058016002178192
339 7.8830 0.4479 pedestrian 0.7878641486167908
340 8.9483 -0.2792 pedestrian 0.8305903673171997
340 7.8830 0.4479 pedestrian 0.8105700612068176
341 8.9483 -0.2792 pedestrian 0.8342024087905884
341 7.8830 0.4479 pedestrian 0.8037988543510437
342 8.9483 -0.2792 pedestrian 0.8108858168125153
342 8.0961 0.4479 pedestrian 0.7797101438045502
343 8.9483 -0.2792 pedestrian 0.7772822082042694
343 7.8830 0.4479 pedestrian 0.7501401305198669
344 8.9483 -0.2792 pedestrian 0.8114010095596313
344 8.0961 0.4831 pedestrian 0.7077931761741638
345 8.9483 -0.2792 pedestrian 0.8633397817611694
345 8.0961 0.4654 pedestrian 0.7729769051074982
346 8.9483 -0.2956 pedestrian 0.8994837403297424
346 8.0961 0.4831 pedestrian 0.8134089410305023
347 8.9483 -0.2956 pedestrian 0.9004880487918854
347 8.0961 0.4831 pedestrian 0.8152835965156555
348 8.9483 -0.2956 pedestrian 0.8965350091457367
348 8.0961 0.4831 pedestrian 0.8260875642299652
349 8.9483 -0.2956 pedestrian 0.9055966734886169
349 8.0961 0.4831 pedestrian 0.8202418684959412
350 8.9483 -0.2956 pedestrian 0.8933109641075134
350 8.0961 0.4831 pedestrian 0.7882645428180695
351 8.9483 -0.3121 pedestrian 0.8365899324417114
351 8.0961 0.4654 pedestrian 0.7313698828220367
352 8.9483 -0.2956 pedestrian 0.8077088892459869
352 8.0961 0.4831 pedestrian 0.7985396981239319
353 8.0961 0.5010 pedestrian 0.8656339943408966
353 9.1614 -0.2956 pedestrian 0.8599252998828888
354 8.0961 0.5010 pedestrian 0.9167209267616272
354 8.9483 -0.2956 pedestrian 0.8782635629177094
355 8.3091 0.5010 pedestrian 0.9266979992389679
355 8.9483 -0.3121 pedestrian 0.8786580264568329
356 8.3091 0.4831 pedestrian 0.9277898371219635
356 9.1614 -0.2956 pedestrian 0.877972275018692
357 8.0961 0.5010 pedestrian 0.9414742887020111
357 9.1614 -0.2956 pedestrian 0.8990341126918793
358 8.3091 0.5010 pedestrian 0.8997260630130768
358 9.1614 -0.3121 pedestrian 0.8572185337543488
359 8.3091 0.5010 pedestrian 0.8446071743965149
359 9.1614 -0.3121 pedestrian 0.8078415393829346
360 9.1614 -0.3287 pedestrian 0.7814573049545288
360 8.3091 0.5010 pedestrian 0.763790637254715
361 9.1614 -0.2956 pedestrian 0.8477821350097656
361 8.3091 0.5010 pedestrian 0.8008787631988525
362 9.1614 -0.3287 pedestrian 0.8818831443786621
362 8.3091 0.5010 pedestrian 0.8388146460056305
363 9.1614 -0.3287 pedestrian 0.893771767616272
363 8.3091 0.5191 pedestrian 0.8460314571857452
364 9.1614 -0.3287 pedestrian 0.9025356769561768
364 8.3091 0.5010 pedestrian 0.831873893737793
365 9.1614 -0.3287 pedestrian 0.9039853513240814
365 8.5222 0.5010 pedestrian 0.8231013119220734
366 9.1614 -0.3121 pedestrian 0.8656302094459534
366 8.5222 0.5010 pedestrian 0.7727729380130768
367 9.1614 -0.3287 pedestrian 0.8246484994888306
367 8.3091 0.5373 pedestrian 0.702925980091095
368 9.1614 -0.3121 pedestrian 0.7674903869628906
368 8.5222 0.5191 pedestrian 0.5522196590900421
369 9.1614 -0.2956 pedestrian 0.8329850733280182
369 8.5222 0.5010 pedestrian 0.6164782643318176
370 9.1614 -0.2956 pedestrian 0.8460224866867065
370 8.5222 0.5191 pedestrian 0.6249455809593201
371 9.1614 -0.3287 pedestrian 0.8573633134365082
371 8.5222 0.5010 pedestrian 0.6275548040866852
372 9.1614 -0.3287 pedestrian 0.8677890300750732
372 8.5222 0.5191 pedestrian 0.6152514517307281
373 9.1614 -0.2956 pedestrian 0.8878124952316284
373 8.5222 0.5010 pedestrian 0.6381928622722626
374 9.1614 -0.3121 pedestrian 0.8494044840335846
374 8.5222 0.5010 pedestrian 0.5984888970851898
375 9.1614 -0.3121 pedestrian 0.8060598969459534
375 8.7352 0.5191 pedestrian 0.5551369488239288
376 9.1614 -0.2792 pedestrian 0.791020005941391
376 8.7352 0.5191 pedestrian 0.5552439093589783
377 9.1614 -0.2956 pedestrian 0.8508298695087433
377 8.7352 0.5191 pedestrian 0.5810264348983765
378 9.1614 -0.2792 pedestrian 0.8812843561172485
378 8.7352 0.5191 pedestrian 0.6245427131652832
379 9.1614 -0.2956 pedestrian 0.8702417016029358
379 8.7352 0.5373 pedestrian 0.5956808626651764
380 9.1614 -0.2792 pedestrian 0.874584972858429
380 8.7352 0.5191 pedestrian 0.5945404767990112
381 9.1614 -0.2956 pedestrian 0.8859429955482483
381 8.7352 0.5191 pedestrian 0.5863676071166992
382 9.3744 -0.2792 pedestrian 0.8532733917236328
382 8.7352 0.5191 pedestrian 0.5868590176105499
383 9.3744 -0.2792 pedestrian 0.8055769205093384
383 8.7352 0.5191 pedestrian 0.5515637993812561
384 9.1614 -0.2792 pedestrian 0.7932436764240265
384 8.9483 0.5010 pedestrian 0.5354322195053101
385 9.1614 -0.2792 pedestrian 0.83118537068367
385 8.9483 0.5010 pedestrian 0.5681666433811188
386 9.1614 -0.2792 pedestrian 0.8657276630401611
386 8.9483 0.5191 pedestrian 0.5866427421569824
387 9.3744 -0.2792 pedestrian 0.8519347906112671
387 8.9483 0.5010 pedestrian 0.5800784826278687
388 9.3744 -0.2629 pedestrian 0.8525694906711578
388 8.9483 0.5191 pedestrian 0.581252932548523
389 9.3744 -0.2629 pedestrian 0.8596118688583374
389 8.9483 0.5010 pedestrian 0.5885189473628998
390 9.3744 -0.2792 pedestrian 0.8457187116146088
390 8.9483 0.5191 pedestrian 0.5644838511943817
391 9.3744 -0.2792 pedestrian 0.8066262602806091
391 8.9483 0.5010 pedestrian 0.5393029749393463
392 9.3744 -0.2629 pedestrian 0.7233242392539978
392 8.9483 0.5010 pedestrian 0.5730159878730774
393 9.3744 -0.2629 pedestrian 0.7815880179405212
393 8.9483 0.5010 pedestrian 0.6262249946594238
394 9.3744 -0.2629 pedestrian 0.8152313828468323
394 8.9483 0.5010 pedestrian 0.6458280086517334
395 9.3744 -0.2629 pedestrian 0.8166143894195557
395 8.9483 0.5010 pedestrian 0.6525779068470001
396 9.3744 -0.2629 pedestrian 0.8194760978221893
396 8.9483 0.4831 pedestrian 0.658612996339798
397 9.3744 -0.2629 pedestrian 0.8182715177536011
397 8.9483 0.5010 pedestrian 0.6863147616386414
398 9.3744 -0.2466 pedestrian 0.8036039173603058
398 8.9483 0.4831 pedestrian 0.6609087884426117
399 9.3744 -0.2466 pedestrian 0.7299929261207581
399 8.9483 0.5010 pedestrian 0.6209002435207367
400 8.9483 0.4654 pedestrian 0.6517420411109924
400 9.3744 -0.2466 pedestrian 0.5940906703472137
401 8.9483 0.4654 pedestrian 0.7133053243160248
401 9.3744 -0.2304 pedestrian 0.6105121970176697
402 8.9483 0.4654 pedestrian 0.7424037456512451
402 9.3744 -0.2466 pedestrian 0.6305157840251923
403 8.9483 0.4654 pedestrian 0.7476449012756348
403 9.3744 -0.2304 pedestrian 0.6390775442123413
404 8.9483 0.4654 pedestrian 0.7484354674816132
404 9.3744 -0.2466 pedestrian 0.6247827112674713
405 8.9483 0.4831 pedestrian 0.7446220517158508
405 9.3744 -0.2304 pedestrian 0.6245436072349548
406 8.9483 0.4831 pedestrian 0.7014686465263367
406 9.3744 -0.2466 pedestrian 0.5998291373252869
407 8.9483 0.4654 pedestrian 0.661210834980011
407 9.3744 -0.2142 pedestrian 0.5439248085021973
408 8.9483 0.4305 pedestrian 0.5185937881469727
408 9.3744 -0.2466 pedestrian 0.43008366227149963
408 9.3744 -0.2142 cyclist 0.34468989074230194
409 8.9483 0.4305 pedestrian 0.534629613161087
409 9.3744 -0.2142 pedestrian 0.4651482105255127
409 9.3744 -0.2142 cyclist 0.36017823219299316
410 8.9483 0.4305 pedestrian 0.5469536781311035
410 9.3744 -0.2142 pedestrian 0.4880785346031189
410 9.5875 -0.1981 cyclist 0.3493341654539108
411 8.9483 0.4132 pedestrian 0.5344829261302948
411 9.3744 -0.2142 pedestrian 0.5026071965694427
411 9.3744 -0.2142 cyclist 0.3483160734176636
412 8.9483 0.4305 pedestrian 0.5498640537261963
412 9.3744 -0.2142 pedestrian 0.5423047244548798
412 9.5875 -0.1981 cyclist 0.33334559202194214
413 9.3744 -0.2142 pedestrian 0.538307249546051
413 8.9483 0.4305 pedestrian 0.5368340909481049
413 9.3744 -0.2142 cyclist 0.32772764563560486
414 9.3744 -0.2142 pedestrian 0.5354132652282715
414 8.9483 0.4132 pedestrian 0.5287972986698151
414 9.3744 -0.1981 cyclist 0.34485213458538055
415 9.3744 -0.2142 pedestrian 0.49830272793769836
415 8.7352 0.4479 pedestrian 0.49692466855049133
415 9.3744 -0.2142 cyclist 0.3489474654197693
416 9.3744 -0.1981 pedestrian 0.5836719572544098
416 8.7352 0.3961 pedestrian 0.3943803906440735
417 9.3744 -0.1981 pedestrian 0.6368100643157959
417 8.7352 0.4132 pedestrian 0.4324597418308258
418 9.3744 -0.1981 pedestrian 0.6824037134647369
418 8.7352 0.4132 pedestrian 0.4441712200641632
419 9.3744 -0.1981 pedestrian 0.6817100942134857
419 8.7352 0.4132 pedestrian 0.47082746028900146
420 9.3744 -0.1981 pedestrian 0.6806915700435638
420 8.7352 0.3961 pedestrian 0.480428010225296
421 9.3744 -0.1981 pedestrian 0.6783912479877472
421 8.7352 0.4132 pedestrian 0.492683470249176
422 9.3744 -0.1821 pedestrian 0.6726557016372681
422 8.7352 0.3961 pedestrian 0.45744940638542175
423 9.3744 -0.1981 pedestrian 0.6318534314632416
423 8.7352 0.3961 pedestrian 0.42035341262817383
424 9.3744 -0.1821 pedestrian 0.7094804048538208
424 8.7352 0.3961 pedestrian 0.41132262349128723
425 9.3744 -0.1981 pedestrian 0.7555001378059387
425 8.7352 0.3961 pedestrian 0.4681103229522705
426 9.3744 -0.1661 pedestrian 0.7880337834358215
426 8.7352 0.3791 pedestrian 0.5203366279602051
427 9.3744 -0.1661 pedestrian 0.8008500039577484
427 8.7352 0.3961 pedestrian 0.5270615220069885
428 9.3744 -0.1821 pedestrian 0.7954537868499756
428 8.7352 0.3791 pedestrian 0.5362643897533417
429 9.3744 -0.1661 pedestrian 0.8014025390148163
429 8.7352 0.3791 pedestrian 0.5330924689769745
430 9.3744 -0.1821 pedestrian 0.7783176898956299
430 8.7352 0.3961 pedestrian 0.5218481719493866
431 9.3744 -0.1661 pedestrian 0.7194012403488159
431 8.7352 0.3791 pedestrian 0.49822989106178284
432 9.3744 -0.1821 pedestrian 0.644264280796051
432 8.7352 0.3622 pedestrian 0.6032878160476685
433 9.3744 -0.1661 pedestrian 0.6936701536178589
433 8.7352 0.3622 pedestrian 0.6531598567962646
434 9.3744 -0.1661 pedestrian 0.7310718894004822
434 8.7352 0.3454 pedestrian 0.7013005614280701
435 9.3744 -0.1661 pedestrian 0.740132749080658
435 8.7352 0.3454 pedestrian 0.700813889503479
436 9.3744 -0.1661 pedestrian 0.7315633594989777
436 8.7352 0.3287 pedestrian 0.7027248442173004
437 9.3744 -0.1661 pedestrian 0.7377751767635345
437 8.7352 0.3454 pedestrian 0.7148780822753906
438 9.3744 -0.1661 pedestrian 0.7105632126331329
438 8.7352 0.3287 pedestrian 0.66404590010643
439 9.3744 -0.1502 pedestrian 0.6681729257106781
439 8.7352 0.3121 pedestrian 0.6201341152191162
440 9.3744 -0.1343 pedestrian 0.6815080046653748
440 8.5222 0.3287 pedestrian 0.676083892583847
441 9.3744 -0.1343 pedestrian 0.731788843870163
441 8.5222 0.3287 pedestrian 0.7174311280250549
442 9.3744 -0.1343 pedestrian 0.7747529447078705
442 8.5222 0.3121 pedestrian 0.762799471616745
443 9.3744 -0.1343 pedestrian 0.7845739722251892
443 8.5222 0.3287 pedestrian 0.7655475735664368
444 9.3744 -0.1343 pedestrian 0.7855778932571411
444 8.5222 0.3121 pedestrian 0.7492834031581879
445 9.3744 -0.1343 pedestrian 0.7860954105854034
445 8.5222 0.3121 pedestrian 0.7451819777488708
446 9.3744 -0.1343 pedestrian 0.7535471618175507
446 8.5222 0.2956 pedestrian 0.7008275091648102
447 9.3744 -0.1343 pedestrian 0.7074715495109558
447 8.5222 0.2956 pedestrian 0.6495578587055206
448 9.3744 -0.1184 pedestrian 0.7352092862129211
448 8.3091 0.2956 pedestrian 0.6309258937835693
449 9.1614 -0.1025 pedestrian 0.7876224517822266
449 8.3091 0.2792 pedestrian 0.6731938421726227
450 9.3744 -0.1025 pedestrian 0.8126676976680756
450 8.3091 0.2792 pedestrian 0.7036243677139282
451 9.3744 -0.1025 pedestrian 0.8432517945766449
451 8.3091 0.2792 pedestrian 0.7113607823848724
452 9.1614 -0.1025 pedestrian 0.8256511986255646
452 8.3091 0.2792 pedestrian 0.7288305759429932
453 9.3744 -0.1025 pedestrian 0.832548052072525
453 8.3091 0.2792 pedestrian 0.7381148040294647
454 9.3744 -0.1025 pedestrian 0.794725626707077
454 8.3091 0.2792 pedestrian 0.70540452003479
455 9.3744 -0.1025 pedestrian 0.7527307271957397
455 8.3091 0.2629 pedestrian 0.6844911873340607
456 8.3091 0.2629 pedestrian 0.755520761013031
456 9.1614 -0.0867 pedestrian 0.7493870258331299
457 8.3091 0.2792 pedestrian 0.8110726773738861
457 9.1614 -0.0867 pedestrian 0.7795068919658661
458 8.3091 0.2629 pedestrian 0.8592122793197632
458 9.1614 -0.0867 pedestrian 0.8350158631801605
459 8.3091 0.2629 pedestrian 0.8731523156166077
459 9.3744 -0.1025 pedestrian 0.836066484451294
460 8.3091 0.2629 pedestrian 0.8830751478672028
460 9.1614 -0.0867 pedestrian 0.8416058719158173
461 8.3091 0.2466 pedestrian 0.8809270262718201
461 9.1614 -0.0867 pedestrian 0.8355907797813416
462 8.3091 0.2629 pedestrian 0.8297893702983856
462 9.3744 -0.0867 pedestrian 0.8014263808727264
463 8.3091 0.2629 pedestrian 0.7919992506504059
463 9.1614 -0.0709 pedestrian 0.7598781585693359
464 9.1614 -0.0709 pedestrian 0.752757340669632
464 8.0961 0.2304 pedestrian 0.6994653046131134
465 9.1614 -0.0709 pedestrian 0.7980233728885651
465 8.0961 0.2304 pedestrian 0.7431400120258331
466 9.1614 -0.0709 pedestrian 0.8312505483627319
466 8.0961 0.2304 pedestrian 0.785193920135498
467 9.1614 -0.0709 pedestrian 0.8362115323543549
467 8.0961 0.2466 pedestrian 0.79304039478302
468 9.1614 -0.0709 pedestrian 0.8512532413005829
468 8.0961 0.2466 pedestrian 0.8033705353736877
469 9.1614 -0.0551 pedestrian 0.849802702665329
469 8.0961 0.2304 pedestrian 0.8046599328517914
470 9.1614 -0.0551 pedestrian 0.820256233215332
470 8.0961 0.2304 pedestrian 0.7749193608760834
471 9.1614 -0.0551 pedestrian 0.7730807065963745
471 8.0961 0.2304 pedestrian 0.7441069185733795
472 8.0961 0.2142 pedestrian 0.7245743274688721
472 9.1614 -0.0394 pedestrian 0.7017931342124939
473 8.0961 0.1981 pedestrian 0.7874917387962341
473 9.1614 -0.0394 pedestrian 0.7446887195110321
474 8.0961 0.2142 pedestrian 0.8213140070438385
474 9.1614 -0.0394 pedestrian 0.7862689793109894
475 8.0961 0.2142 pedestrian 0.8309948146343231
475 9.1614 -0.0394 pedestrian 0.7732178270816803
476 7.8830 0.1981 pedestrian 0.8652133941650391
476 9.1614 -0.0394 pedestrian 0.7896288931369781
477 8.0961 0.1981 pedestrian 0.8593400716781616
477 9.1614 -0.0236 pedestrian 0.7678127884864807
478 7.8830 0.1981 pedestrian 0.8366352617740631
478 9.1614 -0.0394 pedestrian 0.7368761599063873
479 7.8830 0.1821 pedestrian 0.7895192801952362
479 9.3744 -0.0394 pedestrian 0.6806777715682983
480 7.8830 0.1821 pedestrian 0.7341491281986237
480 9.1614 -0.0079 pedestrian 0.5978558361530304
481 7.8830 0.1821 pedestrian 0.7822463512420654
481 9.1614 -0.0079 pedestrian 0.6146332323551178
482 7.8830 0.1821 pedestrian 0.827918529510498
482 9.1614 0.0236 pedestrian 0.6238993108272552
483 7.8830 0.1661 pedestrian 0.8112504482269287
483 9.3744 0.0236 pedestrian 0.6290598809719086
484 7.8830 0.1821 pedestrian 0.8136742115020752
484 9.1614 0.0236 pedestrian 0.6469833552837372
485 7.8830 0.1661 pedestrian 0.8114372789859772
485 9.3744 0.0079 pedestrian 0.6489122807979584
486 7.8830 0.1661 pedestrian 0.7721173167228699
486 9.3744 0.0079 pedestrian 0.6315320432186127
487 7.8830 0.1502 pedestrian 0.7296066880226135
487 9.3744 0.0236 pedestrian 0.6008523106575012
488 7.8830 0.1343 pedestrian 0.668188065290451
488 9.3744 0.0394 pedestrian 0.6104562878608704
489 7.8830 0.1184 pedestrian 0.7125801742076874
489 9.3744 0.0236 pedestrian 0.6300374567508698
490 7.8830 0.1184 pedestrian 0.7438197433948517
490 9.1614 0.0236 pedestrian 0.6526809334754944
491 7.8830 0.1184 pedestrian 0.7328503429889679
491 9.3744 0.0236 pedestrian 0.6762114465236664
492 7.8830 0.1184 pedestrian 0.7233822345733643
492 9.3744 0.0394 pedestrian 0.7114831209182739
493 7.8830 0.1184 pedestrian 0.7219711244106293
493 9.3744 0.0236 pedestrian 0.7056041955947876
494 7.8830 0.1184 pedestrian 0.684549480676651
494 9.3744 0.0394 pedestrian 0.6839156448841095
495 7.8830 0.1184 pedestrian 0.6655017733573914
495 9.1614 0.0551 pedestrian 0.6492295265197754
496 9.1614 0.0551 pedestrian 0.651491791009903
496 8.0961 0.0867 pedestrian 0.6408620476722717
497 7.8830 0.0867 pedestrian 0.6742729246616364
497 9.1614 0.0867 pedestrian 0.6710337698459625
498 9.1614 0.0709 pedestrian 0.7051665186882019
498 7.8830 0.0867 pedestrian 0.6921720504760742
499 7.8830 0.0867 pedestrian 0.7005172967910767
499 9.1614 0.0867 pedestrian 0.6953951716423035
500 9.1614 0.0867 pedestrian 0.7060815691947937
500 8.0961 0.0867 pedestrian 0.6808585524559021
501 9.3744 0.0709 pedestrian 0.7099120616912842
501 7.8830 0.0867 pedestrian 0.7015461325645447
502 9.3744 0.0867 pedestrian 0.6817464232444763
502 7.8830 0.0867 pedestrian 0.6644006967544556
503 9.1614 0.0551 pedestrian 0.639409750699997
503 8.0961 0.0709 pedestrian 0.6386195123195648
504 9.3744 0.0867 pedestrian 0.676673173904419
504 7.8830 0.0709 pedestrian 0.636549711227417
505 9.3744 0.0867 pedestrian 0.704884946346283
505 7.8830 0.0551 pedestrian 0.6640269756317139
506 9.3744 0.0867 pedestrian 0.7154642939567566
506 7.8830 0.0709 pedestrian 0.6662457585334778
507 9.3744 0.0867 pedestrian 0.7072956264019012
507 7.6700 0.0551 pedestrian 0.6653290092945099
508 9.3744 0.0867 pedestrian 0.7209852933883667
508 7.6700 0.0236 pedestrian 0.6493527889251709
509 9.3744 0.0867 pedestrian 0.7353782653808594
509 7.6700 0.0551 pedestrian 0.6484631597995758
510 9.3744 0.0867 pedestrian 0.7264705002307892
510 7.6700 0.0236 pedestrian 0.6173487901687622
511 9.3744 0.0867 pedestrian 0.6690379679203033
511 7.6700 0.0551 pedestrian 0.562437504529953
512 9.3744 0.1184 pedestrian 0.6848240196704865
512 7.4569 -0.0079 pedestrian 0.6246949434280396
513 9.3744 0.1184 pedestrian 0.7329036593437195
513 7.6700 -0.0079 pedestrian 0.6601775884628296
514 9.3744 0.1184 pedestrian 0.7684056758880615
514 7.4569 -0.0079 pedestrian 0.7225245833396912
515 9.3744 0.1184 pedestrian 0.7761157751083374
515 7.4569 -0.0079 pedestrian 0.7196848392486572
516 9.3744 0.1184 pedestrian 0.7932633459568024
516 7.4569 -0.0079 pedestrian 0.7425904870033264
517 9.3744 0.1184 pedestrian 0.8014171123504639
517 7.6700 -0.0079 pedestrian 0.7501995861530304
518 9.3744 0.1343 pedestrian 0.7682665288448334
518 7.4569 -0.0236 pedestrian 0.7250258028507233
519 9.5875 0.1184 pedestrian 0.7145208418369293
519 7.6700 -0.0236 pedestrian 0.6958698034286499
520 7.6700 -0.0394 pedestrian 0.7352111339569092
520 9.3744 0.1502 pedestrian 0.7226656377315521
521 7.4569 -0.0394 pedestrian 0.7891895771026611
521 9.5875 0.1502 pedestrian 0.7689513564109802
522 7.4569 -0.0394 pedestrian 0.8192018568515778
522 9.3744 0.1502 pedestrian 0.8175433874130249
523 9.3744 0.1502 pedestrian 0.8092649877071381
523 7.4569 -0.0394 pedestrian 0.8063362538814545
524 9.3744 0.1502 pedestrian 0.8330428898334503
524 7.4569 -0.0394 pedestrian 0.816490113735199
525 9.3744 0.1661 pedestrian 0.8308075368404388
525 7.4569 -0.0394 pedestrian 0.8303456008434296
526 9.3744 0.1502 pedestrian 0.8470404744148254
526 7.4569 -0.0551 pedestrian 0.802335649728775
527 9.3744 0.1661 pedestrian 0.7837299704551697
527 7.6700 -0.0551 pedestrian 0.7469500601291656
528 9.3744 0.1821 pedestrian 0.8449683487415314
528 7.4569 -0.0709 pedestrian 0.7078877389431
529 9.3744 0.1821 pedestrian 0.8973745107650757
529 7.4569 -0.0709 pedestrian 0.7555002868175507
530 9.3744 0.1821 pedestrian 0.9517459273338318
530 7.6700 -0.0709 pedestrian 0.7793480753898621
531 9.3744 0.1821 pedestrian 0.9404157400131226
531 7.4569 -0.0709 pedestrian 0.7942253351211548
532 9.3744 0.1821 pedestrian 0.9644612669944763
532 7.6700 -0.0867 pedestrian 0.8033349514007568
533 9.3744 0.1821 pedestrian 0.9446158409118652
533 7.4569 -0.0709 pedestrian 0.7998855113983154
534 9.3744 0.1821 pedestrian 0.9292201101779938
534 7.6700 -0.1025 pedestrian 0.790387362241745
535 9.3744 0.1981 pedestrian 0.865080714225769
535 7.6700 -0.0867 pedestrian 0.7421557009220123
536 9.3744 0.1981 pedestrian 0.8262182772159576
536 7.6700 -0.1025 pedestrian 0.7795129120349884
537 9.3744 0.2142 pedestrian 0.8773951530456543
537 7.6700 -0.1025 pedestrian 0.8263695538043976
538 9.3744 0.2142 pedestrian 0.9407298266887665
538 7.6700 -0.1025 pedestrian 0.8812080025672913
539 9.3744 0.2142 pedestrian 0.942855179309845
539 7.6700 -0.1025 pedestrian 0.8883917331695557
540 9.3744 0.2142 pedestrian 0.9472144246101379
540 7.6700 -0.1025 pedestrian 0.9136858880519867
541 9.3744 0.2142 pedestrian 0.9743039011955261
541 7.6700 -0.1025 pedestrian 0.8980384171009064
542 9.3744 0.2142 pedestrian 0.9335561990737915
542 7.6700 -0.1025 pedestrian 0.8955457508563995
543 9.3744 0.1981 pedestrian 0.863955944776535
543 7.6700 -0.1025 pedestrian 0.8326036036014557
544 9.3744 0.2304 pedestrian 0.8343962132930756
544 7.6700 -0.1184 pedestrian 0.7803759872913361
545 9.3744 0.2304 pedestrian 0.8768503367900848
545 7.6700 -0.1025 pedestrian 0.8206019997596741
546 9.3744 0.2304 pedestrian 0.9247222542762756
546 7.6700 -0.1025 pedestrian 0.8520491719245911
547 9.3744 0.2304 pedestrian 0.9167986512184143
547 7.6700 -0.1025 pedestrian 0.8550916314125061
548 9.3744 0.2304 pedestrian 0.9267199635505676
548 7.6700 -0.1184 pedestrian 0.8669399917125702
549 9.3744 0.2142 pedestrian 0.9409567713737488
549 7.6700 -0.1184 pedestrian 0.8651485741138458
550 9.3744 0.2304 pedestrian 0.9083243012428284
550 7.6700 -0.1184 pedestrian 0.8575792014598846
551 9.3744 0.2304 pedestrian 0.8493746817111969
551 7.8830 -0.1343 pedestrian 0.7876343429088593
552 9.3744 0.2466 pedestrian 0.7965951263904572
552 7.6700 -0.1502 pedestrian 0.722480446100235
553 9.3744 0.2466 pedestrian 0.8527339398860931
553 7.6700 -0.1502 pedestrian 0.7774311006069183
554 9.3744 0.2466 pedestrian 0.8989285230636597
554 7.6700 -0.1661 pedestrian 0.7974975109100342
555 9.3744 0.2466 pedestrian 0.9050408899784088
555 7.6700 -0.1502 pedestrian 0.7914406657218933
556 9.3744 0.2466 pedestrian 0.920381486415863
556 7.6700 -0.1661 pedestrian 0.79498490691185
557 9.3744 0.2466 pedestrian 0.9154014587402344
557 7.8830 -0.1661 pedestrian 0.8020401000976562
558 9.3744 0.2466 pedestrian 0.8841764032840729
558 7.6700 -0.1661 pedestrian 0.7751888632774353
559 9.3744 0.2304 pedestrian 0.8179953396320343
559 7.6700 -0.1502 pedestrian 0.7262373268604279
560 9.3744 0.2792 pedestrian 0.7636049091815948
560 7.8830 -0.1821 pedestrian 0.721640944480896
561 9.3744 0.2792 pedestrian 0.8153856992721558
561 7.8830 -0.1981 pedestrian 0.7659158706665039
562 9.3744 0.2792 pedestrian 0.8645212352275848
562 7.8830 -0.1981 pedestrian 0.8118547201156616
563 9.3744 0.2792 pedestrian 0.8693435490131378
563 7.8830 -0.1981 pedestrian 0.7908526957035065
564 9.3744 0.2792 pedestrian 0.881992757320404
564 7.8830 -0.1981 pedestrian 0.7986871898174286
565 9.3744 0.2792 pedestrian 0.8787661194801331
565 7.8830 -0.1981 pedestrian 0.7978050410747528
566 9.3744 0.2792 pedestrian 0.8722883760929108
566 7.8830 -0.1981 pedestrian 0.7794531881809235
567 9.3744 0.2956 pedestrian 0.7982168197631836
567 7.8830 -0.1981 pedestrian 0.74375981092453
568 9.3744 0.2956 pedestrian 0.7760557532310486
568 7.8830 -0.2142 pedestrian 0.6687233448028564
569 9.3744 0.2956 pedestrian 0.8339293599128723
569 7.8830 -0.2304 pedestrian 0.7097146213054657
570 9.3744 0.3121 pedestrian 0.8801707923412323
570 7.8830 -0.2304 pedestrian 0.7430741190910339
571 9.3744 0.2956 pedestrian 0.8766385316848755
571 8.0961 -0.2304 pedestrian 0.7447188198566437
572 9.3744 0.3121 pedestrian 0.8883087635040283
572 8.0961 -0.2304 pedestrian 0.749220222234726
573 9.3744 0.2956 pedestrian 0.8800902962684631
573 8.0961 -0.2304 pedestrian 0.7552639245986938
574 9.3744 0.2956 pedestrian 0.8510542809963226
574 8.0961 -0.2304 pedestrian 0.7339015603065491
575 9.3744 0.2956 pedestrian 0.7966059744358063
575 8.0961 -0.2466 pedestrian 0.68135866522789
576 9.3744 0.3287 pedestrian 0.7545056939125061
576 8.0961 -0.2629 pedestrian 0.6710909008979797
577 9.3744 0.3287 pedestrian 0.8039757609367371
577 8.0961 -0.2466 pedestrian 0.7228794395923615
578 9.3744 0.3121 pedestrian 0.8378807902336121
578 8.0961 -0.2466 pedestrian 0.7433682084083557
579 9.3744 0.3454 pedestrian 0.858592301607132
579 8.0961 -0.2629 pedestrian 0.7609408795833588
580 9.3744 0.3287 pedestrian 0.8606306612491608
580 8.0961 -0.2629 pedestrian 0.7570363879203796
581 9.3744 0.3454 pedestrian 0.8740295469760895
581 8.0961 -0.2466 pedestrian 0.7523757815361023
582 9.3744 0.3454 pedestrian 0.8184048235416412
582 8.0961 -0.2629 pedestrian 0.725418359041214
583 9.3744 0.3454 pedestrian 0.7719601392745972
583 8.0961 -0.2466 pedestrian 0.6909917593002319
584 9.1614 0.3622 pedestrian 0.7513270080089569
584 8.0961 -0.2792 pedestrian 0.6996350288391113
585 9.1614 0.3454 pedestrian 0.8055473566055298
585 8.0961 -0.2792 pedestrian 0.745771735906601
586 9.1614 0.3622 pedestrian 0.8561895787715912
586 8.0961 -0.2956 pedestrian 0.7776353657245636
587 9.1614 0.3622 pedestrian 0.8489828705787659
587 8.0961 -0.2956 pedestrian 0.7740203142166138
588 9.1614 0.3622 pedestrian 0.8643994629383087
588 8.0961 -0.2956 pedestrian 0.7758142352104187
589 9.1614 0.3454 pedestrian 0.8702978193759918
589 8.0961 -0.2956 pedestrian 0.7831236124038696
590 9.1614 0.3622 pedestrian 0.8155603110790253
590 8.0961 -0.2956 pedestrian 0.7686286568641663
591 9.1614 0.3622 pedestrian 0.7550794780254364
591 8.0961 -0.3121 pedestrian 0.7216819226741791
592 9.1614 0.3622 pedestrian 0.7654076516628265
592 8.0961 -0.3287 pedestrian 0.6977628469467163
593 9.1614 0.3622 pedestrian 0.8130195140838623
593 8.3091 -0.2956 pedestrian 0.7556420564651489
594 9.1614 0.3622 pedestrian 0.8663138747215271
594 8.3091 -0.2956 pedestrian 0.7844568490982056
595 9.1614 0.3622 pedestrian 0.8653057813644409
595 8.3091 -0.3287 pedestrian 0.7853153645992279
596 9.1614 0.3622 pedestrian 0.8815188407897949
596 8.3091 -0.3121 pedestrian 0.7995911538600922
597 9.1614 0.3622 pedestrian 0.8769298195838928
597 8.3091 -0.2956 pedestrian 0.8058840036392212
598 9.1614 0.3622 pedestrian 0.8213077485561371
598 8.3091 -0.3287 pedestrian 0.7926867306232452
599 9.1614 0.3622 pedestrian 0.7667696177959442
599 8.3091 -0.3287 pedestrian 0.7485611140727997
600 9.1614 0.3622 pedestrian 0.7728967070579529
600 8.3091 -0.3454 pedestrian 0.7263838052749634
601 9.1614 0.3622 pedestrian 0.8267182409763336
601 8.3091 -0.3287 pedestrian 0.7802440226078033
602 9.1614 0.3791 pedestrian 0.8716776669025421
602 8.5222 -0.3287 pedestrian 0.8036490976810455
603 9.1614 0.3791 pedestrian 0.8750460147857666
603 8.3091 -0.3287 pedestrian 0.7963497340679169
604 9.1614 0.3622 pedestrian 0.887098640203476
604 8.5222 -0.3287 pedestrian 0.8254944086074829
605 9.1614 0.3622 pedestrian 0.8841617107391357
605 8.5222 -0.3454 pedestrian 0.8377688527107239
606 9.1614 0.3791 pedestrian 0.8360481262207031
606 8.5222 -0.3287 pedestrian 0.8204590976238251
607 9.1614 0.3791 pedestrian 0.7877256274223328
607 8.5222 -0.3454 pedestrian 0.779524177312851
608 9.1614 0.3791 pedestrian 0.7621255815029144
608 8.5222 -0.3622 pedestrian 0.7159389555454254
609 9.1614 0.3791 pedestrian 0.821360319852829
609 8.5222 -0.3622 pedestrian 0.7597022652626038
610 9.1614 0.3791 pedestrian 0.865421861410141
610 8.5222 -0.3622 pedestrian 0.7931815087795258
611 9.1614 0.3791 pedestrian 0.8661622703075409
611 8.5222 -0.3622 pedestrian 0.7863319218158722
612 9.1614 0.3791 pedestrian 0.8550306856632233
612 8.5222 -0.3622 pedestrian 0.789947122335434
613 9.1614 0.3791 pedestrian 0.8534049093723297
613 8.5222 -0.3622 pedestrian 0.7909055948257446
614 9.1614 0.3791 pedestrian 0.8058368265628815
614 8.5222 -0.3622 pedestrian 0.7850331962108612
615 8.9483 0.3961 pedestrian 0.765274852514267
615 8.7352 -0.3622 pedestrian 0.7153941988945007
616 8.9483 0.3622 pedestrian 0.6965953707695007
616 8.7352 -0.3622 pedestrian 0.6801099181175232
617 8.9483 0.3622 pedestrian 0.7498508095741272
617 8.7352 -0.3622 pedestrian 0.7130428552627563
618 8.9483 0.3622 pedestrian 0.7759978473186493
618 8.7352 -0.3791 pedestrian 0.7385442852973938
619 8.9483 0.3791 pedestrian 0.7910150587558746
619 8.7352 -0.3622 pedestrian 0.7399691045284271
620 8.9483 0.3791 pedestrian 0.7876228392124176
620 8.7352 -0.3791 pedestrian 0.7534598708152771
621 8.9483 0.3622 pedestrian 0.7887150943279266
621 8.7352 -0.3622 pedestrian 0.769999772310257
622 8.9483 -0.3622 pedestrian 0.7507850825786591
622 8.9483 0.3791 pedestrian 0.7403051555156708
623 8.9483 -0.3791 pedestrian 0.7183789014816284
623 8.7352 0.3791 pedestrian 0.6973724663257599
624 8.9483 0.3622 pedestrian 0.6139997839927673
624 8.9483 -0.3791 pedestrian 0.6095725297927856
625 8.9483 -0.3791 pedestrian 0.6500488519668579
625 8.9483 0.3622 pedestrian 0.6497236490249634
626 8.7352 0.3791 pedestrian 0.6842083036899567
626 8.9483 -0.3791 pedestrian 0.683397501707077
627 8.9483 -0.3791 pedestrian 0.6817531287670135
627 8.9483 0.3791 pedestrian 0.681694507598877
628 8.7352 0.3961 pedestrian 0.6844572722911835
628 8.9483 -0.3791 pedestrian 0.6766772270202637
629 8.7352 0.3791 pedestrian 0.6877056956291199
629 8.9483 -0.3622 pedestrian 0.679673045873642
630 8.9483 -0.3622 pedestrian 0.6599465608596802
630 8.7352 0.3961 pedestrian 0.656653106212616
631 8.7352 0.3791 pedestrian 0.6374911367893219
631 8.9483 -0.3791 pedestrian 0.6297897100448608
632 8.9483 -0.3622 pedestrian 0.7108596563339233
632 8.7352 0.3791 pedestrian 0.596626341342926
633 8.9483 -0.3791 pedestrian 0.762647420167923
633 8.7352 0.3791 pedestrian 0.6368268430233002
634 8.9483 -0.3791 pedestrian 0.8096168339252472
634 8.7352 0.3791 pedestrian 0.6849210560321808
635 8.9483 -0.3791 pedestrian 0.8060369491577148
635 8.7352 0.3791 pedestrian 0.6763186454772949
636 9.1614 -0.3622 pedestrian 0.8080313801765442
636 8.7352 0.3791 pedestrian 0.6749546825885773
637 9.1614 -0.3622 pedestrian 0.8254087865352631
637 8.7352 0.3791 pedestrian 0.6723429560661316
638 9.1614 -0.3791 pedestrian 0.7982051074504852
638 8.7352 0.3791 pedestrian 0.6434845924377441
639 9.1614 -0.3791 pedestrian 0.7691648900508881
639 8.7352 0.3791 pedestrian 0.6249038875102997
640 9.1614 -0.3791 pedestrian 0.7975880205631256
640 8.5222 0.3622 pedestrian 0.6538197696208954
641 9.1614 -0.3622 pedestrian 0.875947505235672
641 8.5222 0.3622 pedestrian 0.7083097100257874
642 9.1614 -0.3622 pedestrian 0.8903898298740387
642 8.5222 0.3622 pedestrian 0.7359016835689545
643 9.1614 -0.3622 pedestrian 0.9034069180488586
643 8.5222 0.3454 pedestrian 0.7489728033542633
644 9.1614 -0.3622 pedestrian 0.8995560109615326
644 8.5222 0.3622 pedestrian 0.7370586395263672
645 9.1614 -0.3622 pedestrian 0.9188943207263947
645 8.5222 0.3454 pedestrian 0.7528436183929443
646 9.1614 -0.3622 pedestrian 0.870881974697113
646 8.5222 0.3622 pedestrian 0.7186046838760376
647 9.1614 -0.3791 pedestrian 0.8233133256435394
647 8.5222 0.3454 pedestrian 0.6693080365657806
648 9.1614 -0.3454 pedestrian 0.7580951452255249
648 8.3091 0.3287 pedestrian 0.7154994010925293
649 9.1614 -0.3622 pedestrian 0.8054332435131073
649 8.3091 0.3454 pedestrian 0.7865273356437683
650 9.1614 -0.3454 pedestrian 0.8346343040466309
650 8.3091 0.3454 pedestrian 0.8100943863391876
651 9.1614 -0.3454 pedestrian 0.8362209796905518
651 8.3091 0.3287 pedestrian 0.8102619051933289
652 9.1614 -0.3454 pedestrian 0.8411048650741577
652 8.3091 0.3454 pedestrian 0.8110099136829376
653 9.1614 -0.3454 pedestrian 0.8523612022399902
653 8.3091 0.3454 pedestrian 0.827862024307251
654 9.1614 -0.3454 pedestrian 0.829154759645462
654 8.3091 0.3287 pedestrian 0.782662034034729
655 9.1614 -0.3454 pedestrian 0.7922299206256866
655 8.3091 0.3287 pedestrian 0.744080662727356
656 9.3744 -0.3287 pedestrian 0.762010782957077
656 8.3091 0.3121 pedestrian 0.7032824456691742
657 9.3744 -0.3287 pedestrian 0.8126626014709473
657 8.3091 0.3121 pedestrian 0.7528432309627533
658 9.3744 -0.3287 pedestrian 0.8465961813926697
658 8.3091 0.3121 pedestrian 0.7838958203792572
659 9.3744 -0.3287 pedestrian 0.8415938317775726
659 8.3091 0.3121 pedestrian 0.7944780588150024
660 9.3744 -0.3287 pedestrian 0.8712649047374725
660 8.3091 0.3121 pedestrian 0.7954166233539581
661 9.3744 -0.3287 pedestrian 0.8607211709022522
661 8.3091 0.2956 pedestrian 0.799487829208374
662 9.3744 -0.3287 pedestrian 0.8406089544296265
662 8.3091 0.2956 pedestrian 0.7715020477771759
663 9.3744 -0.3454 pedestrian 0.7793191075325012
663 8.3091 0.2956 pedestrian 0.717169851064682
664 8.3091 0.2956 pedestrian 0.7409391403198242
664 9.3744 -0.3121 pedestrian 0.735156238079071
665 9.3744 -0.3287 pedestrian 0.7772347033023834
665 8.3091 0.2792 pedestrian 0.7770262062549591
666 8.3091 0.2956 pedestrian 0.8217875361442566
666 9.3744 -0.2956 pedestrian 0.8181365132331848
667 8.3091 0.2956 pedestrian 0.8203812539577484
667 9.3744 -0.2956 pedestrian 0.815795361995697
668 8.3091 0.2792 pedestrian 0.8224166035652161
668 9.3744 -0.3287 pedestrian 0.8198226392269135
669 9.3744 -0.2956 pedestrian 0.8332245349884033
669 8.3091 0.2792 pedestrian 0.8225560784339905
670 9.3744 -0.3121 pedestrian 0.8203239440917969
670 8.3091 0.2956 pedestrian 0.7893241345882416
671 9.3744 -0.3121 pedestrian 0.7587078511714935
671 8.3091 0.2956 pedestrian 0.7357325851917267
672 8.3091 0.2466 pedestrian 0.8061415255069733
672 9.3744 -0.2792 pedestrian 0.7174957990646362
673 8.3091 0.2466 pedestrian 0.8716627359390259
673 9.5875 -0.2956 pedestrian 0.7594279050827026
674 8.3091 0.2466 pedestrian 0.8862819373607635
674 9.5875 -0.2629 pedestrian 0.7963050305843353
675 8.3091 0.2466 pedestrian 0.8987914323806763
675 9.3744 -0.2792 pedestrian 0.786043107509613
676 8.3091 0.2466 pedestrian 0.8850606977939606
676 9.5875 -0.2629 pedestrian 0.7924593985080719
677 8.3091 0.2466 pedestrian 0.8943553566932678
677 9.5875 -0.2792 pedestrian 0.795052170753479
678 8.3091 0.2466 pedestrian 0.8468783497810364
678 9.5875 -0.2792 pedestrian 0.7839896082878113
679 8.3091 0.2304 pedestrian 0.8030588626861572
679 9.5875 -0.2629 pedestrian 0.7528880834579468
680 8.3091 0.2304 pedestrian 0.838036984205246
680 9.3744 -0.2466 pedestrian 0.7087884247303009
681 8.3091 0.2142 pedestrian 0.8895397484302521
681 9.3744 -0.2629 pedestrian 0.7479718029499054
682 8.0961 0.2142 pedestrian 0.9337300360202789
682 9.3744 -0.2304 pedestrian 0.7977927625179291
683 8.0961 0.2142 pedestrian 0.9444560706615448
683 9.3744 -0.2304 pedestrian 0.8029978573322296
684 8.0961 0.1981 pedestrian 0.941327840089798
684 9.3744 -0.2304 pedestrian 0.8100623190402985
685 8.0961 0.2142 pedestrian 0.9458882212638855
685 9.3744 -0.2466 pedestrian 0.8055202066898346
686 8.0961 0.2142 pedestrian 0.9151104092597961
686 9.3744 -0.2304 pedestrian 0.7892876267433167
687 8.0961 0.1981 pedestrian 0.8636933863162994
687 9.3744 -0.2304 pedestrian 0.7377413809299469
688 8.0961 0.1821 pedestrian 0.8856204450130463
688 9.3744 -0.2142 pedestrian 0.7784813642501831
689 8.0961 0.1981 pedestrian 0.9608097076416016
689 9.3744 -0.2142 pedestrian 0.8343604207038879
690 8.0961 0.1981 pedestrian 1.0
690 9.3744 -0.1981 pedestrian 0.8812932968139648
691 8.0961 0.1821 pedestrian 1.0
691 9.3744 -0.2304 pedestrian 0.8891101181507111
692 8.0961 0.1981 pedestrian 1.0
692 9.3744 -0.1981 pedestrian 0.913324385881424
693 8.0961 0.1821 pedestrian 1.0
693 9.3744 -0.2142 pedestrian 0.9100535809993744
694 8.0961 0.1981 pedestrian 0.951265960931778
694 9.3744 -0.2142 pedestrian 0.8907285034656525
695 8.0961 0.1981 pedestrian 0.9108158648014069
695 9.3744 -0.2142 pedestrian 0.8514303863048553
696 8.0961 0.1661 pedestrian 0.8923358619213104
696 9.3744 -0.1981 pedestrian 0.8142240047454834
697 8.3091 0.1821 pedestrian 0.9522863030433655
697 9.3744 -0.1981 pedestrian 0.8605933487415314
698 8.0961 0.1661 pedestrian 0.9827684164047241
698 9.3744 -0.1981 pedestrian 0.9021840989589691
699 8.0961 0.1821 pedestrian 1.0
699 9.3744 -0.1981 pedestrian 0.9000410735607147
700 8.0961 0.1661 pedestrian 0.9781628251075745
700 9.3744 -0.1981 pedestrian 0.9270683825016022
701 8.0961 0.1821 pedestrian 0.9903672635555267
701 9.3744 -0.1981 pedestrian 0.9098873138427734
702 8.3091 0.1661 pedestrian 0.9400500953197479
702 9.3744 -0.1821 pedestrian 0.8792392909526825
703 8.0961 0.1661 pedestrian 0.9033582806587219
703 9.3744 -0.1821 pedestrian 0.8196703493595123
704 8.0961 0.1661 pedestrian 0.8574444651603699
704 9.3744 -0.1661 pedestrian 0.7463251352310181
705 8.0961 0.1502 pedestrian 0.9005752801895142
705 9.3744 -0.1661 pedestrian 0.8037457168102264
706 8.0961 0.1502 pedestrian 0.9635216295719147
706 9.3744 -0.1661 pedestrian 0.8498327434062958
707 8.0961 0.1502 pedestrian 0.9628757238388062
707 9.3744 -0.1661 pedestrian 0.8603571057319641
708 8.0961 0.1502 pedestrian 0.9566752314567566
708 9.3744 -0.1661 pedestrian 0.8553036749362946
709 8.0961 0.1502 pedestrian 0.9606347978115082
709 9.3744 -0.1661 pedestrian 0.8599851429462433
710 8.0961 0.1502 pedestrian 0.9061950445175171
710 9.3744 -0.1661 pedestrian 0.8317021131515503
711 8.0961 0.1343 pedestrian 0.8658353090286255
711 9.3744 -0.1502 pedestrian 0.7743107676506042
712 8.0961 0.1502 pedestrian 0.8052621781826019
712 9.3744 -0.1502 pedestrian 0.7040662467479706
713 8.0961 0.1343 pedestrian 0.8640810251235962
713 9.3744 -0.1502 pedestrian 0.7355208396911621
714 8.0961 0.1502 pedestrian 0.9033367037773132
714 9.3744 -0.1502 pedestrian 0.7835592031478882
715 8.0961 0.1343 pedestrian 0.9222070276737213
715 9.3744 -0.1502 pedestrian 0.767287015914917
716 8.0961 0.1343 pedestrian 0.9266807436943054
716 9.3744 -0.1502 pedestrian 0.7846933603286743
717 8.0961 0.1343 pedestrian 0.9283958673477173
717 9.3744 -0.1502 pedestrian 0.7735629081726074
718 8.0961 0.1343 pedestrian 0.8699721395969391
718 9.3744 -0.1502 pedestrian 0.744121640920639
719 8.0961 0.1343 pedestrian 0.8371908068656921
719 9.3744 -0.1502 pedestrian 0.689487874507904
720 8.0961 0.1025 pedestrian 0.7448339462280273
720 9.3744 -0.1502 pedestrian 0.5398519933223724
721 8.0961 0.1025 pedestrian 0.7925753891468048
721 9.1614 -0.1184 pedestrian 0.5685807764530182
722 8.0961 0.1025 pedestrian 0.8447665870189667
722 9.3744 -0.1343 pedestrian 0.5846080482006073
723 8.0961 0.0867 pedestrian 0.8436564803123474
723 9.3744 -0.1025 pedestrian 0.593474805355072
724 8.0961 0.0867 pedestrian 0.8287263810634613
724 9.3744 -0.1184 pedestrian 0.6120400428771973
725 8.0961 0.0867 pedestrian 0.832822173833847
725 9.1614 -0.1184 pedestrian 0.6085027754306793
726 8.0961 0.0867 pedestrian 0.7696270048618317
726 9.3744 -0.1184 pedestrian 0.5757569968700409
727 8.0961 0.0867 pedestrian 0.7092915773391724
727 9.1614 -0.1184 pedestrian 0.556171715259552
728 8.0961 0.0551 pedestrian 0.5539004802703857
728 9.1614 -0.0709 pedestrian 0.489563912153244
729 8.0961 0.0709 pedestrian 0.599074512720108
729 9.1614 -0.0867 pedestrian 0.5097860991954803
730 8.0961 0.0551 pedestrian 0.6118685305118561
730 9.1614 -0.0709 pedestrian 0.5407622456550598
731 8.0961 0.0709 pedestrian 0.6070078909397125
731 9.1614 -0.0709 pedestrian 0.53742516040802
732 8.0961 0.0551 pedestrian 0.6375230252742767
732 9.1614 -0.0709 pedestrian 0.5859756767749786
733 8.0961 0.0709 pedestrian 0.6202479004859924
733 9.1614 -0.0867 pedestrian 0.5676320493221283
734 8.0961 0.0551 pedestrian 0.6023591458797455
734 8.9483 -0.0394 pedestrian 0.5778374373912811
735 8.0961 0.0709 pedestrian 0.5733608901500702
735 8.7352 -0.0079 pedestrian 0.5490988790988922
736 8.7352 -0.0236 pedestrian 0.45036324858665466
737 8.7352 0.0079 pedestrian 0.47000280022621155
738 8.7352 -0.0236 pedestrian 0.4912944436073303
739 8.7352 -0.0079 pedestrian 0.5120525062084198
740 8.7352 -0.0236 pedestrian 0.533776193857193
741 8.7352 -0.0079 pedestrian 0.5325426459312439
742 8.7352 -0.0236 pedestrian 0.4984166622161865
742 8.5222 -0.0394 cyclist 0.3048718050122261
743 8.7352 -0.0079 pedestrian 0.47470876574516296
743 8.5222 -0.0551 cyclist 0.3206786587834358
744 8.5222 -0.0394 cyclist 0.4193663001060486
745 8.5222 -0.0236 cyclist 0.44254499673843384
746 8.5222 -0.0551 cyclist 0.42055371403694153
746 8.3091 -0.0236 pedestrian 0.30579307675361633
747 8.5222 -0.0236 cyclist 0.4280721843242645
747 8.3091 -0.0236 pedestrian 0.30854544043540955
748 8.5222 -0.0551 cyclist 0.42228585481643677
748 8.3091 -0.0236 pedestrian 0.34190264344215393
749 8.5222 -0.0236 cyclist 0.42559124529361725
749 8.3091 0.0079 pedestrian 0.3382098376750946
750 8.5222 -0.0551 cyclist 0.4349989593029022
750 8.3091 -0.0079 pedestrian 0.33316972851753235
751 8.5222 -0.0236 cyclist 0.42210663855075836
751 8.3091 0.0079 pedestrian 0.3293832838535309
752 8.5222 -0.0394 cyclist 0.49287065863609314
753 8.5222 -0.0867 cyclist 0.5171337276697159
754 8.3091 -0.0709 cyclist 0.523430347442627
755 8.3091 -0.0551 cyclist 0.52516870200634
756 8.5222 -0.0551 cyclist 0.545803964138031
757 8.3091 -0.0551 cyclist 0.5456945300102234
758 8.5222 -0.0551 cyclist 0.5588570535182953
759 8.5222 -0.0709 cyclist 0.5334257185459137
760 8.5222 -0.0709 cyclist 0.5628798305988312
761 8.5222 -0.0867 cyclist 0.6029116213321686
762 8.5222 -0.0709 cyclist 0.5948672294616699
763 8.5222 -0.0867 cyclist 0.5911731421947479
764 8.5222 -0.0551 cyclist 0.5893019139766693
765 8.5222 -0.0551 cyclist 0.6063968241214752
766 8.5222 -0.0551 cyclist 0.613675057888031
767 8.5222 -0.0867 cyclist 0.5899946987628937
768 8.3091 -0.1025 cyclist 0.5092483758926392
769 8.5222 -0.0867 cyclist 0.5403899401426315
769 8.7352 0.0079 pedestrian 0.3231146037578583
770 8.3091 -0.0867 cyclist 0.5196764022111893
770 8.7352 0.0394 pedestrian 0.35304176807403564
771 8.5222 -0.0867 cyclist 0.5120992064476013
771 8.7352 0.0551 pedestrian 0.3361346125602722
772 8.3091 -0.1025 cyclist 0.5049982666969299
772 8.7352 0.0394 pedestrian 0.3729274868965149
773 8.5222 -0.0867 cyclist 0.504314661026001
773 8.7352 0.0236 pedestrian 0.36379846930503845
774 8.5222 -0.1184 cyclist 0.4856918007135391
774 8.7352 0.0394 pedestrian 0.3906289041042328
774 8.3091 -0.0867 pedestrian 0.31732505559921265
775 8.5222 -0.0867 cyclist 0.48460403084754944
775 8.7352 0.0394 pedestrian 0.37622472643852234
775 8.5222 -0.0709 pedestrian 0.3247610926628113
776 8.7352 0.0394 pedestrian 0.5330179333686829
776 8.3091 -0.1343 pedestrian 0.3548979163169861
776 8.5222 -0.1343 cyclist 0.32597508281469345
777 8.7352 0.0551 pedestrian 0.5669045448303223
777 8.5222 -0.1184 cyclist 0.3171006366610527
778 8.7352 0.0394 pedestrian 0.6130387485027313
778 8.3091 -0.0867 pedestrian 0.4313655495643616
779 8.7352 0.0551 pedestrian 0.6029863357543945
780 8.7352 0.0709 pedestrian 0.6212014555931091
780 8.3091 -0.1502 pedestrian 0.40532922744750977
781 8.7352 0.0709 pedestrian 0.606611043214798
782 8.7352 0.0394 pedestrian 0.5999972224235535
782 8.5222 -0.1343 cyclist 0.315409816801548
783 8.7352 0.0551 pedestrian 0.5771040320396423
783 8.5222 -0.1502 cyclist 0.3126031756401062
784 8.7352 0.0709 pedestrian 0.6129522919654846
784 8.5222 -0.0709 pedestrian 0.5209006667137146
785 8.7352 0.0551 pedestrian 0.6478481888771057
786 8.7352 0.0551 pedestrian 0.6651091575622559
786 8.5222 -0.0709 pedestrian 0.5697453618049622
787 8.5222 0.0551 pedestrian 0.6624220609664917
787 8.5222 -0.1025 pedestrian 0.5731851756572723
788 8.7352 0.0709 pedestrian 0.6702497899532318
788 8.5222 -0.1184 pedestrian 0.5961073338985443
789 8.7352 0.0867 pedestrian 0.6702813804149628
789 8.5222 -0.1502 pedestrian 0.596360832452774
790 8.5222 0.0551 pedestrian 0.6558275818824768
790 8.5222 -0.1343 pedestrian 0.5912789702415466
791 8.7352 0.0551 pedestrian 0.6336609721183777
791 8.5222 -0.0867 pedestrian 0.5556864738464355
792 8.5222 0.0867 pedestrian 0.5686486065387726
792 8.5222 -0.1821 pedestrian 0.562084287405014
793 8.5222 0.0867 pedestrian 0.6002650856971741
793 8.5222 -0.1661 pedestrian 0.589587539434433
794 8.5222 0.1184 pedestrian 0.6470671594142914
794 8.5222 -0.1821 pedestrian 0.6147742867469788
795 8.5222 0.0867 pedestrian 0.640676349401474
795 8.5222 -0.1821 pedestrian 0.6115482151508331
796 8.5222 0.1184 pedestrian 0.6614266932010651
796 8.7352 -0.1821 pedestrian 0.6333815455436707
797 8.5222 0.1025 pedestrian 0.6613640487194061
797 8.5222 -0.1821 pedestrian 0.6281252801418304
798 8.5222 0.1184 pedestrian 0.65911465883255
798 8.7352 -0.1821 pedestrian 0.639844685792923
799 8.7352 -0.1981 pedestrian 0.6190831661224365
799 8.5222 0.1184 pedestrian 0.6169197857379913
800 8.5222 0.1343 pedestrian 0.6536424160003662
800 8.7352 -0.2142 pedestrian 0.6503869295120239
801 8.5222 0.1343 pedestrian 0.6852855086326599
801 8.7352 -0.1981 pedestrian 0.6803299784660339
802 8.7352 -0.1981 pedestrian 0.7454803884029388
802 8.5222 0.1184 pedestrian 0.7393249273300171
803 8.7352 -0.1981 pedestrian 0.7251027822494507
803 8.5222 0.1343 pedestrian 0.7242572903633118
804 8.9483 -0.2142 pedestrian 0.7695439457893372
804 8.5222 0.1343 pedestrian 0.7487908899784088
805 8.9483 -0.1981 pedestrian 0.7646104395389557
805 8.5222 0.1343 pedestrian 0.7432562708854675
806 8.9483 -0.2142 pedestrian 0.7470302283763885
806 8.5222 0.1502 pedestrian 0.7424541115760803
807 8.7352 -0.1981 pedestrian 0.7235179841518402
807 8.5222 0.1343 pedestrian 0.6958500444889069
808 8.3091 0.1343 pedestrian 0.7523271143436432
808 8.9483 -0.2142 pedestrian 0.6859707534313202
809 8.3091 0.1502 pedestrian 0.8139432072639465
809 8.9483 -0.1981 pedestrian 0.7086620926856995
810 8.5222 0.1502 pedestrian 0.8627612888813019
810 8.9483 -0.2142 pedestrian 0.7547820806503296
811 8.3091 0.1502 pedestrian 0.8553778827190399
811 8.9483 -0.2304 pedestrian 0.7571018934249878
812 8.3091 0.1502 pedestrian 0.859939694404602
812 8.9483 -0.2142 pedestrian 0.7814549207687378
813 8.3091 0.1502 pedestrian 0.8706341981887817
813 8.9483 -0.2304 pedestrian 0.7785297334194183
814 8.5222 0.1502 pedestrian 0.8316617012023926
814 8.9483 -0.2304 pedestrian 0.7624999284744263
815 8.3091 0.1343 pedestrian 0.7817522287368774
815 8.9483 -0.2304 pedestrian 0.7103715538978577
816 8.3091 0.1661 pedestrian 0.7613312900066376
816 8.9483 -0.2304 pedestrian 0.7294155359268188
817 8.3091 0.1502 pedestrian 0.8273489475250244
817 9.1614 -0.2304 pedestrian 0.79373899102211
818 8.3091 0.1661 pedestrian 0.8596189022064209
818 9.1614 -0.2304 pedestrian 0.8313529193401337
819 8.3091 0.1661 pedestrian 0.8619789183139801
819 9.1614 -0.2304 pedestrian 0.8463335931301117
820 8.3091 0.1502 pedestrian 0.8672115802764893
820 9.1614 -0.2304 pedestrian 0.8660237789154053
821 9.1614 -0.2304 pedestrian 0.8894787430763245
821 8.3091 0.1502 pedestrian 0.8732917904853821
822 9.1614 -0.2304 pedestrian 0.842024952173233
822 8.3091 0.1661 pedestrian 0.8383106887340546
823 9.1614 -0.2142 pedestrian 0.8053008615970612
823 8.3091 0.1661 pedestrian 0.8038722276687622
824 8.3091 0.1661 pedestrian 0.8388440012931824
824 9.1614 -0.2142 pedestrian 0.7128331065177917
825 8.3091 0.1821 pedestrian 0.9353110194206238
825 9.1614 -0.2304 pedestrian 0.7800784409046173
826 8.3091 0.1821 pedestrian 0.9472615420818329
826 9.3744 -0.2304 pedestrian 0.8046339452266693
827 8.3091 0.1821 pedestrian 0.9626593887805939
827 9.3744 -0.2304 pedestrian 0.836454302072525
828 8.3091 0.1821 pedestrian 0.9355229139328003
828 9.3744 -0.2304 pedestrian 0.8528849482536316
829 8.3091 0.1821 pedestrian 0.9501642286777496
829 9.3744 -0.2304 pedestrian 0.8652826845645905
830 8.3091 0.1661 pedestrian 0.9015068113803864
830 9.3744 -0.2466 pedestrian 0.8344104886054993
831 8.3091 0.1661 pedestrian 0.8550599813461304
831 9.3744 -0.2304 pedestrian 0.7828544676303864
832 8.3091 0.1981 pedestrian 0.8560009896755219
832 9.3744 -0.2466 pedestrian 0.7584641873836517
833 8.3091 0.2142 pedestrian 0.9233712553977966
833 9.5875 -0.2304 pedestrian 0.8318235576152802
834 8.3091 0.1981 pedestrian 0.943988025188446
834 9.5875 -0.2304 pedestrian 0.880272775888443
835 8.3091 0.1981 pedestrian 0.9528138935565948
835 9.5875 -0.2304 pedestrian 0.8852225244045258
836 8.3091 0.1981 pedestrian 0.9582977890968323
836 9.5875 -0.2466 pedestrian 0.8757212460041046
837 8.3091 0.2142 pedestrian 0.9790672659873962
837 9.5875 -0.2304 pedestrian 0.8869742453098297
838 8.3091 0.1981 pedestrian 0.9243353009223938
838 9.5875 -0.2466 pedestrian 0.8428995907306671
839 8.3091 0.1981 pedestrian 0.8745523691177368
839 9.5875 -0.2629 pedestrian 0.7912302911281586
840 8.3091 0.2304 pedestrian 0.8130957782268524
840 9.8005 -0.2466 pedestrian 0.7380694150924683
841 8.3091 0.2142 pedestrian 0.8612245917320251
841 9.8005 -0.2466 pedestrian 0.7952328324317932
842 8.3091 0.2304 pedestrian 0.9003298282623291
842 9.8005 -0.2466 pedestrian 0.8380312621593475
843 8.3091 0.2304 pedestrian 0.9004895985126495
843 9.8005 -0.2466 pedestrian 0.8391062617301941
844 8.3091 0.2304 pedestrian 0.9091640412807465
844 9.8005 -0.2466 pedestrian 0.8304004073143005
845 8.3091 0.2304 pedestrian 0.9173958599567413
845 9.8005 -0.2466 pedestrian 0.823250025510788
846 8.3091 0.2304 pedestrian 0.8708981871604919
846 9.8005 -0.2466 pedestrian 0.7789844870567322
847 8.3091 0.2304 pedestrian 0.8314828872680664
847 9.5875 -0.2629 pedestrian 0.7462907135486603
848 8.3091 0.2466 pedestrian 0.7485820353031158
848 9.5875 -0.2629 pedestrian 0.6796406507492065
849 8.3091 0.2466 pedestrian 0.7930821776390076
849 9.5875 -0.2629 pedestrian 0.7267571985721588
850 8.3091 0.2466 pedestrian 0.8000802397727966
850 9.5875 -0.2629 pedestrian 0.7644788324832916
851 8.3091 0.2466 pedestrian 0.8085951507091522
851 9.5875 -0.2466 pedestrian 0.7567547261714935
852 8.3091 0.2466 pedestrian 0.7934783399105072
852 9.5875 -0.2466 pedestrian 0.76837158203125
853 8.3091 0.2466 pedestrian 0.795473724603653
853 9.5875 -0.2629 pedestrian 0.7727458775043488
854 8.5222 0.2629 pedestrian 0.7579189240932465
854 9.5875 -0.2466 pedestrian 0.7514834702014923
855 8.3091 0.2629 pedestrian 0.7205536663532257
855 9.5875 -0.2629 pedestrian 0.7121895253658295
856 9.5875 -0.2304 pedestrian 0.6258604228496552
856 8.5222 0.2792 pedestrian 0.6107357144355774
857 9.5875 -0.2304 pedestrian 0.6777730286121368
857 8.5222 0.2792 pedestrian 0.6492087841033936
858 9.5875 -0.2304 pedestrian 0.7114451825618744
858 8.5222 0.2792 pedestrian 0.6878673136234283
859 9.5875 -0.2304 pedestrian 0.7176911234855652
859 8.5222 0.2792 pedestrian 0.701147586107254
860 9.5875 -0.2304 pedestrian 0.7211825549602509
860 8.5222 0.2792 pedestrian 0.7147409021854401
861 9.5875 -0.2304 pedestrian 0.7370056807994843
861 8.5222 0.2956 pedestrian 0.7218293845653534
862 9.5875 -0.2466 pedestrian 0.7052461206912994
862 8.5222 0.2792 pedestrian 0.6956055164337158
863 9.5875 -0.2304 pedestrian 0.6724121868610382
863 8.5222 0.2956 pedestrian 0.6645413637161255
864 9.5875 -0.2142 pedestrian 0.6576842367649078
864 8.5222 0.3121 pedestrian 0.6192099750041962
865 9.5875 -0.2142 pedestrian 0.7125979363918304
865 8.7352 0.3121 pedestrian 0.6662203669548035
866 9.5875 -0.1981 pedestrian 0.7605849802494049
866 8.7352 0.3121 pedestrian 0.7108063697814941
867 9.5875 -0.2142 pedestrian 0.7587063908576965
867 8.7352 0.3121 pedestrian 0.6886907517910004
868 9.5875 -0.2142 pedestrian 0.7682511806488037
868 8.7352 0.3121 pedestrian 0.6962917447090149
869 9.5875 -0.2142 pedestrian 0.7694873809814453
869 8.7352 0.3121 pedestrian 0.6916830241680145
870 9.5875 -0.2142 pedestrian 0.7401013970375061
870 8.7352 0.3121 pedestrian 0.6430113017559052
871 9.5875 -0.1981 pedestrian 0.6991316974163055
871 8.7352 0.3121 pedestrian 0.610607922077179
872 9.5875 -0.1821 pedestrian 0.6339111328125
872 8.5222 0.3121 pedestrian 0.503359466791153
873 9.5875 -0.1821 pedestrian 0.6840851008892059
873 8.5222 0.3121 pedestrian 0.5349100232124329
874 9.5875 -0.1981 pedestrian 0.7244378626346588
874 8.5222 0.3287 pedestrian 0.556736022233963
875 9.5875 -0.1821 pedestrian 0.729006826877594
875 8.5222 0.3287 pedestrian 0.5708708763122559
876 9.5875 -0.1821 pedestrian 0.7321310341358185
876 8.5222 0.3287 pedestrian 0.5755172967910767
877 9.5875 -0.1981 pedestrian 0.7300561368465424
877 8.5222 0.3454 pedestrian 0.5796794593334198
878 9.3744 -0.1821 pedestrian 0.6805146634578705
878 8.7352 0.3287 pedestrian 0.5487453639507294
879 9.5875 -0.1981 pedestrian 0.6464413106441498
879 8.5222 0.3287 pedestrian 0.5181830823421478
880 8.7352 0.3454 pedestrian 0.5972724854946136
880 9.5875 -0.1821 pedestrian 0.5970048904418945
881 9.5875 -0.1661 pedestrian 0.6529684364795685
881 8.7352 0.3454 pedestrian 0.6518179476261139
882 8.7352 0.3454 pedestrian 0.7075971364974976
882 9.5875 -0.1661 pedestrian 0.6876891255378723
883 8.7352 0.3287 pedestrian 0.7035185694694519
883 9.5875 -0.1661 pedestrian 0.6900607943534851
884 8.7352 0.3287 pedestrian 0.7145957350730896
884 9.5875 -0.1821 pedestrian 0.6844958364963531
885 8.7352 0.3454 pedestrian 0.7338773906230927
885 9.5875 -0.1661 pedestrian 0.6867272853851318
886 8.7352 0.3287 pedestrian 0.6870942115783691
886 9.3744 -0.1821 pedestrian 0.6464195549488068
887 8.7352 0.3287 pedestrian 0.6353318691253662
887 9.3744 -0.1502 pedestrian 0.606791764497757
888 8.7352 0.3454 pedestrian 0.7609831690788269
888 9.3744 -0.1502 pedestrian 0.7093589305877686
889 8.7352 0.3454 pedestrian 0.7533417344093323
889 9.3744 -0.1661 pedestrian 0.6967371106147766
890 8.7352 0.3454 pedestrian 0.7434682846069336
890 9.3744 -0.1502 pedestrian 0.7150852084159851
891 8.7352 0.3454 pedestrian 0.7517876625061035
891 9.3744 -0.1502 pedestrian 0.7184805274009705
892 8.7352 0.3287 pedestrian 0.712608277797699
892 9.3744 -0.1502 pedestrian 0.69403475522995
893 8.7352 0.3454 pedestrian 0.7300254702568054
893 9.3744 -0.1661 pedestrian 0.7005499005317688
894 8.7352 0.3622 pedestrian 0.6420252323150635
894 9.3744 -0.1661 pedestrian 0.6292741894721985
895 8.7352 0.3791 pedestrian 0.5656015872955322
895 9.3744 -0.1502 pedestrian 0.5360167026519775
