0 5.9655 -0.4831 car 0.7404769659042358
0 5.9655 -0.5557 car 0.7179397344589233
0 6.8178 0.0394 car 0.6463906168937683
0 12.3572 -0.1821 pedestrian 0.3291347622871399
1 5.9655 -0.4479 car 0.7585172057151794
1 6.6047 0.0551 car 0.6755846738815308
1 6.6047 -0.1343 car 0.5926206111907959
1 12.3572 -0.1821 pedestrian 0.38481253385543823
2 5.9655 -0.4305 car 0.7871398329734802
2 5.9655 -0.5744 car 0.7613256573677063
2 7.0308 0.0709 car 0.7220591306686401
2 6.8178 -0.0551 car 0.6775845289230347
2 12.3572 -0.1821 pedestrian 0.41775327920913696
3 6.1786 -0.4831 car 0.7888089418411255
3 5.9655 -0.4305 car 0.7852184772491455
3 6.8178 0.0079 car 0.7232828736305237
3 12.3572 -0.1661 pedestrian 0.42447757720947266
4 5.9655 -0.4831 car 0.8142289519309998
4 6.8178 0.0236 car 0.7319018244743347
4 6.8178 -0.0394 car 0.72438645362854
4 12.3572 -0.1821 pedestrian 0.45785945653915405
4 13.6355 0.5010 pedestrian 0.31854158639907837
5 5.9655 -0.5191 car 0.8155122995376587
5 5.9655 -0.4654 car 0.8062809705734253
5 6.6047 -0.0079 car 0.7296894788742065
5 12.3572 -0.1661 pedestrian 0.4647015929222107
5 13.6355 0.5191 pedestrian 0.3296734094619751
6 5.7525 -0.5010 car 0.8259835839271545
6 6.8178 0.0079 car 0.7188730835914612
6 6.3916 -0.1661 car 0.6509565114974976
6 12.1441 -0.1821 pedestrian 0.45610278844833374
6 13.6355 0.5191 pedestrian 0.3624335527420044
7 5.7525 -0.4654 car 0.8374667167663574
7 6.1786 0.0079 car 0.7425519824028015
7 12.3572 -0.1661 pedestrian 0.44564878940582275
7 13.4225 0.5373 pedestrian 0.3679618835449219
8 6.1786 0.0079 car 0.7544072270393372
8 5.9655 -0.4831 car 0.7474085986614227
8 5.9655 -0.3454 car 0.7229456901550293
8 12.1441 -0.1821 pedestrian 0.39228442311286926
9 6.1786 0.0079 car 0.7649196982383728
9 5.7525 -0.4479 car 0.7575128376483917
9 12.1441 -0.1821 pedestrian 0.43035027384757996
10 6.1786 -0.0079 car 0.784453272819519
10 5.7525 -0.4479 car 0.7729752361774445
10 12.1441 -0.1661 pedestrian 0.4588051736354828
11 5.9655 0.0079 car 0.7898304462432861
11 5.5394 -0.5010 car 0.7775247991085052
11 5.9655 -0.4305 car 0.775472491979599
11 12.1441 -0.1821 pedestrian 0.45177367329597473
12 5.9655 0.0079 car 0.8138334453105927
12 5.5394 -0.4654 car 0.7857340574264526
12 5.9655 -0.4305 car 0.7611251175403595
12 12.1441 -0.1821 pedestrian 0.4723241329193115
13 5.9655 0.0079 car 0.8177763819694519
13 5.5394 -0.4654 car 0.77227583527565
13 12.1441 -0.1661 pedestrian 0.47005027532577515
14 5.9655 -0.0079 car 0.8172835409641266
14 5.5394 -0.4831 car 0.7644082903862
14 12.1441 -0.1821 pedestrian 0.46354860067367554
15 5.7525 -0.0079 car 0.8115179538726807
15 5.3264 -0.5191 car 0.7423683702945709
15 12.1441 -0.1821 pedestrian 0.42744407057762146
16 5.7525 0.0236 car 0.8584491312503815
16 5.5394 -0.4654 car 0.6403292715549469
16 5.5394 -0.4132 car 0.6260214745998383
16 12.1441 -0.1502 pedestrian 0.3746880739927292
17 5.9655 0.0236 car 0.892625480890274
17 5.5394 -0.4479 car 0.640479177236557
17 12.1441 -0.1821 pedestrian 0.38921254873275757
18 5.7525 0.0079 car 0.908925473690033
18 5.7525 -0.4479 car 0.6472843289375305
18 12.1441 -0.1502 pedestrian 0.4088801443576813
19 5.7525 0.0236 car 0.9201754331588745
19 5.5394 -0.5191 car 0.6404806673526764
19 5.9655 -0.4305 car 0.6326496303081512
19 11.9311 -0.1502 pedestrian 0.40481987595558167
20 5.9655 -0.0079 car 0.9367181956768036
20 5.5394 -0.4654 car 0.636965274810791
20 5.9655 -0.4831 car 0.6293566226959229
20 11.9311 -0.1821 pedestrian 0.4123973548412323
21 5.5394 -0.0079 car 0.9383461475372314
21 5.3264 0.0394 car 0.9313284158706665
21 5.5394 -0.4831 car 0.6309511065483093
21 5.9655 -0.4479 car 0.6192417740821838
21 11.9311 -0.1661 pedestrian 0.41334211826324463
22 5.7525 -0.0079 car 0.930680900812149
22 5.5394 -0.4831 car 0.6102831363677979
22 11.9311 -0.1661 pedestrian 0.3780781477689743
23 5.7525 -0.0079 car 0.9129409492015839
23 5.3264 -0.5191 car 0.5890033543109894
23 11.9311 -0.1502 pedestrian 0.32700546830892563
24 5.5394 0.0551 car 0.8475697934627533
24 5.9655 -0.4831 car 0.5222635716199875
25 5.5394 0.0394 car 0.8660096824169159
25 5.9655 -0.4479 car 0.5331943780183792
26 5.3264 0.0551 car 0.8996227383613586
26 5.9655 -0.2956 car 0.5637377351522446
26 5.9655 -0.3454 car 0.5552164316177368
27 5.5394 0.0551 car 0.9038130640983582
27 6.1786 -0.3791 car 0.5681082904338837
28 5.5394 0.0551 car 0.9356809258460999
28 5.9655 -0.4305 car 0.5887767374515533
28 5.9655 -0.3454 car 0.586943507194519
29 5.3264 0.0394 car 0.9498857855796814
29 6.1786 -0.4132 car 0.5870616137981415
30 5.3264 0.0551 car 0.9542744159698486
30 5.7525 -0.4132 car 0.5701282322406769
31 5.3264 0.0394 car 0.9316635429859161
31 5.7525 -0.3961 car 0.5430731624364853
31 5.7525 -0.5373 car 0.5283041149377823
32 5.1133 0.0709 car 0.8163933455944061
32 5.9655 -0.3454 car 0.47853727638721466
32 11.5050 -0.1821 pedestrian 0.3711073398590088
32 12.5702 0.5557 pedestrian 0.349443644285202
33 5.3264 0.0394 car 0.8338115811347961
33 6.1786 -0.3961 car 0.4831487834453583
33 11.5050 -0.1821 pedestrian 0.3990152180194855
33 12.5702 0.5373 pedestrian 0.3862324059009552
34 5.3264 0.0236 car 0.865882009267807
34 5.9655 -0.2956 car 0.5174086689949036
34 12.5702 0.5557 pedestrian 0.4119701087474823
34 11.5050 -0.1821 pedestrian 0.4052022695541382
35 5.3264 0.0394 car 0.8826678693294525
35 12.7833 0.5557 pedestrian 0.39406877756118774
35 11.5050 -0.1661 pedestrian 0.3886065185070038
36 5.3264 0.0551 car 0.8916341364383698
36 5.9655 -0.4132 car 0.49167317152023315
36 12.5702 0.5557 pedestrian 0.41206759214401245
36 11.5050 -0.1821 pedestrian 0.4048975706100464
37 5.1133 0.0236 car 0.9031068682670593
37 6.1786 -0.4132 car 0.4851546883583069
37 12.5702 0.5373 pedestrian 0.4158553183078766
37 11.2919 -0.1661 pedestrian 0.3949540853500366
38 5.1133 0.0079 car 0.8933697938919067
38 11.2919 -0.1821 pedestrian 0.4043647348880768
38 12.5702 0.5373 pedestrian 0.402402400970459
39 5.1133 0.0079 car 0.8678955733776093
39 5.7525 -0.3961 car 0.4501304030418396
39 12.5702 0.5373 pedestrian 0.39629948139190674
39 11.2919 -0.1821 pedestrian 0.3698605000972748
40 5.3264 0.0079 car 0.6486203372478485
40 5.9655 -0.4831 car 0.5630704611539841
40 5.5394 -0.2792 car 0.5180972516536713
40 11.2919 -0.1821 pedestrian 0.4205591380596161
40 12.5702 0.5557 pedestrian 0.39783957600593567
40 15.3400 0.6714 pedestrian 0.3104866147041321
41 5.3264 0.0394 car 0.6535176038742065
41 5.9655 -0.4654 car 0.5712066143751144
41 12.5702 0.5373 pedestrian 0.44011643528938293
41 11.2919 -0.1821 pedestrian 0.4348238706588745
41 15.3400 0.6514 pedestrian 0.3166489899158478
42 5.1133 0.0079 car 0.6732560694217682
42 5.9655 -0.4654 car 0.5803818553686142
42 11.2919 -0.1821 pedestrian 0.4622722864151001
42 12.5702 0.5557 pedestrian 0.46117106080055237
43 5.5394 0.0079 car 0.6794628202915192
43 5.9655 -0.5010 car 0.5746386647224426
43 5.9655 -0.3791 car 0.5626116991043091
43 11.2919 -0.1821 pedestrian 0.4510591924190521
43 12.5702 0.5557 pedestrian 0.43853577971458435
44 5.3264 -0.0079 car 0.6535360515117645
44 5.9655 -0.4479 car 0.5600589066743851
44 5.5394 -0.4132 car 0.5478835850954056
44 11.2919 -0.1821 pedestrian 0.4676312506198883
44 12.5702 0.5557 pedestrian 0.4523020088672638
45 5.3264 -0.0236 car 0.643749862909317
45 5.5394 -0.4654 car 0.5435397326946259
45 5.5394 -0.3287 car 0.5287228673696518
45 11.0789 -0.1981 pedestrian 0.4687846899032593
45 12.5702 0.5373 pedestrian 0.44781288504600525
45 15.3400 0.6514 pedestrian 0.305193766951561
46 5.1133 0.0079 car 0.6347408890724182
46 5.5394 -0.4831 car 0.5097830593585968
46 5.3264 -0.3454 car 0.502140611410141
46 11.0789 -0.1821 pedestrian 0.48166823387145996
46 12.3572 0.5557 pedestrian 0.42300885915756226
46 15.3400 0.6916 pedestrian 0.30660686641931534
47 5.1133 0.0079 car 0.614844799041748
47 4.9003 -0.0394 car 0.6091597974300385
47 5.5394 -0.4132 car 0.4948250502347946
47 11.0789 -0.1821 pedestrian 0.4590340256690979
47 12.3572 0.5557 pedestrian 0.40447816252708435
48 5.9655 -0.4831 car 0.6105892062187195
48 5.1133 -0.0236 car 0.5658181607723236
48 11.0789 -0.1981 pedestrian 0.487466424703598
49 5.7525 -0.5010 car 0.6172480285167694
49 5.1133 -0.0236 car 0.5901293158531189
49 11.0789 -0.1821 pedestrian 0.5103152096271515
49 12.5702 0.5373 pedestrian 0.3036442771553993
50 5.1133 0.0079 car 0.6305287480354309
50 5.9655 -0.5010 car 0.6298864781856537
50 5.5394 -0.2956 car 0.5455846786499023
50 11.0789 -0.1981 pedestrian 0.5223881304264069
50 12.3572 0.5557 pedestrian 0.3107287883758545
51 5.3264 -0.0551 car 0.6467490196228027
51 6.1786 -0.5191 car 0.6357075572013855
51 11.0789 -0.1981 pedestrian 0.5192660987377167
51 12.3572 0.5557 pedestrian 0.31290411576628685
52 5.1133 -0.0551 car 0.6559854745864868
52 5.9655 -0.5010 car 0.629443347454071
52 5.5394 -0.3454 car 0.5581104457378387
52 11.0789 -0.1981 pedestrian 0.5206048488616943
52 12.3572 0.5557 pedestrian 0.3159108906984329
53 5.3264 -0.0236 car 0.6548551321029663
53 5.7525 -0.5373 car 0.6118604838848114
53 5.9655 -0.4479 car 0.5897437632083893
53 11.0789 -0.1981 pedestrian 0.5287938416004181
53 12.3572 0.5557 pedestrian 0.31531886011362076
54 5.1133 -0.0551 car 0.6604425013065338
54 4.6872 -0.0079 car 0.6421990096569061
54 5.7525 -0.5557 car 0.5976555347442627
54 11.0789 -0.1981 pedestrian 0.5211819410324097
55 5.3264 -0.0551 car 0.6425546407699585
55 5.1133 0.0079 car 0.6411910653114319
55 5.5394 -0.5557 car 0.5813912153244019
55 10.8658 -0.1821 pedestrian 0.4965519309043884
56 4.6872 -0.0236 car 0.5499042272567749
56 5.9655 -0.4831 car 0.5389413684606552
56 10.8658 -0.1981 pedestrian 0.5120404362678528
57 4.9003 -0.0394 car 0.551892563700676
57 10.8658 -0.1821 pedestrian 0.5434430241584778
57 5.7525 -0.5010 car 0.5402893722057343
58 4.6872 -0.0079 car 0.5849661082029343
58 10.8658 -0.1981 pedestrian 0.571363627910614
58 5.7525 -0.5191 car 0.5606407225131989
58 5.7525 -0.2142 car 0.4792066216468811
59 4.9003 -0.0394 car 0.5904242694377899
59 5.3264 -0.0551 car 0.5812718123197556
59 10.8658 -0.1981 pedestrian 0.5793743133544922
59 5.9655 -0.5010 car 0.569933146238327
60 4.9003 -0.0394 car 0.6079738140106201
60 10.8658 -0.1981 pedestrian 0.5860938429832458
60 5.9655 -0.5010 car 0.5600538551807404
61 4.6872 -0.0551 car 0.6015607118606567
61 10.8658 -0.1821 pedestrian 0.585301011800766
61 5.5394 -0.4654 car 0.5487473905086517
61 5.5394 -0.4132 car 0.5309699177742004
62 4.6872 -0.0079 car 0.6231416463851929
62 5.1133 0.0079 car 0.5954563915729523
62 10.8658 -0.1981 pedestrian 0.5635453164577484
62 5.5394 -0.4305 car 0.5143586546182632
62 5.3264 -0.3287 car 0.49237050116062164
63 4.6872 0.0079 car 0.6066070795059204
63 10.8658 -0.1821 pedestrian 0.5385347604751587
63 5.3264 -0.4132 car 0.49704091250896454
64 4.6872 0.0394 car 0.5712689757347107
64 10.8658 -0.1981 pedestrian 0.545769989490509
64 5.5394 -0.3454 car 0.44306373596191406
64 5.9655 -0.3454 car 0.4393005520105362
65 10.8658 -0.1821 pedestrian 0.5872122347354889
65 4.4742 0.0079 car 0.5620882213115692
65 5.5394 -0.3287 car 0.45056280493736267
65 5.5394 -0.2629 car 0.44361837208271027
66 10.8658 -0.1981 pedestrian 0.6315523386001587
66 4.6872 -0.0079 car 0.572412520647049
66 5.3264 -0.3287 car 0.4471159279346466
67 10.8658 -0.1981 pedestrian 0.6308348476886749
67 4.9003 0.0236 car 0.5671457052230835
67 4.9003 -0.0394 car 0.5636317729949951
67 5.3264 -0.2466 car 0.4531968683004379
67 5.3264 -0.3791 car 0.44601668417453766
68 10.8658 -0.1981 pedestrian 0.6383175253868103
68 4.6872 0.0394 car 0.5840355455875397
68 5.5394 -0.3622 car 0.4283769130706787
69 10.8658 -0.1821 pedestrian 0.63980633020401
69 4.6872 0.0079 car 0.5883813798427582
69 5.1133 -0.3287 car 0.43104088306427
70 4.6872 -0.0079 car 0.6180284321308136
70 10.8658 -0.1981 pedestrian 0.5949060618877411
70 5.1133 0.0079 car 0.5856638550758362
70 5.3264 -0.3287 car 0.41735345125198364
70 4.6872 -0.3454 car 0.39051228761672974
70 11.9311 0.5557 pedestrian 0.30368153005838394
71 4.6872 0.0079 car 0.605351060628891
71 10.8658 -0.1821 pedestrian 0.5647068917751312
71 5.3264 -0.4132 car 0.3836950808763504
71 12.1441 0.5557 pedestrian 0.3035655915737152
72 4.6872 0.0394 car 0.5635958313941956
72 5.1133 0.0236 car 0.5564425885677338
72 10.8658 -0.1981 pedestrian 0.5003781318664551
72 5.5394 -0.6124 car 0.4210740178823471
72 5.5394 -0.4654 car 0.41864006221294403
72 5.1133 -0.3961 car 0.39512255787849426
72 12.1441 0.5557 pedestrian 0.3716921806335449
73 4.9003 0.0079 car 0.5633403062820435
73 10.8658 -0.1821 pedestrian 0.5412283539772034
73 5.5394 -0.6124 car 0.4333055913448334
73 5.5394 -0.4654 car 0.42713747918605804
73 5.5394 -0.3287 car 0.3980026990175247
73 12.1441 0.5557 pedestrian 0.38560160994529724
74 10.8658 -0.1661 pedestrian 0.5775448083877563
74 4.6872 -0.0079 car 0.5696923732757568
74 5.7525 -0.5932 car 0.4660097807645798
74 5.9655 -0.3287 car 0.4226500988006592
74 12.1441 0.5557 pedestrian 0.39202821254730225
75 4.9003 0.0236 car 0.5769063532352448
75 10.8658 -0.1661 pedestrian 0.5738467872142792
75 4.9003 -0.0394 car 0.5731602311134338
75 5.7525 -0.5373 car 0.4802485406398773
75 5.5394 -0.3961 car 0.4543928802013397
75 11.9311 0.5557 pedestrian 0.38614651560783386
76 10.8658 -0.1661 pedestrian 0.6025539338588715
76 4.9003 0.0079 car 0.5888634026050568
76 5.9655 -0.4831 car 0.49515365064144135
76 5.5394 -0.5010 car 0.48602648079395294
76 12.1441 0.5557 pedestrian 0.398468941450119
77 10.8658 -0.1821 pedestrian 0.6100038290023804
77 4.9003 -0.0079 car 0.5927068293094635
77 5.7525 -0.5373 car 0.49044477939605713
77 5.5394 -0.6124 car 0.4840312749147415
77 5.5394 -0.3287 car 0.45231737196445465
77 12.1441 0.5557 pedestrian 0.4071618318557739
78 4.6872 -0.0079 car 0.6274744868278503
78 5.1133 0.0079 car 0.5886731445789337
78 10.8658 -0.1821 pedestrian 0.5655217468738556
78 5.7525 -0.5557 car 0.4933280944824219
78 5.7525 -0.4831 car 0.48331035673618317
78 11.9311 0.5557 pedestrian 0.40496107935905457
79 4.6872 0.0079 car 0.6198360621929169
79 10.8658 -0.1821 pedestrian 0.5427624583244324
79 5.3264 -0.5191 car 0.49240879714488983
79 5.7525 -0.4479 car 0.4786057472229004
79 12.1441 0.5557 pedestrian 0.39044249057769775
80 4.6872 -0.0236 car 0.6396901309490204
80 4.6872 -0.0867 car 0.6234472990036011
80 5.5394 -0.4132 car 0.4928552061319351
80 5.9655 -0.4831 car 0.46993282437324524
80 10.8658 -0.1661 pedestrian 0.43899473547935486
80 12.1441 0.5557 pedestrian 0.32596345245838165
81 4.6872 -0.0551 car 0.6500677466392517
81 4.4742 0.0079 car 0.6421293616294861
81 5.5394 -0.4132 car 0.49648910760879517
81 10.8658 -0.1821 pedestrian 0.470505952835083
81 12.1441 0.5557 pedestrian 0.3210452273488045
82 4.9003 -0.0551 car 0.6602999567985535
82 5.3264 -0.0709 car 0.64630326628685
82 10.8658 -0.1661 pedestrian 0.49459177255630493
82 11.9311 0.5557 pedestrian 0.32690491527318954
83 4.9003 -0.0394 car 0.6798402070999146
83 4.9003 -0.1025 car 0.6578697562217712
83 5.5394 -0.3287 car 0.540908932685852
83 5.5394 -0.4654 car 0.491049200296402
83 10.8658 -0.1661 pedestrian 0.49056583642959595
83 12.1441 0.5557 pedestrian 0.32211362570524216
84 5.1133 -0.0551 car 0.6901280581951141
84 10.8658 -0.1661 pedestrian 0.509141206741333
84 12.1441 0.5557 pedestrian 0.33643079549074173
85 4.9003 -0.0079 car 0.6938467621803284
85 5.1133 -0.0709 car 0.690413624048233
85 10.8658 -0.1821 pedestrian 0.5200136601924896
85 12.1441 0.5744 pedestrian 0.3390912786126137
86 4.6872 -0.0079 car 0.719558447599411
86 5.1133 0.0079 car 0.6980086863040924
86 10.8658 -0.1661 pedestrian 0.49517688155174255
86 12.1441 0.5557 pedestrian 0.33337386697530746
87 4.6872 0.0079 car 0.722113698720932
87 10.8658 -0.1821 pedestrian 0.4729696214199066
87 12.1441 0.5557 pedestrian 0.30790386348962784
88 4.6872 0.0394 car 0.651044487953186
88 4.6872 -0.0867 car 0.6236332505941391
88 10.8658 -0.1661 pedestrian 0.3354877904057503
89 4.9003 -0.0394 car 0.6621403396129608
89 10.8658 -0.1821 pedestrian 0.35117173939943314
90 4.9003 0.0079 car 0.6701781451702118
90 10.8658 -0.1661 pedestrian 0.36327264457941055
91 4.9003 -0.0394 car 0.678487241268158
91 4.4742 -0.0236 car 0.6622763276100159
91 5.5394 -0.4654 car 0.41412603855133057
91 10.8658 -0.1661 pedestrian 0.35836999118328094
92 4.9003 0.0079 car 0.6725471615791321
92 4.4742 -0.0394 car 0.6653936803340912
92 10.8658 -0.1661 pedestrian 0.37779550999403
93 4.9003 -0.0079 car 0.6674298197031021
93 5.1133 -0.0709 car 0.6643894910812378
93 5.5394 -0.4654 car 0.4262849986553192
93 10.8658 -0.1661 pedestrian 0.3780031055212021
94 4.6872 -0.0236 car 0.6722973585128784
94 10.8658 -0.1661 pedestrian 0.3563625141978264
95 4.6872 -0.0236 car 0.6566516160964966
95 10.8658 -0.1821 pedestrian 0.33956165611743927
96 4.6872 -0.0867 car 0.41507042944431305
97 4.6872 -0.0551 car 0.4308777451515198
98 4.6872 -0.0867 car 0.42064864933490753
99 4.4742 -0.0394 car 0.43271781504154205
99 4.0480 -0.0236 car 0.40955650806427
100 4.4742 -0.0394 car 0.4233405739068985
100 4.4742 -0.1661 car 0.4070616364479065
101 4.4742 -0.1184 car 0.4153120517730713
101 4.6872 -0.1821 car 0.40397919714450836
102 4.4742 -0.1025 car 0.40882763266563416
103 4.4742 -0.1025 car 0.3975333720445633
104 4.9003 -0.1184 car 0.32437440752983093
104 4.4742 -0.1661 car 0.31689538061618805
105 4.6872 -0.1025 car 0.3324428200721741
106 4.6872 -0.1343 car 0.3285429775714874
106 4.6872 -0.1821 car 0.3253132104873657
107 4.6872 -0.0709 car 0.33378244936466217
108 4.4742 -0.1025 car 0.33310599625110626
108 4.4742 -0.1661 car 0.31960317492485046
109 4.4742 -0.1184 car 0.3271252065896988
109 4.2611 -0.0709 car 0.320934996008873
110 4.4742 -0.1025 car 0.3186843693256378
111 4.4742 -0.1025 car 0.31796033680438995
113 4.6872 -0.0551 car 0.3018482029438019
115 4.6872 -0.0709 car 0.30238965153694153
128 4.9003 -0.1343 car 0.30960461497306824
128 4.4742 -0.1025 car 0.30476948618888855
129 4.6872 -0.1025 car 0.31797583401203156
130 4.6872 -0.1821 car 0.31658312678337097
130 4.6872 -0.0551 car 0.3111031949520111
131 4.6872 -0.0709 car 0.3215967267751694
132 4.4742 -0.1025 car 0.32364772260189056
132 4.9003 -0.1502 car 0.3109321892261505
133 4.4742 -0.1184 car 0.31965287029743195
134 4.4742 -0.1025 car 0.31211307644844055
135 4.4742 -0.1025 car 0.312776580452919
136 4.9003 -0.1343 car 0.3072503060102463
136 4.4742 -0.1661 car 0.30173926055431366
137 4.6872 -0.1025 car 0.31458163261413574
138 4.6872 -0.1343 car 0.3096342086791992
138 4.6872 -0.1821 car 0.30657152831554413
139 4.6872 -0.0709 car 0.3147309273481369
140 4.4742 -0.1025 car 0.3120308071374893
141 4.4742 -0.1184 car 0.3053731322288513
168 4.6872 -0.0236 car 0.3926420658826828
168 4.6872 -0.0867 car 0.3859019875526428
169 4.6872 -0.0551 car 0.41075657308101654
170 4.6872 -0.0079 car 0.4129426032304764
171 4.4742 -0.0236 car 0.4095791429281235
172 4.4742 -0.0551 car 0.39796382188796997
173 4.6872 -0.0551 car 0.3916616439819336
173 4.6872 -0.1821 car 0.3692527562379837
174 4.4742 -0.0709 car 0.38960226625204086
174 4.2611 0.0236 car 0.36769624054431915
175 4.4742 -0.0867 car 0.38876213878393173
176 4.4742 0.0079 car 0.6475882828235626
176 5.5394 -0.4132 car 0.5164781510829926
176 5.9655 -0.4831 car 0.5057092905044556
177 4.4742 0.0079 car 0.6541120409965515
177 5.5394 -0.4132 car 0.5372458547353745
177 5.3264 -0.3121 car 0.5184105187654495
178 4.6872 -0.0079 car 0.6599405109882355
178 5.7525 -0.4479 car 0.6093394756317139
179 4.4742 -0.0236 car 0.6590660512447357
179 5.5394 -0.4654 car 0.6352324187755585
179 5.5394 -0.3287 car 0.5978536903858185
180 5.3264 -0.4831 car 0.6911890506744385
180 4.4742 0.0079 car 0.6552696228027344
180 4.6872 -0.0867 car 0.6465408802032471
181 5.3264 -0.4831 car 0.7077493369579315
181 4.4742 0.0079 car 0.6594645977020264
182 5.3264 -0.4654 car 0.7146950960159302
182 4.6872 -0.0079 car 0.656554102897644
182 4.6872 -0.1343 car 0.6282131969928741
183 5.3264 -0.4831 car 0.7074709832668304
183 4.6872 0.0079 car 0.6491186916828156
183 4.9003 -0.1661 car 0.6042539775371552
184 4.6872 0.0394 car 0.7281256914138794
184 5.1133 0.0709 car 0.7211441993713379
184 5.5394 -0.5373 car 0.6901770234107971
185 5.1133 0.0236 car 0.7393704354763031
185 5.7525 -0.5010 car 0.70681431889534
186 5.3264 0.0551 car 0.7530840933322906
186 5.5394 -0.5010 car 0.7320503294467926
187 4.9003 0.0236 car 0.7725243270397186
187 5.9655 -0.5010 car 0.7543109059333801
188 5.1133 0.0236 car 0.8070780634880066
188 4.6872 0.0394 car 0.7914660573005676
188 5.9655 -0.5010 car 0.7583658993244171
188 5.9655 -0.5557 car 0.7465559244155884
189 5.1133 0.0236 car 0.8053848147392273
189 5.7525 -0.5373 car 0.7540206611156464
190 5.1133 0.0236 car 0.8170084655284882
190 5.7525 -0.5557 car 0.7530703246593475
191 4.9003 0.0551 car 0.8044174015522003
191 5.7525 -0.5557 car 0.7340881824493408
191 5.7525 -0.5010 car 0.7290944755077362
192 5.1133 0.0236 car 0.7715271711349487
192 5.5394 -0.5557 car 0.6292093098163605
192 5.9655 -0.5557 car 0.6246023178100586
193 5.1133 0.0236 car 0.7844916880130768
193 5.7525 -0.5010 car 0.6336132287979126
194 5.3264 0.0079 car 0.8080491125583649
194 5.7525 -0.5191 car 0.6423779726028442
195 5.3264 0.0394 car 0.8212883472442627
195 5.7525 -0.5010 car 0.641929566860199
196 5.1133 0.0236 car 0.8352237641811371
196 5.9655 -0.5010 car 0.6401169002056122
196 5.5394 -0.3454 car 0.5828013122081757
197 5.1133 0.0551 car 0.8323321640491486
197 5.5394 -0.4654 car 0.6321098208427429
197 5.9655 -0.4479 car 0.6169909536838531
198 5.1133 0.0236 car 0.836795836687088
198 5.7525 -0.5557 car 0.622633546590805
198 5.3264 -0.3121 car 0.5692656338214874
199 4.9003 0.0551 car 0.8157501220703125
199 5.3264 -0.5191 car 0.6114312708377838
200 5.1133 0.0394 car 0.820536881685257
200 5.5394 -0.5373 car 0.6516105234622955
201 5.1133 0.0236 car 0.837824136018753
201 5.3264 -0.5557 car 0.6525089740753174
202 5.3264 0.0551 car 0.8259982764720917
202 5.7525 -0.5191 car 0.6650721728801727
202 5.7525 -0.4479 car 0.6483922600746155
203 4.9003 0.0236 car 0.8271022140979767
203 5.7525 -0.5010 car 0.6663981080055237
204 5.1133 0.0236 car 0.8301085233688354
204 5.9655 -0.5010 car 0.6780673861503601
204 5.5394 -0.5373 car 0.6589009463787079
205 5.1133 0.0236 car 0.8321007788181305
205 5.9655 -0.5191 car 0.6663472056388855
205 5.5394 -0.3287 car 0.60636967420578
206 5.1133 0.0236 car 0.8176859021186829
206 5.7525 -0.5557 car 0.6832112967967987
206 5.3264 -0.2629 car 0.5759013295173645
207 4.9003 0.0551 car 0.7905223965644836
207 5.1133 0.0079 car 0.7875402867794037
207 5.7525 -0.5557 car 0.6664455235004425
208 5.3264 0.0551 car 0.8651018440723419
208 5.5394 -0.5557 car 0.7368402183055878
208 5.5394 -0.2792 car 0.6530063152313232
209 5.1133 0.0709 car 0.8843885660171509
209 5.5394 -0.5557 car 0.7516945600509644
210 5.1133 0.0394 car 0.8881406188011169
210 5.3264 -0.5191 car 0.7698299884796143
210 5.3264 -0.2466 car 0.6675587296485901
211 5.3264 0.0709 car 0.8910839557647705
211 5.5394 -0.5557 car 0.7823801636695862
212 5.5394 0.0551 car 0.8831905722618103
212 5.3264 -0.5373 car 0.7919557988643646
212 5.5394 -0.2304 car 0.6686325371265411
213 5.3264 0.0394 car 0.8791135847568512
213 5.3264 -0.5557 car 0.7917440533638
214 5.3264 0.0551 car 0.862350195646286
214 5.3264 -0.5373 car 0.7746606469154358
215 5.3264 0.0709 car 0.8431676030158997
215 5.3264 -0.5191 car 0.7641217708587646
216 5.3264 0.0551 car 0.8806500732898712
216 5.3264 -0.5373 car 0.8430232107639313
216 12.1441 0.5557 pedestrian 0.3625907599925995
216 10.8658 -0.1661 pedestrian 0.3088085949420929
217 5.3264 0.0394 car 0.892866462469101
217 5.3264 -0.5557 car 0.832449734210968
217 12.1441 0.5557 pedestrian 0.37104588747024536
217 10.8658 -0.1821 pedestrian 0.3441839814186096
218 5.3264 0.0551 car 0.895827054977417
218 5.3264 -0.5191 car 0.8163606226444244
218 5.3264 -0.2466 car 0.683533638715744
218 12.1441 0.5557 pedestrian 0.37479570508003235
218 10.8658 -0.1661 pedestrian 0.3346235156059265
219 5.3264 0.0709 car 0.9027184247970581
219 5.5394 -0.5010 car 0.8055385053157806
219 11.9311 0.5557 pedestrian 0.36414700746536255
219 10.8658 -0.1821 pedestrian 0.31956446170806885
220 5.5394 0.0551 car 0.89789879322052
220 5.5394 -0.5010 car 0.8006027042865753
220 5.9655 -0.5010 car 0.7918398976325989
220 12.1441 0.5557 pedestrian 0.37266430258750916
220 10.8658 -0.1661 pedestrian 0.32717281579971313
221 5.5394 0.0551 car 0.8837539851665497
221 5.5394 -0.5557 car 0.8030679821968079
221 12.1441 0.5557 pedestrian 0.3749942183494568
221 10.8658 -0.1821 pedestrian 0.3353879451751709
222 5.5394 0.0709 car 0.865671306848526
222 5.5394 -0.5557 car 0.7860534489154816
222 11.9311 0.5557 pedestrian 0.38172703981399536
222 10.8658 -0.1661 pedestrian 0.3091888129711151
223 5.3264 0.0709 car 0.8537928760051727
223 5.7525 -0.5373 car 0.7662045955657959
223 12.1441 0.5557 pedestrian 0.3738904893398285
224 5.7525 -0.5373 car 0.8945043087005615
224 5.7525 -0.4654 car 0.8838623464107513
224 5.5394 0.0551 car 0.8736226260662079
224 12.1441 0.5557 pedestrian 0.3537560701370239
225 5.7525 -0.5010 car 0.8996684551239014
225 5.5394 0.0551 car 0.892425924539566
225 11.9311 0.5557 pedestrian 0.35457828640937805
226 5.7525 0.0709 car 0.889712929725647
226 5.7525 -0.5373 car 0.8844707906246185
226 11.9311 0.5557 pedestrian 0.35922566056251526
227 5.3264 0.0709 car 0.8682632446289062
227 5.7525 -0.5373 car 0.8642769753932953
227 11.9311 0.5557 pedestrian 0.3534424602985382
228 5.9655 0.0551 car 0.8695186078548431
228 5.9655 -0.5010 car 0.8526673913002014
228 11.9311 0.5557 pedestrian 0.3609234690666199
229 5.9655 0.0709 car 0.8659379184246063
229 5.9655 -0.5191 car 0.8500688374042511
229 11.9311 0.5744 pedestrian 0.37574222683906555
230 5.7525 0.0709 car 0.8552500307559967
230 5.9655 -0.5010 car 0.8274919092655182
230 11.9311 0.5557 pedestrian 0.39158064126968384
231 5.7525 0.0551 car 0.833562046289444
231 6.1786 -0.5191 car 0.7935456335544586
231 11.9311 0.5744 pedestrian 0.3684746026992798
232 5.9655 0.0394 car 0.8211489915847778
232 5.9655 -0.4831 car 0.765659898519516
232 11.9311 0.5557 pedestrian 0.34249943494796753
233 6.1786 0.0236 car 0.8090348541736603
233 5.7525 -0.4305 car 0.7541649639606476
233 11.9311 0.5557 pedestrian 0.35791170597076416
234 5.9655 0.0394 car 0.8262381851673126
234 6.1786 -0.4479 car 0.7406259477138519
234 11.9311 0.5557 pedestrian 0.3844946026802063
235 6.1786 0.0394 car 0.8024588227272034
235 6.1786 -0.4132 car 0.7141446173191071
235 11.9311 0.5557 pedestrian 0.3723704218864441
236 5.9655 0.0394 car 0.7942228019237518
236 6.1786 -0.4479 car 0.6776946783065796
236 11.9311 0.5557 pedestrian 0.3746330440044403
237 6.1786 0.0079 car 0.7722451686859131
237 6.3916 -0.4479 car 0.6589765250682831
237 11.9311 0.5557 pedestrian 0.3753674626350403
238 6.3916 0.0394 car 0.7413168847560883
238 6.6047 -0.4479 car 0.6400694251060486
238 11.9311 0.5557 pedestrian 0.3778977692127228
239 6.1786 0.0394 car 0.7132739126682281
239 6.6047 -0.4305 car 0.6083244383335114
239 11.9311 0.5557 pedestrian 0.352344810962677
240 6.3916 0.0394 car 0.7553325593471527
240 6.8178 -0.4132 car 0.5607754588127136
240 6.3916 -0.3454 car 0.5531430244445801
240 10.4397 -0.1661 pedestrian 0.38612619042396545
241 6.6047 0.0551 car 0.7692772746086121
241 6.6047 -0.3961 car 0.5720630586147308
241 10.4397 -0.1661 pedestrian 0.4056698679924011
241 11.9311 0.5191 pedestrian 0.3000272288918495
242 6.3916 0.0551 car 0.7813132107257843
242 6.6047 -0.4132 car 0.5500949621200562
242 10.4397 -0.1661 pedestrian 0.4298681914806366
243 6.3916 0.0551 car 0.7538007199764252
243 6.8178 -0.3961 car 0.5445343852043152
243 7.0308 -0.2792 car 0.5350628197193146
243 10.4397 -0.1821 pedestrian 0.4115441143512726
244 6.6047 0.0867 car 0.7504385709762573
244 7.0308 -0.3454 car 0.535393625497818
244 10.4397 -0.1661 pedestrian 0.41948258876800537
245 6.6047 0.0551 car 0.7381533682346344
245 7.2439 -0.4132 car 0.5318979024887085
245 7.0308 -0.2792 car 0.5108633488416672
245 10.4397 -0.1661 pedestrian 0.40381693840026855
246 6.6047 0.0709 car 0.7153670489788055
246 7.4569 -0.4132 car 0.5451714992523193
246 10.4397 -0.1821 pedestrian 0.390209823846817
247 6.6047 0.0709 car 0.6945389807224274
247 7.2439 -0.4132 car 0.5443025231361389
247 10.4397 -0.1981 pedestrian 0.3806351125240326
248 6.8178 0.1025 car 0.7337766587734222
248 7.0308 -0.3454 car 0.6527009308338165
248 10.4397 -0.1981 pedestrian 0.333275631070137
249 6.6047 0.0551 car 0.7446935176849365
249 7.0308 -0.3121 car 0.6647028625011444
249 6.6047 -0.1343 car 0.5886417329311371
249 10.4397 -0.1981 pedestrian 0.33396539837121964
250 6.8178 0.1025 car 0.7327533066272736
250 7.2439 -0.3622 car 0.6851280927658081
250 10.4397 -0.2142 pedestrian 0.32779740542173386
251 6.8178 0.0709 car 0.713501363992691
251 7.4569 -0.3622 car 0.6788920760154724
251 10.4397 -0.1821 pedestrian 0.3214889317750931
252 7.6700 -0.3622 car 0.7042170464992523
252 6.8178 0.0867 car 0.6918428540229797
252 10.4397 -0.2142 pedestrian 0.3083473965525627
253 7.4569 -0.3961 car 0.723444253206253
253 7.0308 0.1025 car 0.6698069870471954
253 10.2266 -0.1981 pedestrian 0.30610499531030655
254 7.6700 -0.3622 car 0.744145005941391
254 6.8178 0.0867 car 0.6288436949253082
255 7.6700 -0.3791 car 0.7316838502883911
255 7.0308 0.1025 car 0.5992774665355682
256 7.6700 -0.3454 car 0.854338675737381
256 7.2439 0.1025 car 0.510910838842392
256 7.2439 0.0394 car 0.49751389026641846
257 7.8830 -0.3454 car 0.8625209331512451
257 7.2439 0.1025 car 0.49357303977012634
257 7.2439 0.1502 car 0.4875441938638687
258 7.8830 -0.3622 car 0.877149909734726
258 7.2439 0.1343 car 0.4752527177333832
259 7.8830 -0.3454 car 0.8868559002876282
259 7.2439 0.1184 car 0.45908261835575104
260 7.8830 -0.3622 car 0.8878461420536041
260 7.2439 0.1025 car 0.45866093039512634
260 7.6700 0.0709 car 0.45573000609874725
261 8.0961 -0.3791 car 0.8951089680194855
261 7.8830 0.0709 car 0.4535546898841858
261 7.4569 0.1821 car 0.4425784647464752
262 8.3091 -0.3622 car 0.8917850255966187
262 7.6700 0.1025 car 0.4670235812664032
263 8.3091 -0.3622 car 0.8677381873130798
263 7.6700 0.1343 car 0.4526284337043762
264 8.3091 -0.3287 car 0.8821491599082947
264 7.6700 0.1661 car 0.4277164340019226
264 7.6700 0.0394 car 0.41477496922016144
265 8.3091 -0.2956 car 0.8918173313140869
265 7.8830 0.0709 car 0.4154307097196579
265 7.4569 0.0867 car 0.4104086756706238
266 8.3091 -0.3121 car 0.8951514661312103
266 7.6700 0.1025 car 0.40129508078098297
267 8.5222 -0.3121 car 0.8968141674995422
267 7.8830 0.1025 car 0.40348660945892334
268 8.7352 -0.3287 car 0.8920335471630096
268 8.3091 0.1343 car 0.39782366156578064
269 8.7352 -0.2956 car 0.892611563205719
270 8.5222 -0.2956 car 0.8844673335552216
271 8.7352 -0.2956 car 0.8562088310718536
272 8.7352 -0.3287 car 0.9136047959327698
272 8.3091 0.0867 car 0.3548109531402588
272 7.6700 0.1661 car 0.3504459708929062
273 8.7352 -0.3121 car 0.917355090379715
273 8.0961 0.1184 car 0.3609386384487152
273 8.0961 0.1821 car 0.3554825782775879
274 8.7352 -0.3121 car 0.9556238949298859
274 8.5222 0.0709 car 0.35029007494449615
274 8.0961 0.1661 car 0.3463755249977112
275 8.7352 -0.3121 car 0.9497861266136169
275 8.3091 0.1502 car 0.3521147221326828
275 8.0961 0.2142 car 0.3338532894849777
276 8.7352 -0.3287 car 0.933237761259079
276 8.5222 0.1343 car 0.36556415259838104
277 8.9483 -0.3121 car 0.9299072921276093
277 8.3091 0.1343 car 0.37184788286685944
278 8.9483 -0.3121 car 0.9046171605587006
278 8.5222 0.1661 car 0.3892669528722763
279 8.9483 -0.3121 car 0.8566873073577881
279 8.3091 0.1502 car 0.39419125020504
280 9.1614 -0.3287 car 0.8403373956680298
280 8.5222 0.2304 car 0.482642725110054
281 8.9483 -0.3287 car 0.8719306588172913
281 8.3091 0.2142 car 0.49971915781497955
282 9.1614 -0.3121 car 0.8928897678852081
282 8.5222 0.2304 car 0.5439346581697464
283 9.1614 -0.3121 car 0.8970714509487152
283 8.7352 0.2466 car 0.5485969930887222
284 9.3744 -0.3121 car 0.8965773582458496
284 8.5222 0.2304 car 0.5543570667505264
285 9.1614 -0.3121 car 0.9066229462623596
285 8.7352 0.2629 car 0.5462058931589127
286 9.1614 -0.3121 car 0.8858319222927094
286 8.5222 0.2304 car 0.5388511121273041
287 9.1614 -0.3121 car 0.8556225597858429
287 8.7352 0.2304 car 0.5200010389089584
288 9.3744 -0.3454 car 0.7712077796459198
288 8.5222 0.2304 car 0.511777400970459
289 9.1614 -0.3622 car 0.7794965505599976
289 8.5222 0.2304 car 0.5189629048109055
290 9.3744 -0.3454 car 0.8191669583320618
290 8.5222 0.2304 car 0.5250796526670456
291 9.5875 -0.3121 car 0.8027778565883636
291 8.9483 0.2304 car 0.5218268781900406
292 9.5875 -0.3622 car 0.7796464562416077
292 8.9483 0.2956 car 0.517619788646698
293 9.8005 -0.3454 car 0.7822534143924713
293 8.7352 0.2629 car 0.5102456361055374
294 9.8005 -0.3454 car 0.7332049906253815
294 8.9483 0.2792 car 0.48326095938682556
295 9.8005 -0.3454 car 0.7020607888698578
295 8.9483 0.2956 car 0.4558660089969635
296 10.0136 -0.3287 car 0.7421167492866516
296 9.1614 0.3622 car 0.39206187427043915
296 8.9483 0.3287 cyclist 0.3009227216243744
297 9.8005 -0.3454 car 0.7654483914375305
297 9.1614 0.3791 car 0.4036998152732849
297 8.9483 0.3287 cyclist 0.31001539528369904
298 10.0136 -0.3622 car 0.7606557309627533
298 9.1614 0.3454 car 0.43871185183525085
299 10.0136 -0.3622 car 0.7704951167106628
299 9.3744 0.3454 car 0.43568868935108185
300 10.2266 -0.3622 car 0.7728973925113678
300 9.3744 0.3622 car 0.4604097753763199
301 10.2266 -0.3791 car 0.7716106176376343
301 9.3744 0.3622 car 0.45747633278369904
302 10.2266 -0.3622 car 0.7698992192745209
302 9.3744 0.3622 car 0.45481809973716736
303 10.2266 -0.3791 car 0.7415764629840851
303 9.3744 0.3622 car 0.4380205273628235
304 10.4397 -0.3961 car 0.897126704454422
304 9.3744 0.3622 car 0.46688975393772125
305 10.2266 -0.3622 car 0.9171514809131622
305 9.3744 0.3622 car 0.46535637974739075
306 10.4397 -0.3791 car 0.9172148108482361
306 9.3744 0.3622 car 0.48160044848918915
307 10.4397 -0.3622 car 0.9171468019485474
307 9.8005 0.3791 car 0.48387299478054047
308 10.4397 -0.3454 car 0.8919685482978821
308 9.8005 0.3622 car 0.4940165728330612
309 10.6527 -0.3454 car 0.8867422044277191
309 9.8005 0.3622 car 0.5062355399131775
310 10.8658 -0.3622 car 0.8800161778926849
310 10.0136 0.4132 car 0.5008980482816696
311 10.8658 -0.3622 car 0.8495367467403412
311 9.8005 0.3622 car 0.49183352291584015
312 10.4397 -0.3961 car 0.8523511588573456
312 10.0136 0.4479 car 0.6844832003116608
313 10.6527 -0.4132 car 0.8671705424785614
313 9.8005 0.4479 car 0.7160062193870544
314 10.6527 -0.3961 car 0.8503168821334839
314 10.0136 0.4654 car 0.7427000403404236
315 10.8658 -0.3961 car 0.8531197309494019
315 10.0136 0.4479 car 0.755992591381073
316 11.0789 -0.3791 car 0.8635739982128143
316 10.2266 0.4654 car 0.77597776055336
317 11.0789 -0.3791 car 0.8655185401439667
317 10.0136 0.4479 car 0.7905882596969604
318 11.0789 -0.4132 car 0.8781709969043732
318 10.2266 0.4654 car 0.776932954788208
319 11.2919 -0.3961 car 0.8423541784286499
319 10.2266 0.4654 car 0.7555550038814545
320 11.2919 -0.4305 car 0.8219311535358429
320 10.2266 0.5010 car 0.79500612616539
321 11.2919 -0.4305 car 0.8433822691440582
321 10.0136 0.4831 car 0.8074128925800323
322 11.2919 -0.4479 car 0.8597432971000671
322 10.2266 0.5010 car 0.7883876264095306
323 11.5050 -0.4479 car 0.8623832762241364
323 10.4397 0.5010 car 0.762732207775116
324 11.5050 -0.4305 car 0.8523449003696442
324 10.4397 0.5373 car 0.6950040757656097
325 11.7180 -0.4305 car 0.8600735366344452
325 10.4397 0.5010 car 0.6698516309261322
326 11.7180 -0.4479 car 0.8419210612773895
326 10.4397 0.5191 car 0.6087649762630463
327 11.7180 -0.4479 car 0.8097910583019257
327 10.4397 0.5010 car 0.5643980801105499
328 11.9311 -0.4831 car 0.7138577103614807
328 10.6527 0.5557 car 0.48607198894023895
329 12.1441 -0.5191 car 0.7264293432235718
329 10.8658 0.5557 car 0.48373815417289734
330 12.1441 -0.5191 car 0.7584958076477051
330 10.6527 0.5557 car 0.4363328516483307
331 12.1441 -0.4831 car 0.7476016581058502
331 10.6527 0.5557 car 0.4174363762140274
332 12.3572 -0.5010 car 0.7205418348312378
332 10.6527 0.5557 car 0.3457248955965042
333 12.5702 -0.5373 car 0.7134892046451569
333 10.8658 0.5373 car 0.30622418224811554
334 12.5702 -0.5010 car 0.6754430532455444
335 12.5702 -0.5010 car 0.6469830870628357
336 12.7833 -0.6317 car 0.6394554078578949
336 24.5013 -0.2466 car 0.33641745150089264
337 12.9963 -0.6124 car 0.653073251247406
337 24.2883 -0.2466 car 0.3615701049566269
338 12.9963 -0.5932 car 0.6610501706600189
338 24.0752 -0.2304 car 0.3775923401117325
339 12.9963 -0.6124 car 0.6434238255023956
339 24.0752 -0.2629 car 0.38331305980682373
340 13.2094 -0.6124 car 0.6374372243881226
340 23.6491 -0.2629 car 0.3672850579023361
341 13.4225 -0.5744 car 0.6266656517982483
341 23.6491 -0.2466 car 0.3462822288274765
342 13.4225 -0.5932 car 0.6148957163095474
342 23.4360 -0.2792 car 0.32474085688591003
343 13.4225 -0.6124 car 0.6011994779109955
343 23.2230 -0.2792 car 0.31918342411518097
344 13.6355 -0.6317 car 0.6853373944759369
344 22.7969 -0.2956 car 0.4315001219511032
345 13.6355 -0.6514 car 0.6833371222019196
345 22.7969 -0.2956 car 0.4535772055387497
346 13.8486 -0.5932 car 0.6827857792377472
346 22.5838 -0.2956 car 0.4788494110107422
347 13.8486 -0.6124 car 0.6614366173744202
347 22.5838 -0.3287 car 0.5010746568441391
348 14.2747 -0.6317 car 0.6211661398410797
348 22.3708 -0.2956 car 0.5033568441867828
349 14.2747 -0.5932 car 0.6120409369468689
349 22.3708 -0.3121 car 0.49308644235134125
350 14.4877 -0.6317 car 0.5868831872940063
350 22.3708 -0.3121 car 0.46885423362255096
351 14.2747 -0.6124 car 0.5664295256137848
351 22.1577 -0.3121 car 0.44087427854537964
352 21.7316 -0.3622 car 0.5505981892347336
352 5.5394 -0.1343 car 0.4988177567720413
352 14.7008 -0.6714 car 0.306323766708374
353 21.5185 -0.3622 car 0.5785316228866577
353 5.5394 -0.1184 car 0.5111613571643829
354 21.5185 -0.3791 car 0.6096051335334778
354 5.3264 -0.1502 car 0.5314356833696365
355 21.0924 -0.3622 car 0.6201813369989395
355 5.5394 -0.1025 car 0.5396662354469299
355 22.7969 0.4132 car 0.3251890689134598
356 21.3055 -0.3791 car 0.6098915189504623
356 5.1133 -0.1025 car 0.5273927599191666
356 22.5838 0.3961 car 0.33073892444372177
357 21.0924 -0.3961 car 0.6113122254610062
357 4.9003 -0.1025 car 0.5116551965475082
357 22.3708 0.4132 car 0.33977945148944855
358 20.8794 -0.4132 car 0.5764544308185577
358 5.1133 -0.1184 car 0.5122280865907669
358 22.3708 0.4132 car 0.32325469702482224
359 20.6663 -0.4132 car 0.5670249462127686
359 4.9003 -0.1025 car 0.5110281854867935
359 22.1577 0.4132 car 0.30082370340824127
360 5.1133 -0.0867 car 0.664727658033371
360 20.4533 -0.4479 car 0.5321142077445984
361 5.1133 -0.0709 car 0.670905590057373
361 20.2402 -0.4654 car 0.548424631357193
362 5.1133 -0.0867 car 0.6680386066436768
362 20.2402 -0.4654 car 0.537066251039505
363 4.9003 -0.1025 car 0.6743848919868469
363 20.0272 -0.4654 car 0.5394700467586517
364 5.1133 -0.1025 car 0.6531272828578949
364 19.8141 -0.4831 car 0.5099676251411438
365 4.9003 -0.1025 car 0.6390436291694641
365 19.8141 -0.5191 car 0.49486054480075836
366 5.1133 -0.1184 car 0.6135900914669037
366 19.6010 -0.4654 car 0.45735424757003784
367 4.9003 -0.1025 car 0.599420815706253
367 19.6010 -0.5191 car 0.4003709405660629
368 5.5394 -0.1343 car 0.3779301196336746
369 5.1133 -0.1502 car 0.36926520615816116
370 5.3264 -0.1502 car 0.3478178605437279
371 5.1133 -0.1502 car 0.3355698138475418
378 20.0272 0.2629 car 0.3138313442468643
379 19.8141 0.2792 car 0.33267346024513245
380 19.8141 0.2466 car 0.3544594794511795
381 19.3880 0.2629 car 0.362815797328949
382 19.3880 0.2304 car 0.3892393559217453
382 24.5013 -0.1661 car 0.35714446008205414
383 19.1749 0.2304 car 0.39144450426101685
383 24.5013 -0.1661 car 0.37600673735141754
384 24.7144 -0.2466 car 0.49907128512859344
384 19.1749 0.1981 car 0.3933199346065521
385 24.7144 -0.2629 car 0.5374780595302582
385 19.1749 0.2142 car 0.4035550206899643
386 24.5013 -0.2629 car 0.5556359887123108
386 18.9619 0.2142 car 0.4221674054861069
387 24.5013 -0.2466 car 0.5781073868274689
387 18.9619 0.2142 car 0.4370099753141403
388 24.5013 -0.2629 car 0.5791762173175812
388 18.9619 0.2142 car 0.451738178730011
389 24.5013 -0.2304 car 0.5744206011295319
389 18.9619 0.2142 car 0.4518880844116211
390 24.2883 -0.2629 car 0.5658388137817383
390 18.7488 0.1981 car 0.4571313112974167
391 24.2883 -0.2466 car 0.5404134094715118
391 18.9619 0.1981 car 0.45700594782829285
392 18.9619 0.1502 car 0.4618695229291916
392 18.5358 0.1661 car 0.4583585113286972
392 24.2883 -0.2629 car 0.43689557909965515
393 18.7488 0.1821 car 0.48803797364234924
393 24.7144 -0.2629 car 0.4352010637521744
393 20.6663 -0.1184 car 0.36391741037368774
394 18.7488 0.1343 car 0.5255713760852814
394 24.5013 -0.2466 car 0.4139126092195511
395 18.1097 0.1184 car 0.5535141825675964
395 24.5013 -0.2466 car 0.41846050322055817
395 20.6663 -0.1502 car 0.3647319823503494
396 18.1097 0.1343 car 0.5770982801914215
396 24.0752 -0.2629 car 0.3935491442680359
396 20.2402 -0.1821 car 0.34706565737724304
397 18.1097 0.1502 car 0.5794017910957336
397 23.8621 -0.2792 car 0.3936958461999893
397 20.0272 -0.1025 car 0.31923340260982513
398 17.6836 0.1025 car 0.5799986720085144
398 18.1097 0.1184 car 0.5726879835128784
398 23.8621 -0.2466 car 0.39382679760456085
399 17.8966 0.1343 car 0.572912722826004
399 23.6491 -0.3121 car 0.4029771164059639
400 18.1097 0.0551 car 0.5859790742397308
400 23.6491 -0.2956 car 0.5726546943187714
401 17.6836 0.0394 car 0.6138189733028412
401 23.4360 -0.2792 car 0.5952823758125305
402 17.6836 0.0394 car 0.6153755187988281
402 23.2230 -0.3454 car 0.6033019721508026
403 17.6836 0.0236 car 0.659892201423645
403 23.4360 -0.3121 car 0.6134669780731201
404 17.4705 -0.0079 car 0.6348313689231873
404 23.2230 -0.3287 car 0.6127145290374756
405 17.2574 0.0236 car 0.6398054361343384
405 23.2230 -0.3287 car 0.6114661395549774
406 17.0444 0.0079 car 0.6619287729263306
406 23.0099 -0.3454 car 0.631171852350235
407 16.8313 0.0236 car 0.6398733258247375
407 22.7969 -0.3622 car 0.6100934147834778
408 16.6183 -0.0867 car 0.6202990114688873
408 22.5838 -0.4654 car 0.599558025598526
408 22.3708 0.3961 car 0.3508029133081436
409 16.4052 -0.0236 car 0.6311730742454529
409 22.3708 -0.4654 car 0.6203018724918365
409 22.5838 0.3791 car 0.38552139699459076
409 19.8141 -0.3287 car 0.35658490657806396
410 22.3708 -0.4479 car 0.6437784731388092
410 16.4052 -0.0867 car 0.6103114783763885
410 22.3708 0.3454 car 0.4310299903154373
410 20.2402 -0.3121 car 0.34669432044029236
411 22.3708 -0.4654 car 0.6503910720348358
411 15.9791 -0.1025 car 0.606332927942276
411 22.1577 0.3287 car 0.44496962428092957
411 19.1749 -0.3622 car 0.3420003429055214
412 22.3708 -0.4654 car 0.6381343007087708
412 15.9791 -0.1184 car 0.5762849152088165
412 21.9447 0.3454 car 0.4670984148979187
413 22.1577 -0.4654 car 0.6218064427375793
413 15.9791 -0.1025 car 0.5743698477745056
413 21.7316 0.3121 car 0.47088946402072906
414 21.9447 -0.5010 car 0.6042066216468811
414 15.9791 -0.1025 car 0.5572796016931534
414 21.5185 0.2956 car 0.4563845843076706
415 21.9447 -0.5010 car 0.579807460308075
415 15.7661 -0.1025 car 0.5433795601129532
415 21.3055 0.3121 car 0.4297458678483963
416 15.7661 -0.1343 car 0.65897136926651
416 21.7316 -0.5373 car 0.555725485086441
416 21.5185 0.2466 car 0.3126593455672264
417 15.5530 -0.1661 car 0.670766294002533
417 21.7316 -0.5557 car 0.5791530013084412
417 21.0924 0.2466 car 0.31207267940044403
418 15.5530 -0.1821 car 0.6884929835796356
418 21.5185 -0.5557 car 0.59589883685112
418 20.8794 0.2304 car 0.3143079876899719
419 15.5530 -0.1661 car 0.6773923337459564
419 21.5185 -0.5557 car 0.5939544439315796
419 20.6663 0.2304 car 0.3169521540403366
420 15.1269 -0.2304 car 0.6471474170684814
420 21.3055 -0.6124 car 0.5948042869567871
420 20.4533 0.2304 car 0.320336502045393
421 14.9138 -0.2304 car 0.6303296983242035
421 21.0924 -0.6124 car 0.5880372524261475
421 20.2402 0.2142 car 0.3195698447525501
422 14.9138 -0.2629 car 0.6172375082969666
422 21.0924 -0.6514 car 0.5996570885181427
422 20.2402 0.1502 car 0.31434864178299904
423 14.7008 -0.2304 car 0.5996278524398804
423 21.0924 -0.6124 car 0.5867963135242462
424 21.0924 -0.6514 car 0.6891326904296875
424 14.2747 -0.3622 car 0.6175786554813385
425 21.0924 -0.6514 car 0.7031435370445251
425 14.2747 -0.3622 car 0.6395613551139832
426 20.8794 -0.6514 car 0.7007075250148773
426 14.2747 -0.3961 car 0.6689992249011993
426 19.8141 0.0236 car 0.3314327746629715
427 20.8794 -0.6514 car 0.706419050693512
427 14.2747 -0.3622 car 0.703585296869278
427 19.3880 0.0236 car 0.36823253333568573
428 13.8486 -0.3791 car 0.6981597244739532
428 20.6663 -0.6714 car 0.6705130934715271
428 19.6010 0.0236 car 0.3948138505220413
429 13.8486 -0.3961 car 0.7004653215408325
429 20.6663 -0.6916 car 0.657662034034729
429 19.1749 -0.0079 car 0.39717352390289307
430 13.6355 -0.3961 car 0.6690519154071808
430 20.4533 -0.6916 car 0.5996774137020111
430 18.9619 -0.0079 car 0.4069902151823044
431 13.6355 -0.3791 car 0.6403934359550476
431 20.4533 -0.6714 car 0.5656631290912628
431 18.9619 -0.0236 car 0.3919747620820999
432 18.5358 -0.1025 car 0.4461165815591812
432 13.4225 -0.5010 car 0.4429231435060501
432 13.8486 -0.4305 car 0.42991290986537933
432 20.4533 -0.6916 car 0.34026850014925003
433 18.3227 -0.0709 car 0.47046591341495514
433 13.4225 -0.5010 car 0.44503574073314667
433 20.4533 -0.6916 car 0.31270312517881393
434 18.1097 -0.1025 car 0.5020793080329895
434 13.4225 -0.5191 car 0.43297727406024933
435 18.1097 -0.1025 car 0.538972795009613
435 13.2094 -0.5557 car 0.4448685795068741
436 18.1097 -0.1343 car 0.5691904425621033
436 12.9963 -0.5744 car 0.4627331346273422
437 17.6836 -0.1025 car 0.5899516344070435
437 12.9963 -0.5744 car 0.4790204018354416
438 17.6836 -0.1502 car 0.6009301841259003
438 12.7833 -0.6124 car 0.4914194345474243
439 17.4705 -0.1502 car 0.5873081684112549
439 12.5702 -0.5744 car 0.4879118651151657
440 12.5702 -0.6514 car 0.6630838513374329
440 17.2574 -0.2304 car 0.6201417148113251
441 12.5702 -0.6514 car 0.689227283000946
441 17.0444 -0.1981 car 0.6492825150489807
442 12.5702 -0.6514 car 0.7104189991950989
442 17.0444 -0.2466 car 0.6878534853458405
443 12.5702 -0.6514 car 0.740145355463028
443 16.8313 -0.2304 car 0.7090927064418793
444 12.5702 -0.6514 car 0.7221742570400238
444 16.8313 -0.2629 car 0.6800443232059479
445 12.5702 -0.6514 car 0.7367280423641205
445 16.8313 -0.2956 car 0.6701493859291077
446 12.5702 -0.6514 car 0.7142303287982941
446 16.8313 -0.2956 car 0.6093563735485077
446 24.7144 0.0709 car 0.3944205045700073
446 22.1577 0.4654 car 0.3139745965600014
447 12.5702 -0.6514 car 0.664587140083313
447 16.4052 -0.2956 car 0.5743502378463745
447 24.5013 0.0709 car 0.44548627734184265
447 22.3708 0.4479 car 0.33577679097652435
448 24.2883 0.0236 car 0.7197793424129486
448 22.3708 0.4132 car 0.5403755307197571
448 15.7661 -0.3791 car 0.5113261044025421
448 12.5702 -0.6514 car 0.31378791853785515
449 24.0752 0.0079 car 0.7556653618812561
449 22.3708 0.3961 car 0.5688527971506119
449 15.5530 -0.3791 car 0.535150796175003
449 12.5702 -0.6514 car 0.30234677717089653
450 24.0752 -0.0236 car 0.7719675600528717
450 22.5838 0.4132 car 0.6362448632717133
450 15.5530 -0.3791 car 0.5707758963108063
451 23.6491 0.0079 car 0.766217976808548
451 22.5838 0.3961 car 0.6655668318271637
451 15.5530 -0.3961 car 0.591737687587738
452 23.2230 -0.0079 car 0.7246999740600586
452 22.5838 0.4132 car 0.697637677192688
452 15.5530 -0.4305 car 0.604160726070404
453 22.7969 0.4132 car 0.7053073346614838
453 22.7969 -0.0394 car 0.6896883547306061
453 15.1269 -0.4305 car 0.6019344627857208
454 22.7969 0.3791 car 0.6803441047668457
454 22.3708 -0.0236 car 0.6658146679401398
454 15.3400 -0.4305 car 0.5866963714361191
455 22.7969 0.3791 car 0.6574611365795135
455 22.3708 -0.0236 car 0.6515343487262726
455 15.1269 -0.4479 car 0.5584440529346466
456 21.7316 -0.1343 car 0.8061802983283997
456 22.7969 0.3454 car 0.6637353003025055
456 14.7008 -0.5010 car 0.32231689989566803
457 21.3055 -0.1343 car 0.8433012962341309
457 22.7969 0.3287 car 0.6695158779621124
457 14.7008 -0.5010 car 0.30723100900650024
458 21.0924 -0.1343 car 0.900939404964447
458 23.0099 0.3622 car 0.6531038880348206
459 20.8794 -0.1343 car 0.9222961068153381
459 23.0099 0.3622 car 0.6508613526821136
460 20.6663 -0.1343 car 0.9600844383239746
460 23.0099 0.3287 car 0.6534724831581116
461 20.4533 -0.1661 car 0.9643396735191345
461 23.4360 0.3287 car 0.6741994917392731
462 20.2402 -0.1821 car 0.967353105545044
462 23.4360 0.3287 car 0.680759608745575
463 20.0272 -0.1821 car 0.9292216897010803
463 23.2230 0.3454 car 0.6591085493564606
464 19.8141 -0.1981 car 0.7750929594039917
464 23.6491 0.2142 car 0.6222845315933228
465 19.6010 -0.1981 car 0.753345400094986
465 23.6491 0.2792 car 0.6458198726177216
466 19.3880 -0.2142 car 0.6812301576137543
466 24.0752 0.2629 car 0.6573014557361603
467 24.0752 0.2792 car 0.666675329208374
467 18.9619 -0.2304 car 0.6620442271232605
468 24.0752 0.2466 car 0.6939498782157898
468 18.5358 -0.2629 car 0.6345412731170654
469 24.2883 0.2304 car 0.717055082321167
469 18.1097 -0.2956 car 0.6488845944404602
470 24.0752 0.2629 car 0.7520577609539032
470 17.8966 -0.3121 car 0.665726900100708
471 24.2883 0.2304 car 0.750243753194809
471 17.6836 -0.2956 car 0.6577112674713135
472 17.2574 -0.3791 car 0.6525731980800629
472 24.2883 0.1981 car 0.44102780520915985
473 17.0444 -0.3622 car 0.6635253727436066
473 24.2883 0.1981 car 0.4465697333216667
474 16.6183 -0.3961 car 0.651829719543457
474 24.2883 0.1821 car 0.4699537754058838
475 16.4052 -0.3961 car 0.6650198698043823
475 24.2883 0.1981 car 0.4746025428175926
476 15.9791 -0.3791 car 0.6671373546123505
476 24.2883 0.1821 car 0.47317981719970703
477 15.9791 -0.4305 car 0.6619507074356079
477 24.2883 0.1981 car 0.46580980718135834
478 15.5530 -0.4654 car 0.6692633926868439
478 24.5013 0.1502 car 0.4756559133529663
479 15.3400 -0.4305 car 0.6575108766555786
479 24.5013 0.1502 car 0.4661892056465149
480 15.1269 -0.5373 car 0.6564262211322784
481 14.9138 -0.5191 car 0.668779194355011
482 14.7008 -0.5191 car 0.6515970826148987
483 14.2747 -0.5010 car 0.6486682593822479
484 14.0616 -0.5932 car 0.6015602052211761
485 13.8486 -0.5744 car 0.5827424824237823
486 13.8486 -0.6124 car 0.5493653565645218
487 13.4225 -0.5744 car 0.5315471142530441
488 12.9963 -0.5744 car 0.39947378635406494
488 15.7661 0.4132 car 0.316671185195446
489 12.9963 -0.6514 car 0.4026564657688141
489 15.3400 0.3961 car 0.31564218550920486
490 12.5702 -0.6514 car 0.4089033529162407
490 15.3400 0.3961 car 0.3097132444381714
491 12.5702 -0.6714 car 0.4106200337409973
491 15.1269 0.4132 car 0.32029052823781967
492 12.3572 -0.6514 car 0.3894518204033375
492 15.1269 0.3791 car 0.3069666847586632
493 12.1441 -0.6714 car 0.376997996121645
494 12.1441 -0.6916 car 0.3404322639107704
494 14.9138 0.3961 car 0.3011959567666054
495 12.1441 -0.7123 car 0.31040550768375397
495 14.9138 0.3622 car 0.30646248906850815
496 14.7008 0.4132 car 0.5420082658529282
497 14.9138 0.3961 car 0.544774740934372
498 14.7008 0.4132 car 0.52518230676651
499 14.4877 0.3961 car 0.5062396377325058
500 14.4877 0.4132 car 0.48210959136486053
501 14.2747 0.4132 car 0.4549870193004608
502 14.0616 0.4132 car 0.40771718323230743
503 14.2747 0.3961 car 0.3816104233264923
504 13.4225 0.4305 car 0.3826475441455841
505 13.4225 0.4132 car 0.3750101774930954
506 12.9963 0.4479 car 0.34694816172122955
507 13.4225 0.4132 car 0.34905774891376495
508 13.2094 0.3961 car 0.34474828839302063
509 13.4225 0.4132 car 0.3447517603635788
510 13.2094 0.4132 car 0.3407459557056427
511 12.9963 0.4132 car 0.34591300785541534
521 24.7144 -0.0079 car 0.3091496229171753
522 24.7144 0.0079 car 0.3051207512617111
523 24.9274 -0.0394 car 0.3274168148636818
524 24.7144 -0.0236 car 0.3168564587831497
525 24.7144 -0.0236 car 0.3206498920917511
525 25.1405 -0.0551 car 0.3117539808154106
526 24.7144 -0.0236 car 0.319070428609848
527 24.9274 -0.0394 car 0.32909777760505676
528 24.9274 0.0079 car 0.4344814270734787
528 15.1269 0.4479 car 0.4334822818636894
529 24.9274 -0.0079 car 0.4545462131500244
529 15.3400 0.4479 car 0.4448789060115814
530 24.9274 0.0079 car 0.46655912697315216
530 15.3400 0.4305 car 0.456042043864727
531 24.9274 -0.0079 car 0.4878814071416855
531 15.1269 0.4132 car 0.45762746036052704
532 24.9274 0.0079 car 0.5034511238336563
532 15.1269 0.4132 car 0.4443184956908226
533 25.1405 0.0079 car 0.5118198990821838
533 15.1269 0.4132 car 0.433741919696331
534 24.7144 0.0079 car 0.5243589878082275
534 15.1269 0.4132 car 0.3972877264022827
535 24.9274 -0.0079 car 0.5237060040235519
535 14.9138 0.4305 car 0.3865564614534378
535 9.5875 0.7123 car 0.3000797778367996
536 24.7144 0.0394 car 0.516382098197937
536 15.1269 0.4479 car 0.46903447806835175
537 24.9274 0.0236 car 0.5456524789333344
537 14.9138 0.4305 car 0.4590519368648529
538 24.7144 0.0394 car 0.6259251236915588
538 14.7008 0.4654 car 0.43352004885673523
539 24.5013 0.0236 car 0.656123161315918
539 14.9138 0.4479 car 0.43359342217445374
540 24.7144 0.0394 car 0.6764532625675201
540 14.4877 0.4305 car 0.39644524455070496
541 24.5013 0.0709 car 0.6612094342708588
541 14.2747 0.4305 car 0.3768783509731293
542 24.5013 0.0394 car 0.6253294944763184
542 14.4877 0.4479 car 0.3527177423238754
543 24.5013 0.0551 car 0.5869405269622803
543 14.0616 0.4305 car 0.3356415778398514
544 24.0752 0.0236 car 0.6256341487169266
544 14.2747 0.4831 car 0.3852967172861099
545 24.0752 0.0079 car 0.6312359869480133
545 14.2747 0.4831 car 0.3882218301296234
546 23.8621 0.0394 car 0.6144950836896896
546 14.2747 0.4654 car 0.3871620148420334
547 23.8621 0.0236 car 0.6094180345535278
547 14.0616 0.4479 car 0.37854762375354767
548 23.6491 0.0079 car 0.5701602250337601
548 13.8486 0.4831 car 0.36542022228240967
548 14.2747 0.5010 car 0.35483428835868835
549 23.4360 0.0079 car 0.5440183579921722
549 13.8486 0.4831 car 0.35925084352493286
550 23.2230 0.0394 car 0.5298764407634735
550 13.6355 0.4654 car 0.334663063287735
551 23.8621 0.0236 car 0.5315308719873428
551 13.8486 0.4831 car 0.30789944529533386
552 23.8621 -0.0236 car 0.582236111164093
553 23.8621 -0.0236 car 0.5771328657865524
554 24.0752 -0.0551 car 0.5523382127285004
555 23.8621 -0.0236 car 0.5315296202898026
556 23.8621 -0.0236 car 0.4909461438655853
557 23.8621 -0.0236 car 0.4623551070690155
558 23.8621 0.0079 car 0.4231145828962326
559 23.6491 -0.0079 car 0.40125657618045807
560 23.6491 -0.0394 car 0.38054075837135315
561 23.4360 -0.0236 car 0.3973495364189148
562 23.6491 -0.0551 car 0.3594866320490837
563 23.4360 -0.0236 car 0.36789263784885406
564 23.4360 0.0079 car 0.37059029191732407
565 23.6491 0.0079 car 0.3656894639134407
566 23.4360 -0.0079 car 0.3857191130518913
567 23.4360 0.0236 car 0.39102406054735184
568 23.2230 0.0079 car 0.5001487284898758
569 23.0099 -0.0079 car 0.49806007742881775
570 23.0099 -0.0394 car 0.47767001390457153
571 23.0099 -0.0236 car 0.4915470480918884
572 22.7969 0.0079 car 0.48490166664123535
573 22.7969 -0.0394 car 0.4916706085205078
574 22.7969 0.0236 car 0.5220558792352676
575 22.7969 0.0079 car 0.518780454993248
576 22.3708 -0.0394 car 0.4862973392009735
577 22.3708 -0.0394 car 0.5088128745555878
578 22.3708 -0.0394 car 0.49389807879924774
579 22.3708 -0.0394 car 0.4932028502225876
580 21.9447 0.0079 car 0.4893490672111511
581 21.9447 -0.0394 car 0.495666041970253
582 22.1577 0.0079 car 0.5233487337827682
583 21.7316 0.0079 car 0.5320155322551727
584 21.5185 -0.0394 car 0.4964359849691391
585 21.5185 -0.0394 car 0.5007285326719284
586 21.5185 -0.0551 car 0.48930230736732483
587 21.3055 -0.0236 car 0.47941096127033234
588 21.3055 -0.0551 car 0.45401424169540405
589 21.0924 -0.0551 car 0.4519251883029938
590 20.8794 -0.0551 car 0.41909046471118927
590 20.8794 0.0236 car 0.41069935262203217
591 20.6663 -0.0394 car 0.4028674364089966
592 20.8794 -0.0551 car 0.5615185648202896
593 20.8794 -0.0867 car 0.5845883041620255
594 20.6663 -0.0551 car 0.6005405634641647
595 20.6663 -0.0867 car 0.5871165245771408
596 20.4533 -0.0236 car 0.5457154214382172
597 20.2402 -0.0394 car 0.5322311520576477
598 20.0272 -0.0236 car 0.4835874140262604
599 20.0272 -0.0236 car 0.45284323394298553
600 20.0272 -0.0551 car 0.3305139094591141
601 20.0272 -0.0236 car 0.34297044575214386
602 19.8141 -0.0394 car 0.3423050194978714
603 19.6010 -0.0236 car 0.35642069578170776
604 19.6010 -0.0551 car 0.3591804951429367
605 19.3880 -0.0551 car 0.3747066706418991
606 19.1749 -0.0236 car 0.37788668274879456
607 19.1749 0.0079 car 0.3788478672504425
608 19.1749 0.0079 car 0.5016325414180756
608 12.5702 0.2142 car 0.3613083213567734
609 18.9619 0.0079 car 0.5239388644695282
609 12.5702 0.2466 car 0.37882091104984283
610 18.9619 -0.0236 car 0.5428700596094131
610 12.5702 0.2304 car 0.35220448672771454
611 18.7488 -0.0079 car 0.5444277971982956
611 12.1441 0.2466 car 0.35718613862991333
612 18.5358 -0.0079 car 0.5478613972663879
612 12.1441 0.2304 car 0.34699520468711853
613 18.5358 -0.0079 car 0.5484294146299362
613 12.1441 0.2629 car 0.340512678027153
614 18.3227 -0.0236 car 0.5439179837703705
614 11.9311 0.2466 car 0.3293333947658539
615 18.3227 -0.0236 car 0.5307060331106186
615 11.5050 0.2629 car 0.325363889336586
616 18.1097 0.0079 car 0.6640840470790863
616 11.7180 0.2792 car 0.3946814388036728
617 18.1097 -0.0079 car 0.6712411940097809
617 11.5050 0.2629 car 0.4036945104598999
618 17.8966 0.0236 car 0.6794003546237946
618 11.5050 0.2792 car 0.39218804240226746
619 17.6836 0.0236 car 0.6835163235664368
619 11.2919 0.2792 car 0.3928665965795517
620 17.6836 0.0079 car 0.6424506902694702
620 11.0789 0.2956 car 0.3926359862089157
621 17.4705 -0.0079 car 0.6337244808673859
621 10.8658 0.2629 car 0.3793057054281235
622 17.4705 0.0236 car 0.6078665256500244
622 10.6527 0.2792 car 0.36623428761959076
623 17.2574 0.0079 car 0.5801230370998383
623 10.4397 0.2956 car 0.3334522843360901
624 17.0444 0.0394 car 0.6057250797748566
624 10.6527 0.2956 car 0.3025173842906952
625 17.0444 0.0551 car 0.6079091727733612
625 10.4397 0.2792 car 0.3137243911623955
626 17.0444 0.0394 car 0.5790294110774994
626 10.2266 0.2792 car 0.31680791079998016
627 16.8313 0.0236 car 0.5764752328395844
627 10.2266 0.3121 car 0.31718121469020844
628 16.8313 0.0551 car 0.5628470480442047
628 10.0136 0.3454 car 0.3227231651544571
629 16.6183 0.0394 car 0.5588230788707733
629 9.8005 0.3121 car 0.3382287919521332
630 16.4052 0.0236 car 0.5572812110185623
630 9.5875 0.3454 car 0.3472263067960739
631 16.4052 0.0394 car 0.5428378283977509
631 9.8005 0.3287 car 0.3383849114179611
632 16.4052 0.0551 car 0.793822169303894
633 15.9791 0.0394 car 0.8119491338729858
633 9.3744 0.2956 car 0.32311277091503143
634 15.7661 0.0236 car 0.7977095544338226
634 9.1614 0.3121 car 0.35116711258888245
635 15.7661 0.0236 car 0.8104479014873505
635 8.9483 0.3121 car 0.3782365024089813
636 15.5530 0.0394 car 0.7846499979496002
636 8.7352 0.3454 car 0.384028896689415
637 15.5530 0.0236 car 0.774925947189331
637 8.5222 0.2956 car 0.38769571483135223
637 8.9483 0.3121 car 0.3795287162065506
638 15.3400 0.0079 car 0.7522154748439789
638 8.5222 0.3287 car 0.40634430944919586
639 15.3400 0.0236 car 0.7239181697368622
639 8.5222 0.3287 car 0.3903068006038666
640 15.1269 -0.0079 car 0.7264239192008972
640 8.3091 0.3454 car 0.3160804808139801
641 15.1269 0.0079 car 0.7246136963367462
641 8.0961 0.3622 car 0.3435983210802078
642 14.9138 -0.0079 car 0.7047631740570068
642 8.0961 0.3622 car 0.36825963854789734
643 14.9138 -0.0236 car 0.6975831985473633
643 8.0961 0.3622 car 0.3861910104751587
644 14.7008 -0.0079 car 0.6671883761882782
644 7.6700 0.4132 car 0.39028532803058624
645 14.4877 -0.0236 car 0.6497420072555542
645 7.6700 0.3622 car 0.40074577927589417
646 14.2747 -0.0236 car 0.6272225379943848
646 7.4569 0.4132 car 0.40183527767658234
647 14.2747 -0.0079 car 0.5971439480781555
647 7.6700 0.3961 car 0.3822600394487381
648 14.2747 -0.0079 car 0.703729510307312
649 14.2747 0.0079 car 0.7308349907398224
650 13.8486 -0.0236 car 0.7172461748123169
651 14.0616 -0.0236 car 0.7253677845001221
652 13.8486 -0.0079 car 0.6891549527645111
653 13.6355 -0.0079 car 0.6849628984928131
654 13.4225 -0.0079 car 0.6601035594940186
655 13.4225 0.0236 car 0.6230048835277557
656 13.2094 0.0079 car 0.45985324680805206
657 13.2094 0.0079 car 0.46738363802433014
658 12.9963 0.0079 car 0.4381854087114334
659 12.7833 0.0079 car 0.4490455687046051
660 12.5702 -0.0079 car 0.41509541869163513
661 12.5702 -0.0236 car 0.4092402458190918
662 12.3572 0.0236 car 0.3842134550213814
663 12.3572 0.0079 car 0.3610183894634247
664 12.1441 0.0236 car 0.43995628505945206
665 11.9311 0.0551 car 0.45494063943624496
666 12.1441 0.0709 car 0.4671309143304825
667 11.9311 0.0394 car 0.46902407705783844
668 11.7180 0.0236 car 0.44610702991485596
669 11.5050 0.0236 car 0.4391201585531235
670 11.5050 0.0394 car 0.44920770823955536
671 11.5050 0.0394 car 0.43751370906829834
672 11.2919 0.0079 car 0.6316542625427246
673 11.2919 0.0079 car 0.6635034680366516
673 16.6183 0.2304 car 0.3028373643755913
674 11.0789 0.0236 car 0.706725150346756
674 16.6183 0.2304 car 0.31877441704273224
675 10.8658 0.0236 car 0.7313694059848785
675 16.1922 0.2304 car 0.3285297825932503
676 10.6527 0.0236 car 0.7224529087543488
676 16.1922 0.2142 car 0.3569008708000183
677 10.8658 0.0236 car 0.7364221513271332
677 16.1922 0.2304 car 0.3419252038002014
678 10.6527 0.0236 car 0.729235976934433
678 15.9791 0.2142 car 0.3473351150751114
679 10.4397 0.0079 car 0.7124086320400238
679 15.9791 0.2466 car 0.32427266240119934
680 10.4397 0.0551 car 0.8275681436061859
681 10.2266 0.0236 car 0.873324990272522
681 24.7144 0.2466 car 0.30984407663345337
682 10.2266 0.0236 car 0.8903774917125702
682 24.7144 0.2629 car 0.32874926179647446
683 10.2266 0.0236 car 0.9052332043647766
683 24.5013 0.2629 car 0.34473416209220886
683 15.7661 0.1821 car 0.3022003322839737
684 10.0136 0.0551 car 0.9004223942756653
684 24.5013 0.2304 car 0.3403817266225815
684 15.5530 0.2142 car 0.32640519738197327
685 10.0136 0.0236 car 0.896938294172287
685 24.5013 0.2629 car 0.34422650933265686
685 15.3400 0.2304 car 0.34041666984558105
686 10.0136 0.0236 car 0.8688579499721527
686 15.1269 0.2142 car 0.36339056491851807
686 24.2883 0.2792 car 0.345923975110054
687 10.0136 0.0236 car 0.8238041400909424
687 15.1269 0.2466 car 0.35251130163669586
687 24.2883 0.2629 car 0.33225180208683014
688 10.0136 0.0236 car 0.8027240037918091
688 15.1269 0.2466 car 0.5866106301546097
688 24.2883 0.2792 car 0.3831275999546051
689 9.8005 0.0079 car 0.8245770633220673
689 15.1269 0.2629 car 0.6245120763778687
689 24.2883 0.2629 car 0.4025523066520691
690 9.5875 0.0079 car 0.8385111093521118
690 15.1269 0.2466 car 0.6740812659263611
690 24.0752 0.2792 car 0.4077916592359543
691 9.5875 0.0236 car 0.8377266824245453
691 14.9138 0.2304 car 0.6925550997257233
691 24.0752 0.2792 car 0.4207054674625397
692 9.3744 0.0079 car 0.8292351365089417
692 14.9138 0.2304 car 0.7046668231487274
692 23.6491 0.2629 car 0.3970864862203598
693 9.1614 0.0236 car 0.8263677060604095
693 14.7008 0.2629 car 0.709651529788971
693 23.6491 0.2792 car 0.389474481344223
694 9.1614 0.0236 car 0.8187435269355774
694 14.7008 0.2466 car 0.7055860459804535
694 23.6491 0.2792 car 0.36281463503837585
695 9.1614 0.0236 car 0.7870337069034576
695 14.4877 0.2629 car 0.698205441236496
695 23.6491 0.2629 car 0.3399754762649536
696 14.4877 0.2629 car 0.7883986830711365
696 8.7352 -0.0079 car 0.7619267702102661
696 23.6491 0.2792 car 0.3356785476207733
697 14.4877 0.2629 car 0.8266559839248657
697 8.7352 0.0079 car 0.7797218561172485
697 23.4360 0.2304 car 0.34117384254932404
698 14.2747 0.2466 car 0.8321975469589233
698 8.7352 0.0079 car 0.8321083784103394
698 23.4360 0.2466 car 0.3165069445967674
699 14.2747 0.2792 car 0.8443087935447693
699 8.7352 0.0236 car 0.8420009016990662
699 23.4360 0.2629 car 0.31007732450962067
700 8.5222 0.0236 car 0.8367669880390167
700 14.0616 0.2466 car 0.8205815255641937
701 8.5222 0.0079 car 0.8240976333618164
701 13.8486 0.2466 car 0.8147960007190704
702 8.3091 -0.0079 car 0.8002004623413086
702 13.8486 0.2304 car 0.7929860055446625
703 8.3091 0.0236 car 0.769851416349411
703 13.8486 0.2792 car 0.7610349357128143
704 8.0961 0.0079 car 0.7234739661216736
704 13.6355 0.2629 car 0.6833678483963013
705 8.0961 0.0079 car 0.735071063041687
705 13.6355 0.2792 car 0.7056252658367157
706 7.8830 0.0079 car 0.7471960783004761
706 13.6355 0.2629 car 0.7192800641059875
707 7.8830 0.0236 car 0.7497696578502655
707 13.6355 0.2792 car 0.7255323231220245
708 7.8830 0.0079 car 0.7561675608158112
708 13.4225 0.3121 car 0.7247824370861053
709 13.2094 0.2792 car 0.7384915947914124
709 7.8830 0.0079 car 0.7319635152816772
710 13.2094 0.2956 car 0.7394095957279205
710 7.6700 0.0236 car 0.700398325920105
711 13.2094 0.2956 car 0.708233654499054
711 7.6700 0.0079 car 0.67610302567482
712 7.4569 0.0236 car 0.7135794162750244
712 13.4225 0.3121 car 0.5302927792072296
713 7.4569 0.0236 car 0.7378304302692413
713 13.2094 0.2956 car 0.5600354224443436
714 7.2439 0.0236 car 0.7520568668842316
714 13.2094 0.2956 car 0.5846478044986725
715 7.4569 0.0236 car 0.77741539478302
715 13.2094 0.2956 car 0.5984811782836914
716 7.2439 0.0236 car 0.7572433352470398
716 12.9963 0.2792 car 0.6008972674608231
717 7.4569 0.0236 car 0.7523865103721619
717 13.2094 0.2956 car 0.5979394465684891
718 7.2439 0.0236 car 0.7291117608547211
718 12.9963 0.2629 car 0.5850309431552887
719 7.0308 0.0394 car 0.6828370690345764
719 12.7833 0.2956 car 0.558892548084259
720 7.2439 0.0236 car 0.704658716917038
720 12.5702 0.3454 car 0.33461135625839233
721 7.2439 0.0394 car 0.7198863625526428
721 12.7833 0.2956 car 0.3413151651620865
722 7.2439 0.0236 car 0.7466152012348175
722 12.7833 0.2956 car 0.3375828266143799
723 7.0308 0.0236 car 0.7459979057312012
723 12.3572 0.3121 car 0.32081438601017
724 7.0308 0.0551 car 0.7578715085983276
724 12.7833 0.3454 car 0.3121771514415741
725 7.2439 0.0394 car 0.7520096898078918
725 12.3572 0.3454 car 0.3105755150318146
726 7.0308 0.0551 car 0.7584900856018066
726 12.5702 0.3454 car 0.30307212471961975
727 7.0308 0.0394 car 0.7381185293197632
727 12.3572 0.2956 car 0.3060433119535446
728 7.0308 0.0236 car 0.7660586535930634
728 12.3572 0.3454 car 0.46404656767845154
729 6.8178 0.0236 car 0.7848766446113586
729 12.3572 0.3121 car 0.49784231185913086
730 7.0308 0.0551 car 0.8049975037574768
730 12.1441 0.3287 car 0.5291426926851273
731 6.8178 0.0551 car 0.8094060719013214
731 12.3572 0.3287 car 0.5317285060882568
732 6.8178 0.0236 car 0.8182980418205261
732 11.9311 0.2956 car 0.5578023046255112
732 12.3572 0.2956 car 0.5401619374752045
733 6.8178 0.0079 car 0.8137093484401703
733 12.3572 0.3454 car 0.5473847538232803
734 6.8178 0.0079 car 0.8163352608680725
734 11.9311 0.3287 car 0.5683161914348602
735 6.6047 0.0236 car 0.7960712015628815
735 11.9311 0.3287 car 0.553405836224556
736 6.1786 -0.0079 car 0.8789229691028595
736 11.9311 0.2956 car 0.665803462266922
737 6.3916 0.0079 car 0.8763289451599121
737 11.7180 0.3121 car 0.6832574903964996
738 6.1786 -0.0079 car 0.9032510221004486
738 11.9311 0.3287 car 0.7131066024303436
739 6.1786 -0.0236 car 0.9054931700229645
739 11.9311 0.3287 car 0.7057390511035919
740 6.1786 -0.0079 car 0.9212075173854828
740 11.9311 0.2956 car 0.7021613121032715
741 6.1786 0.0079 car 0.8843757212162018
741 11.7180 0.3454 car 0.67661914229393
742 6.1786 0.0236 car 0.87216517329216
742 11.9311 0.3287 car 0.6539173126220703
743 6.1786 0.0079 car 0.8435972929000854
743 11.7180 0.3454 car 0.6173254549503326
744 6.1786 -0.0079 car 0.9053827524185181
744 11.9311 0.3287 car 0.42244894802570343
745 5.9655 0.0236 car 0.8948576748371124
745 11.7180 0.3121 car 0.41388116031885147
746 6.1786 0.0079 car 0.916834831237793
746 11.9311 0.3287 car 0.4178171008825302
747 6.1786 0.0079 car 0.9037430882453918
747 11.9311 0.2956 car 0.4188034236431122
748 6.1786 -0.0079 car 0.9105629622936249
748 11.9311 0.2956 car 0.40969718247652054
749 5.9655 0.0079 car 0.8993343412876129
749 11.9311 0.2956 car 0.3839879035949707
749 11.7180 0.3454 car 0.3766392916440964
750 6.1786 0.0236 car 0.8841425478458405
750 11.9311 0.3454 car 0.36472389101982117
751 5.7525 -0.0079 car 0.8611474633216858
751 11.7180 0.3454 car 0.33344245702028275
752 5.9655 0.0394 car 0.8780300915241241
753 5.9655 0.0236 car 0.89072385430336
754 5.9655 0.0394 car 0.9135225713253021
754 11.5050 0.3622 pedestrian 0.3062160238623619
755 5.9655 0.0236 car 0.9075036346912384
755 11.5050 0.3791 pedestrian 0.3080374523997307
756 5.9655 0.0394 car 0.9391171038150787
756 11.5050 0.3454 pedestrian 0.3050171956419945
757 6.1786 0.0236 car 0.9326199889183044
757 11.2919 0.3622 pedestrian 0.30438800156116486
758 6.1786 0.0236 car 0.9355745911598206
758 11.2919 0.3622 pedestrian 0.30742472410202026
759 5.9655 0.0236 car 0.9120501577854156
760 6.1786 -0.0079 car 0.9341387152671814
761 6.1786 0.0079 car 0.9298143684864044
762 6.1786 -0.0079 car 0.9597709774971008
763 6.1786 0.0079 car 0.9540727436542511
764 6.1786 -0.0079 car 0.9927813708782196
765 6.1786 0.0236 car 0.9715013802051544
766 6.1786 0.0236 car 0.9826529622077942
767 6.1786 0.0236 car 0.9526870548725128
768 6.1786 -0.0079 car 0.9529014229774475
769 6.1786 0.0394 car 0.952953577041626
770 6.1786 0.0236 car 0.9690214097499847
771 6.1786 0.0394 car 0.965129941701889
772 6.1786 0.0236 car 0.9810697138309479
773 6.1786 0.0394 car 0.9671012163162231
774 6.1786 0.0236 car 0.97164186835289
775 5.9655 0.0236 car 0.9414681196212769
776 6.1786 -0.0079 car 0.9653885364532471
777 5.9655 0.0236 car 0.9704002141952515
778 6.1786 0.0236 car 0.9917014837265015
779 5.9655 0.0236 car 0.9815567433834076
780 6.1786 -0.0079 car 1.0
781 6.1786 0.0236 car 0.9900251924991608
782 6.1786 0.0236 car 1.0
783 6.1786 0.0236 car 0.9786018133163452
784 6.1786 -0.0079 car 0.878192663192749
785 6.1786 0.0236 car 0.8940126597881317
786 6.1786 0.0079 car 0.9205581247806549
787 6.1786 0.0079 car 0.922521322965622
788 6.1786 -0.0079 car 0.9113347828388214
789 6.1786 0.0079 car 0.9052096307277679
790 6.1786 -0.0079 car 0.8728430569171906
791 6.1786 0.0079 car 0.8366964161396027
792 6.1786 0.0079 car 0.5634923726320267
793 6.1786 0.0079 car 0.558336541056633
794 6.3916 -0.0079 car 0.5585455894470215
795 6.1786 0.0079 car 0.5541486442089081
796 6.1786 0.0079 car 0.541486456990242
797 6.1786 0.0079 car 0.5379064232110977
798 6.3916 -0.0079 car 0.5095729678869247
799 6.1786 0.0079 car 0.494176909327507
800 6.1786 -0.0394 car 0.45045502483844757
801 6.1786 -0.0236 car 0.4649526923894882
802 6.3916 -0.0079 car 0.4796275496482849
803 6.3916 -0.0236 car 0.48770952224731445
804 6.1786 -0.0551 car 0.4715810567140579
805 6.1786 0.0079 car 0.46392419934272766
806 6.1786 -0.0394 car 0.43873901665210724
807 6.1786 -0.0394 car 0.4259955734014511
808 6.1786 -0.0394 car 0.3107657730579376
809 6.3916 -0.0551 car 0.30760692059993744
810 6.3916 -0.0079 car 0.31264863908290863
811 6.3916 -0.0236 car 0.31552644073963165
812 6.3916 -0.0079 car 0.3007047548890114
