0 16.6183 -0.0236 cyclist 0.5412452220916748
0 17.0444 -0.0394 cyclist 0.5192623138427734
0 13.4225 0.1661 pedestrian 0.38328081369400024
1 16.6183 -0.0551 cyclist 0.606671154499054
1 13.4225 0.1981 pedestrian 0.40605705976486206
2 16.8313 -0.0709 cyclist 0.638498067855835
2 13.4225 0.1661 pedestrian 0.44957923889160156
3 16.6183 -0.0551 cyclist 0.6391434073448181
3 13.4225 0.1661 pedestrian 0.44461590051651
4 16.6183 -0.0551 cyclist 0.6396223306655884
4 13.4225 0.1981 pedestrian 0.4524298310279846
5 16.6183 -0.0551 cyclist 0.6478005051612854
5 13.4225 0.1981 pedestrian 0.43816977739334106
6 16.6183 -0.0551 cyclist 0.6504729390144348
6 13.4225 0.1661 pedestrian 0.45677274465560913
7 16.6183 -0.0709 cyclist 0.6403921246528625
7 13.4225 0.1661 pedestrian 0.46888452768325806
8 16.6183 -0.0709 cyclist 0.5535249412059784
8 13.4225 0.1981 pedestrian 0.40800920128822327
9 16.8313 -0.1025 cyclist 0.5683229863643646
9 13.4225 0.1981 pedestrian 0.4329005479812622
10 16.6183 -0.1184 cyclist 0.5808277428150177
10 13.4225 0.2142 pedestrian 0.4456559121608734
11 16.8313 -0.1025 cyclist 0.5847664773464203
11 13.4225 0.1981 pedestrian 0.4427758753299713
12 16.8313 -0.1025 cyclist 0.5841289460659027
12 13.4225 0.2142 pedestrian 0.46570539474487305
13 16.8313 -0.1025 cyclist 0.5850264430046082
13 13.4225 0.2142 pedestrian 0.4760155975818634
14 16.6183 -0.1184 cyclist 0.5695770978927612
14 13.4225 0.1981 pedestrian 0.46398088335990906
15 16.6183 -0.0709 cyclist 0.5454631149768829
15 13.4225 0.1981 pedestrian 0.45149973034858704
16 13.4225 0.1981 pedestrian 0.4946974515914917
16 16.6183 -0.1184 cyclist 0.4581890404224396
16 16.6183 -0.0867 pedestrian 0.30078522861003876
17 13.4225 0.2142 pedestrian 0.5341259837150574
17 16.6183 -0.1184 cyclist 0.47291940450668335
17 16.6183 -0.0709 pedestrian 0.30983009934425354
18 13.4225 0.2142 pedestrian 0.5583449304103851
18 16.6183 -0.1184 cyclist 0.46440915763378143
18 16.8313 -0.0867 pedestrian 0.3417366147041321
19 13.6355 0.2142 pedestrian 0.5719764530658722
19 16.8313 -0.1025 cyclist 0.4612180292606354
19 16.6183 -0.0709 pedestrian 0.3322516158223152
20 13.6355 0.2142 pedestrian 0.5636739134788513
20 16.8313 -0.1025 cyclist 0.45895834267139435
20 16.8313 -0.0867 pedestrian 0.3437075912952423
21 13.6355 0.2142 pedestrian 0.5877774953842163
21 16.8313 -0.1184 cyclist 0.44863829016685486
21 16.6183 -0.0709 pedestrian 0.33871030807495117
22 13.6355 0.1981 pedestrian 0.556232213973999
22 16.6183 -0.1184 cyclist 0.4455852806568146
22 16.8313 -0.0867 pedestrian 0.35344287753105164
23 13.6355 0.2142 pedestrian 0.5264872610569
23 16.6183 -0.1184 cyclist 0.41414543986320496
23 16.8313 -0.0867 pedestrian 0.340875506401062
24 13.8486 0.2304 pedestrian 0.5697437822818756
24 16.6183 -0.0867 pedestrian 0.40525585412979126
24 16.6183 -0.1502 cyclist 0.39456549286842346
25 13.6355 0.2304 pedestrian 0.602079302072525
25 16.8313 -0.1184 pedestrian 0.4403708875179291
25 16.6183 -0.1821 cyclist 0.4092087894678116
26 13.8486 0.2466 pedestrian 0.6633860468864441
26 16.8313 -0.1025 pedestrian 0.44944557547569275
26 16.8313 -0.1343 cyclist 0.3942539542913437
27 13.8486 0.2304 pedestrian 0.6686987280845642
27 16.8313 -0.1184 pedestrian 0.46274426579475403
27 16.8313 -0.1661 cyclist 0.4046704024076462
28 13.8486 0.2304 pedestrian 0.6791602373123169
28 16.8313 -0.1025 pedestrian 0.4702587425708771
28 16.8313 -0.1661 cyclist 0.3928060978651047
29 13.8486 0.2304 pedestrian 0.6676580607891083
29 16.8313 -0.1184 pedestrian 0.48183149099349976
29 16.8313 -0.1821 cyclist 0.38825780153274536
30 13.8486 0.2304 pedestrian 0.6330614387989044
30 16.8313 -0.1184 pedestrian 0.4513835608959198
30 16.6183 -0.1821 cyclist 0.38472236692905426
31 13.8486 0.2466 pedestrian 0.6018894016742706
31 16.8313 -0.1184 pedestrian 0.44564175605773926
31 16.8313 -0.1661 cyclist 0.38131847977638245
32 13.8486 0.2629 pedestrian 0.6267431378364563
32 16.6183 -0.1502 cyclist 0.5071508586406708
32 16.8313 -0.1343 pedestrian 0.3182890936732292
33 14.0616 0.2629 pedestrian 0.6954937279224396
33 16.6183 -0.1821 cyclist 0.5580290853977203
33 16.8313 -0.1502 pedestrian 0.30571914464235306
34 14.0616 0.2629 pedestrian 0.7551921010017395
34 16.6183 -0.1821 cyclist 0.5750636011362076
35 14.0616 0.2466 pedestrian 0.7558859288692474
35 16.8313 -0.1661 cyclist 0.5811962485313416
36 14.0616 0.2466 pedestrian 0.7565440237522125
36 16.8313 -0.1821 cyclist 0.5907259434461594
37 14.0616 0.2629 pedestrian 0.7626360058784485
37 16.8313 -0.1821 cyclist 0.606422945857048
38 14.0616 0.2792 pedestrian 0.7305537462234497
38 16.6183 -0.1821 cyclist 0.6025304198265076
39 14.0616 0.2629 pedestrian 0.6939077973365784
39 16.8313 -0.1661 cyclist 0.5974048674106598
40 16.6183 -0.1981 cyclist 0.7510637938976288
40 14.0616 0.2466 pedestrian 0.689022034406662
41 16.8313 -0.1821 cyclist 0.796878308057785
41 14.0616 0.2629 pedestrian 0.7503407001495361
42 16.8313 -0.1981 cyclist 0.820139616727829
42 14.0616 0.2629 pedestrian 0.7853178977966309
43 16.6183 -0.1821 cyclist 0.8123515248298645
43 14.0616 0.2629 pedestrian 0.7969871163368225
44 16.8313 -0.1821 cyclist 0.8168314099311829
44 14.2747 0.2792 pedestrian 0.7964745461940765
45 16.8313 -0.1821 cyclist 0.8120237588882446
45 14.2747 0.2629 pedestrian 0.8027707934379578
46 16.8313 -0.1821 cyclist 0.7680794298648834
46 14.2747 0.2629 pedestrian 0.7445185780525208
47 16.6183 -0.1821 cyclist 0.7270891964435577
47 14.2747 0.2629 pedestrian 0.7077358067035675
48 16.6183 -0.1981 cyclist 0.6930403113365173
48 14.2747 0.2466 pedestrian 0.6324451565742493
49 16.6183 -0.1981 cyclist 0.7297427654266357
49 14.2747 0.2792 pedestrian 0.682471364736557
50 16.8313 -0.1981 cyclist 0.7497881352901459
50 14.2747 0.2792 pedestrian 0.7052410840988159
51 16.6183 -0.1981 cyclist 0.7491281628608704
51 14.2747 0.2792 pedestrian 0.7094973027706146
52 16.8313 -0.1821 cyclist 0.7456283867359161
52 14.2747 0.2466 pedestrian 0.6953921318054199
53 16.8313 -0.1821 cyclist 0.7446483373641968
53 14.2747 0.2629 pedestrian 0.7086875438690186
54 16.6183 -0.1821 cyclist 0.7088164985179901
54 14.4877 0.2629 pedestrian 0.6607001423835754
55 16.6183 -0.1821 cyclist 0.6851032376289368
55 14.2747 0.2629 pedestrian 0.6285587251186371
56 16.6183 -0.2142 cyclist 0.6577425003051758
56 14.4877 0.2792 pedestrian 0.6107915639877319
57 16.6183 -0.2142 cyclist 0.692951887845993
57 14.4877 0.2792 pedestrian 0.6587673723697662
58 16.6183 -0.2466 cyclist 0.7102132439613342
58 14.4877 0.2792 pedestrian 0.6987850069999695
59 16.6183 -0.2142 cyclist 0.7183954417705536
59 14.4877 0.2792 pedestrian 0.7138901650905609
60 14.4877 0.2792 pedestrian 0.7217743098735809
60 16.6183 -0.2466 cyclist 0.7034614980220795
61 14.4877 0.2792 pedestrian 0.7104800045490265
61 16.4052 -0.2304 cyclist 0.7027735412120819
62 14.4877 0.2792 pedestrian 0.6996813714504242
62 16.6183 -0.2466 cyclist 0.6649336516857147
63 14.7008 0.2792 pedestrian 0.6548176109790802
63 16.4052 -0.2304 cyclist 0.6375043392181396
64 14.7008 0.3121 pedestrian 0.6677247881889343
64 16.6183 -0.2792 cyclist 0.614085465669632
65 14.7008 0.2956 pedestrian 0.7124932110309601
65 16.1922 -0.2792 cyclist 0.6463315486907959
66 14.7008 0.3121 pedestrian 0.7657633721828461
66 16.1922 -0.2792 cyclist 0.6761291027069092
67 14.7008 0.3121 pedestrian 0.7474035024642944
67 16.4052 -0.3121 cyclist 0.6701889336109161
68 14.7008 0.2956 pedestrian 0.7472224533557892
68 16.1922 -0.2956 cyclist 0.6793868541717529
69 14.7008 0.3121 pedestrian 0.7429280281066895
69 16.1922 -0.2792 cyclist 0.6989082396030426
70 14.7008 0.2956 pedestrian 0.7278087437152863
70 16.1922 -0.3121 cyclist 0.6732134222984314
71 14.7008 0.3121 pedestrian 0.693449467420578
71 16.1922 -0.2792 cyclist 0.6324940025806427
72 16.1922 -0.2956 cyclist 0.7287930250167847
72 14.9138 0.3121 pedestrian 0.49680468440055847
73 16.1922 -0.2792 cyclist 0.7426721751689911
73 14.9138 0.2956 pedestrian 0.5154924094676971
74 16.1922 -0.2792 cyclist 0.7721572816371918
74 14.9138 0.3121 pedestrian 0.5393581092357635
75 15.9791 -0.2629 cyclist 0.7491966784000397
75 14.9138 0.2956 pedestrian 0.5383665263652802
76 15.9791 -0.2792 cyclist 0.7475285232067108
76 14.9138 0.3121 pedestrian 0.547179788351059
77 15.9791 -0.2956 cyclist 0.7415894567966461
77 14.9138 0.3121 pedestrian 0.5394226610660553
78 15.7661 -0.3121 cyclist 0.7046471834182739
78 15.1269 0.2956 pedestrian 0.5221451818943024
79 15.7661 -0.2792 cyclist 0.6734270751476288
79 15.1269 0.2956 pedestrian 0.4659554958343506
80 15.7661 -0.2792 cyclist 0.7591052651405334
80 15.1269 0.2956 pedestrian 0.4024690091609955
81 15.7661 -0.2792 cyclist 0.7912051379680634
81 15.1269 0.3287 pedestrian 0.43599316477775574
82 15.7661 -0.2792 cyclist 0.8066619634628296
82 15.3400 0.3121 pedestrian 0.4659773111343384
83 15.7661 -0.2792 cyclist 0.8144224882125854
83 15.3400 0.3121 pedestrian 0.4761841595172882
84 15.5530 -0.2792 cyclist 0.8167449235916138
84 15.3400 0.2956 pedestrian 0.49714580178260803
85 15.5530 -0.2956 cyclist 0.8346047103404999
85 15.3400 0.3121 pedestrian 0.4962742328643799
86 15.3400 -0.3121 cyclist 0.8121732473373413
86 15.3400 0.3121 pedestrian 0.48759421706199646
87 15.3400 -0.3121 cyclist 0.7633806467056274
87 15.3400 0.3121 pedestrian 0.4676976203918457
88 15.3400 -0.2956 cyclist 0.7676922976970673
88 15.3400 0.2956 pedestrian 0.5562887787818909
89 15.3400 -0.3121 cyclist 0.7960939407348633
89 15.3400 0.2956 pedestrian 0.6119524240493774
90 15.3400 -0.3121 cyclist 0.8371682465076447
90 15.3400 0.3121 pedestrian 0.6462168097496033
91 15.1269 -0.3121 cyclist 0.8147023618221283
91 15.3400 0.2956 pedestrian 0.6532227098941803
92 15.1269 -0.3121 cyclist 0.8420387506484985
92 15.5530 0.3121 pedestrian 0.6579191982746124
93 14.9138 -0.3121 cyclist 0.8443557322025299
93 15.3400 0.2956 pedestrian 0.653355211019516
94 15.1269 -0.3121 cyclist 0.8181930482387543
94 15.5530 0.3121 pedestrian 0.6365740597248077
95 14.9138 -0.3121 cyclist 0.781868040561676
95 15.5530 0.3121 pedestrian 0.607437252998352
96 14.9138 -0.3121 cyclist 0.7028789222240448
96 15.5530 0.2792 pedestrian 0.657658189535141
97 14.9138 -0.3121 cyclist 0.7552231550216675
97 15.5530 0.2792 pedestrian 0.7078189551830292
98 14.7008 -0.2956 cyclist 0.7875642478466034
98 15.5530 0.2792 pedestrian 0.74056276679039
99 14.7008 -0.3121 cyclist 0.7931559383869171
99 15.5530 0.2792 pedestrian 0.7474762499332428
100 14.4877 -0.2956 cyclist 0.8042891323566437
100 15.7661 0.2792 pedestrian 0.7563886940479279
101 14.7008 -0.3121 cyclist 0.8155710101127625
101 15.5530 0.2792 pedestrian 0.7643560767173767
102 14.4877 -0.3121 cyclist 0.8126915693283081
102 15.7661 0.2792 pedestrian 0.73504638671875
103 14.4877 -0.3121 cyclist 0.7571932971477509
103 15.7661 0.2792 pedestrian 0.6868762075901031
104 14.4877 -0.2956 cyclist 0.7330569624900818
104 15.7661 0.2466 pedestrian 0.6716791689395905
105 14.2747 -0.3121 cyclist 0.7739211320877075
105 15.7661 0.2629 pedestrian 0.7302662134170532
106 14.2747 -0.3121 cyclist 0.8155443370342255
106 15.5530 0.2466 pedestrian 0.7807217836380005
107 14.2747 -0.2792 cyclist 0.8072910010814667
107 15.7661 0.2466 pedestrian 0.792454332113266
108 14.2747 -0.3121 cyclist 0.8313124477863312
108 15.7661 0.2466 pedestrian 0.7932142913341522
109 14.2747 -0.2956 cyclist 0.8296705484390259
109 15.7661 0.2466 pedestrian 0.7945922911167145
110 14.0616 -0.3121 cyclist 0.7945975065231323
110 15.7661 0.2466 pedestrian 0.7423524260520935
111 14.0616 -0.3121 cyclist 0.7518056333065033
111 15.5530 0.2466 pedestrian 0.7115128934383392
112 14.0616 -0.2792 cyclist 0.727895051240921
112 15.7661 0.2304 pedestrian 0.7102620601654053
113 14.0616 -0.3121 cyclist 0.757754921913147
113 15.7661 0.2304 pedestrian 0.75559401512146
114 15.5530 0.2466 pedestrian 0.8028862476348877
114 14.0616 -0.2792 cyclist 0.7664957344532013
115 15.7661 0.2466 pedestrian 0.8040319979190826
115 14.0616 -0.2792 cyclist 0.7768819630146027
116 15.7661 0.2304 pedestrian 0.812063992023468
116 13.8486 -0.2792 cyclist 0.7652308344841003
117 15.7661 0.2142 pedestrian 0.8168370425701141
117 13.8486 -0.2956 cyclist 0.7700251042842865
118 15.7661 0.2142 pedestrian 0.7805199921131134
118 13.8486 -0.2792 cyclist 0.7283178269863129
119 15.7661 0.2304 pedestrian 0.7190486192703247
119 13.8486 -0.3121 cyclist 0.6887693107128143
120 13.6355 -0.2629 cyclist 0.6558251976966858
120 15.7661 0.2304 pedestrian 0.631047934293747
121 13.6355 -0.2792 cyclist 0.6894285678863525
121 15.7661 0.2304 pedestrian 0.6576228737831116
122 13.6355 -0.2466 cyclist 0.7053065299987793
122 15.7661 0.2142 pedestrian 0.6752530038356781
123 13.6355 -0.2792 cyclist 0.6926665902137756
123 15.7661 0.2142 pedestrian 0.6819483935832977
124 13.4225 -0.2792 cyclist 0.6958065629005432
124 15.7661 0.2142 pedestrian 0.6792603731155396
125 13.4225 -0.2792 cyclist 0.6988342106342316
125 15.7661 0.2142 pedestrian 0.6906414031982422
126 13.4225 -0.2466 cyclist 0.6743950247764587
126 15.7661 0.2142 pedestrian 0.6366937458515167
127 13.2094 -0.2629 cyclist 0.629173070192337
127 15.7661 0.2304 pedestrian 0.5618508160114288
128 13.4225 -0.2304 cyclist 0.5424444079399109
128 15.7661 0.2304 pedestrian 0.4344354271888733
129 13.4225 -0.2466 cyclist 0.5626664161682129
129 15.7661 0.2304 pedestrian 0.4773017466068268
130 13.6355 -0.2466 cyclist 0.5515140146017075
130 15.9791 0.2304 pedestrian 0.5317914187908173
131 15.9791 0.2142 pedestrian 0.5322257876396179
131 13.4225 -0.2466 cyclist 0.5251730680465698
132 15.9791 0.2142 pedestrian 0.5548600256443024
132 13.4225 -0.2304 cyclist 0.5247589349746704
133 15.9791 0.1981 pedestrian 0.5434480309486389
133 13.4225 -0.2466 cyclist 0.5230091959238052
133 12.7833 -0.1502 car 0.3012852221727371
134 13.2094 -0.2466 cyclist 0.528762623667717
134 15.9791 0.2142 pedestrian 0.5172424018383026
134 13.2094 -0.1502 car 0.3104089945554733
134 13.2094 -0.1981 car 0.3042439594864845
135 13.2094 -0.2629 cyclist 0.4881274402141571
135 15.9791 0.1981 pedestrian 0.48276737332344055
135 13.2094 -0.1502 car 0.3227841407060623
136 15.9791 0.1821 pedestrian 0.5109990835189819
136 13.2094 -0.2466 cyclist 0.5011943876743317
136 13.2094 -0.1661 car 0.30255332589149475
137 15.9791 0.1981 pedestrian 0.5623413324356079
137 12.9963 -0.2304 cyclist 0.5408383309841156
137 12.7833 -0.1502 car 0.32578904926776886
137 13.2094 -0.1502 car 0.303095281124115
138 15.9791 0.2142 pedestrian 0.5957631170749664
138 12.9963 -0.2304 cyclist 0.542853370308876
138 12.7833 -0.1502 car 0.33328813314437866
139 15.9791 0.1821 pedestrian 0.5968635082244873
139 12.9963 -0.2466 cyclist 0.5378561168909073
139 12.7833 -0.1502 car 0.3219006285071373
140 15.9791 0.1821 pedestrian 0.6074968874454498
140 12.9963 -0.2304 cyclist 0.5189646482467651
140 12.7833 -0.1661 car 0.3288912996649742
141 15.9791 0.1981 pedestrian 0.617318719625473
141 12.9963 -0.2466 cyclist 0.5251978039741516
141 12.7833 -0.1502 car 0.32339363545179367
142 15.7661 0.2142 pedestrian 0.5718851089477539
142 12.7833 -0.2466 cyclist 0.5345471203327179
143 15.9791 0.1981 pedestrian 0.5415755212306976
143 12.9963 -0.2466 cyclist 0.4976505637168884
144 12.7833 -0.2304 cyclist 0.6279827058315277
144 15.7661 0.1661 pedestrian 0.6121463179588318
145 15.7661 0.1981 pedestrian 0.6793919205665588
145 12.7833 -0.2142 cyclist 0.6578419506549835
146 15.7661 0.1661 pedestrian 0.7106099426746368
146 12.7833 -0.1821 cyclist 0.6914752721786499
147 15.7661 0.1821 pedestrian 0.7286611497402191
147 12.7833 -0.1981 cyclist 0.6662971675395966
148 15.7661 0.1821 pedestrian 0.7216805815696716
148 12.5702 -0.1821 cyclist 0.6705522537231445
149 15.7661 0.1821 pedestrian 0.7174235582351685
149 12.5702 -0.1821 cyclist 0.6757132709026337
150 15.7661 0.1821 pedestrian 0.6741931140422821
150 12.5702 -0.1821 cyclist 0.6549941599369049
151 15.7661 0.1661 pedestrian 0.6346259415149689
151 12.5702 -0.1661 cyclist 0.6274915039539337
152 15.7661 0.1661 pedestrian 0.7172633707523346
152 12.3572 -0.1502 cyclist 0.6719422042369843
153 15.7661 0.1661 pedestrian 0.7687971889972687
153 12.3572 -0.1821 cyclist 0.7007361054420471
154 15.7661 0.1661 pedestrian 0.7990309298038483
154 12.3572 -0.1821 cyclist 0.7026955485343933
155 15.7661 0.1661 pedestrian 0.7977271676063538
155 12.3572 -0.1502 cyclist 0.7161595225334167
156 15.7661 0.1661 pedestrian 0.7994246780872345
156 12.3572 -0.1821 cyclist 0.7045648694038391
157 15.7661 0.1661 pedestrian 0.8023955225944519
157 12.1441 -0.1661 cyclist 0.7109051942825317
158 15.7661 0.1502 pedestrian 0.7546596229076385
158 12.3572 -0.1502 cyclist 0.6906639039516449
159 15.7661 0.1661 pedestrian 0.7051893770694733
159 12.3572 -0.1502 cyclist 0.6589102149009705
160 15.7661 0.1502 pedestrian 0.7277922034263611
160 12.3572 -0.1502 cyclist 0.6419319808483124
161 15.9791 0.1502 pedestrian 0.7694319486618042
161 12.3572 -0.1502 cyclist 0.6584408581256866
162 15.7661 0.1502 pedestrian 0.8108648061752319
162 12.3572 -0.1502 cyclist 0.6435917615890503
163 15.7661 0.1502 pedestrian 0.8011989891529083
163 12.3572 -0.1502 cyclist 0.6580735445022583
164 15.7661 0.1502 pedestrian 0.8202835619449615
164 12.1441 -0.1502 cyclist 0.6351860463619232
165 15.7661 0.1502 pedestrian 0.8126343786716461
165 12.3572 -0.1502 cyclist 0.6335911750793457
166 15.7661 0.1502 pedestrian 0.7937264144420624
166 12.3572 -0.1184 cyclist 0.6140303611755371
167 15.7661 0.1343 pedestrian 0.7378282845020294
167 12.1441 -0.1343 cyclist 0.5955972671508789
168 15.7661 0.1502 pedestrian 0.6999469995498657
168 12.3572 -0.1502 cyclist 0.6619730591773987
169 15.9791 0.1502 pedestrian 0.7512438893318176
169 12.3572 -0.1502 cyclist 0.6864162087440491
170 15.7661 0.1343 pedestrian 0.7976969182491302
170 12.3572 -0.1343 cyclist 0.6769717335700989
171 15.7661 0.1343 pedestrian 0.7997443974018097
171 12.3572 -0.1502 cyclist 0.6707253754138947
172 15.7661 0.1343 pedestrian 0.8059588372707367
172 12.3572 -0.1184 cyclist 0.6559070646762848
173 15.7661 0.1343 pedestrian 0.8203458189964294
173 12.1441 -0.1025 cyclist 0.6539652943611145
174 15.7661 0.1502 pedestrian 0.7857474982738495
174 12.3572 -0.1184 cyclist 0.6392849683761597
175 15.7661 0.1343 pedestrian 0.7601833641529083
175 12.1441 -0.1025 cyclist 0.6279587894678116
176 15.7661 0.1184 pedestrian 0.6840325891971588
176 12.1441 -0.1025 cyclist 0.5516640096902847
177 15.7661 0.1343 pedestrian 0.7278036773204803
177 12.1441 -0.1025 cyclist 0.5700947046279907
178 15.7661 0.1184 pedestrian 0.769209623336792
178 12.1441 -0.1025 cyclist 0.5447242259979248
179 15.7661 0.1184 pedestrian 0.779541403055191
179 12.1441 -0.1025 cyclist 0.5379251539707184
180 15.7661 0.1184 pedestrian 0.7879208028316498
180 12.1441 -0.0867 cyclist 0.5305444896221161
181 15.7661 0.1184 pedestrian 0.7844203412532806
181 11.9311 -0.0867 cyclist 0.5345003306865692
182 15.7661 0.1184 pedestrian 0.750428318977356
182 11.9311 -0.0867 cyclist 0.5327055603265762
183 15.7661 0.1025 pedestrian 0.7250442802906036
183 11.9311 -0.0867 cyclist 0.4998182952404022
184 15.7661 0.1025 pedestrian 0.6747035086154938
184 11.9311 -0.0551 pedestrian 0.3905322849750519
184 11.9311 -0.0867 cyclist 0.30828627943992615
185 15.7661 0.1025 pedestrian 0.7162956297397614
185 11.9311 -0.0236 pedestrian 0.43791455030441284
185 11.9311 -0.0867 cyclist 0.3095698431134224
186 15.7661 0.0867 pedestrian 0.7717408835887909
186 11.9311 -0.0236 pedestrian 0.47226205468177795
187 15.7661 0.0867 pedestrian 0.7929263710975647
187 11.9311 -0.0394 pedestrian 0.4679190516471863
188 15.7661 0.0867 pedestrian 0.7901769280433655
188 11.7180 -0.0394 pedestrian 0.4832298755645752
189 15.7661 0.0867 pedestrian 0.8076136708259583
189 11.9311 -0.0236 pedestrian 0.48613786697387695
190 15.7661 0.0867 pedestrian 0.7729683220386505
190 11.9311 -0.0236 pedestrian 0.4885373115539551
191 15.7661 0.1025 pedestrian 0.7229491770267487
191 11.7180 -0.0236 pedestrian 0.468269944190979
192 15.7661 0.0867 pedestrian 0.7230324149131775
192 11.7180 0.0079 pedestrian 0.5215698778629303
193 15.7661 0.0867 pedestrian 0.7733211815357208
193 11.7180 0.0079 pedestrian 0.5435908138751984
194 15.7661 0.0867 pedestrian 0.8358910977840424
194 11.7180 0.0236 pedestrian 0.565637618303299
195 15.7661 0.0867 pedestrian 0.8486731946468353
195 11.7180 0.0236 pedestrian 0.5638313591480255
196 15.7661 0.0709 pedestrian 0.8494661450386047
196 11.7180 0.0236 pedestrian 0.5699256956577301
197 15.7661 0.0867 pedestrian 0.8370214998722076
197 11.7180 0.0079 pedestrian 0.5650956034660339
198 15.7661 0.0867 pedestrian 0.7884750962257385
198 11.7180 0.0394 pedestrian 0.5402689874172211
199 15.7661 0.0709 pedestrian 0.7428038716316223
199 11.7180 0.0079 pedestrian 0.5012133121490479
200 15.7661 0.0551 pedestrian 0.6799022555351257
200 11.5050 0.0394 cyclist 0.4217342883348465
200 11.5050 0.0394 pedestrian 0.35669418424367905
201 15.7661 0.0551 pedestrian 0.7229426205158234
201 11.5050 0.0079 cyclist 0.4461871236562729
201 11.5050 0.0236 pedestrian 0.3561241924762726
202 15.7661 0.0551 pedestrian 0.7520489394664764
202 11.7180 0.0551 cyclist 0.4521361440420151
202 11.7180 0.0394 pedestrian 0.3694876432418823
203 15.7661 0.0551 pedestrian 0.7627483606338501
203 11.5050 0.0394 cyclist 0.45072270929813385
203 11.7180 0.0394 pedestrian 0.36055655777454376
204 15.7661 0.0551 pedestrian 0.760929673910141
204 11.5050 0.0551 cyclist 0.44447091221809387
204 11.7180 0.0394 pedestrian 0.37112920731306076
205 15.7661 0.0551 pedestrian 0.7652620673179626
205 11.5050 0.0709 cyclist 0.4422745481133461
205 11.5050 0.0236 pedestrian 0.3634433075785637
206 15.7661 0.0551 pedestrian 0.7171073257923126
206 11.5050 0.0709 cyclist 0.45236414670944214
206 11.7180 0.0394 pedestrian 0.3740648031234741
207 15.7661 0.0394 pedestrian 0.6850064098834991
207 11.5050 0.0551 cyclist 0.45298072695732117
207 11.5050 0.0394 pedestrian 0.32248391956090927
208 15.7661 0.0394 pedestrian 0.7609693706035614
208 11.5050 0.0394 cyclist 0.5437952280044556
209 15.7661 0.0236 pedestrian 0.8038139343261719
209 11.5050 0.0709 cyclist 0.5827381014823914
210 15.7661 0.0236 pedestrian 0.859146386384964
210 11.5050 0.0709 cyclist 0.5544942319393158
211 15.7661 0.0236 pedestrian 0.8718711137771606
211 11.5050 0.0709 cyclist 0.5636565983295441
212 15.7661 0.0236 pedestrian 0.8727018535137177
212 11.5050 0.0709 cyclist 0.525678277015686
213 15.7661 0.0236 pedestrian 0.8839700520038605
213 11.2919 0.0867 cyclist 0.5304780602455139
214 15.7661 0.0236 pedestrian 0.8387633264064789
214 11.5050 0.0709 cyclist 0.4952180087566376
215 15.7661 0.0236 pedestrian 0.796817272901535
215 11.2919 0.0867 cyclist 0.4848839342594147
216 15.7661 0.0236 pedestrian 0.7931762337684631
216 11.5050 0.1343 cyclist 0.5303553491830826
217 15.7661 0.0236 pedestrian 0.8196011483669281
217 11.2919 0.1502 cyclist 0.5688988119363785
218 15.7661 0.0079 pedestrian 0.8651875257492065
218 11.5050 0.1343 cyclist 0.5784654021263123
219 15.7661 0.0236 pedestrian 0.8608846962451935
219 11.5050 0.1343 cyclist 0.5822446495294571
220 15.7661 0.0079 pedestrian 0.868638277053833
220 11.2919 0.1661 cyclist 0.5807749778032303
221 15.7661 0.0236 pedestrian 0.8678534030914307
221 11.2919 0.1502 cyclist 0.5863383114337921
222 15.7661 0.0236 pedestrian 0.8363805115222931
222 11.2919 0.1343 cyclist 0.556142121553421
223 15.7661 0.0079 pedestrian 0.8043353855609894
223 11.2919 0.1661 cyclist 0.5610447824001312
224 15.7661 -0.0079 pedestrian 0.7284864783287048
224 11.5050 0.1661 cyclist 0.6189181506633759
225 15.7661 -0.0079 pedestrian 0.7773331701755524
225 11.2919 0.1502 cyclist 0.6551658809185028
226 15.7661 0.0079 pedestrian 0.8133501708507538
226 11.2919 0.1821 cyclist 0.6696501076221466
227 15.7661 -0.0079 pedestrian 0.811318427324295
227 11.2919 0.1661 cyclist 0.6750810742378235
228 15.7661 0.0079 pedestrian 0.8055227994918823
228 11.2919 0.1661 cyclist 0.6659477353096008
229 15.7661 -0.0079 pedestrian 0.8082922995090485
229 11.2919 0.2142 cyclist 0.6634603142738342
230 15.7661 0.0079 pedestrian 0.7643053233623505
230 11.5050 0.1981 cyclist 0.6351767182350159
231 15.7661 0.0079 pedestrian 0.7417861223220825
231 11.5050 0.1821 cyclist 0.6254381537437439
232 15.7661 -0.0236 pedestrian 0.7448161840438843
232 11.5050 0.1661 cyclist 0.6227639317512512
233 15.7661 -0.0079 pedestrian 0.7693219482898712
233 11.5050 0.1661 cyclist 0.6571848094463348
234 15.7661 -0.0236 pedestrian 0.7878930866718292
234 11.2919 0.1821 cyclist 0.6683337688446045
235 15.7661 -0.0079 pedestrian 0.7879250049591064
235 11.5050 0.1981 cyclist 0.6738848388195038
236 15.7661 -0.0236 pedestrian 0.7796565890312195
236 11.2919 0.1661 cyclist 0.6500129401683807
237 15.7661 -0.0394 pedestrian 0.7853716313838959
237 11.2919 0.2142 cyclist 0.6462288200855255
238 15.7661 -0.0236 pedestrian 0.7609153091907501
238 11.5050 0.1981 cyclist 0.6227405071258545
239 15.7661 -0.0236 pedestrian 0.7324700355529785
239 11.5050 0.1981 cyclist 0.6016338765621185
240 15.7661 -0.0236 pedestrian 0.7191844582557678
240 11.5050 0.1661 cyclist 0.5481831133365631
241 15.5530 -0.0394 pedestrian 0.7511143386363983
241 11.2919 0.1502 cyclist 0.5801460146903992
242 15.7661 -0.0394 pedestrian 0.7704115211963654
242 11.2919 0.1821 cyclist 0.5568458139896393
243 15.7661 -0.0394 pedestrian 0.7760510444641113
243 11.2919 0.1661 cyclist 0.5694365948438644
244 15.5530 -0.0394 pedestrian 0.7521471083164215
244 11.2919 0.1661 cyclist 0.544804647564888
245 15.5530 -0.0394 pedestrian 0.7746334671974182
245 11.2919 0.1661 cyclist 0.5427846312522888
246 15.5530 -0.0394 pedestrian 0.7284398376941681
246 11.5050 0.1981 cyclist 0.5030913352966309
247 15.5530 -0.0394 pedestrian 0.702335387468338
247 11.2919 0.1661 cyclist 0.4973839074373245
248 15.7661 -0.0551 pedestrian 0.6889213025569916
248 11.5050 0.2304 cyclist 0.4608347415924072
248 11.5050 0.1821 pedestrian 0.33915504813194275
249 15.5530 -0.0394 pedestrian 0.7433091402053833
249 11.2919 0.2142 cyclist 0.4969821721315384
249 11.5050 0.2142 pedestrian 0.35960566997528076
250 15.5530 -0.0709 pedestrian 0.7834928035736084
250 11.2919 0.2142 cyclist 0.4669228196144104
250 11.5050 0.2142 pedestrian 0.3787793815135956
251 15.5530 -0.0551 pedestrian 0.7743604481220245
251 11.2919 0.2304 cyclist 0.47467270493507385
251 11.2919 0.1981 pedestrian 0.3722544312477112
252 15.5530 -0.0551 pedestrian 0.7733702659606934
252 11.5050 0.2629 cyclist 0.4683486372232437
252 11.5050 0.2142 pedestrian 0.38809067010879517
253 15.5530 -0.0709 pedestrian 0.7658748030662537
253 11.5050 0.2304 cyclist 0.47606198489665985
253 11.5050 0.2142 pedestrian 0.3914014995098114
254 15.5530 -0.0709 pedestrian 0.7324693202972412
254 11.5050 0.2629 cyclist 0.4679222106933594
254 11.7180 0.2304 pedestrian 0.3987836241722107
255 15.5530 -0.0709 pedestrian 0.7104307115077972
255 11.2919 0.2304 cyclist 0.4540810137987137
255 11.7180 0.2304 pedestrian 0.37034520506858826
256 15.5530 -0.0709 pedestrian 0.7788266539573669
256 11.5050 0.2956 cyclist 0.5142116397619247
256 11.7180 0.2629 pedestrian 0.3431571125984192
257 15.5530 -0.0709 pedestrian 0.8416546881198883
257 11.5050 0.2629 cyclist 0.5285255610942841
257 11.7180 0.2629 pedestrian 0.36415690183639526
258 15.5530 -0.0709 pedestrian 0.8918991088867188
258 11.5050 0.2629 cyclist 0.5080731958150864
258 11.7180 0.2956 pedestrian 0.3788647949695587
259 15.5530 -0.0709 pedestrian 0.8709927201271057
259 11.7180 0.2956 cyclist 0.5091165900230408
259 11.7180 0.2956 pedestrian 0.365061491727829
260 15.5530 -0.0709 pedestrian 0.8844413757324219
260 11.7180 0.2792 cyclist 0.5125176459550858
260 11.7180 0.2956 pedestrian 0.37308481335639954
261 15.5530 -0.0709 pedestrian 0.8981613218784332
261 11.7180 0.2629 cyclist 0.5047169923782349
261 11.9311 0.2956 pedestrian 0.37002086639404297
262 15.5530 -0.0709 pedestrian 0.8537822365760803
262 11.7180 0.2792 cyclist 0.48751023411750793
262 11.7180 0.2956 pedestrian 0.38141879439353943
263 15.5530 -0.0709 pedestrian 0.8153875172138214
263 11.7180 0.2792 cyclist 0.4949299991130829
263 11.7180 0.2956 pedestrian 0.3547417223453522
264 15.5530 -0.0709 pedestrian 0.7539023160934448
264 11.9311 0.3454 cyclist 0.596734493970871
265 15.5530 -0.1025 pedestrian 0.7975630760192871
265 11.9311 0.3287 cyclist 0.6473146080970764
266 15.3400 -0.1025 pedestrian 0.8389304280281067
266 11.9311 0.2956 cyclist 0.6486610770225525
267 15.3400 -0.1025 pedestrian 0.8249690234661102
267 11.9311 0.3121 cyclist 0.641595870256424
268 15.3400 -0.1025 pedestrian 0.8479239344596863
268 11.9311 0.2956 cyclist 0.6401304006576538
269 15.3400 -0.1025 pedestrian 0.8368350565433502
269 11.9311 0.3287 cyclist 0.6683066785335541
270 15.3400 -0.1025 pedestrian 0.8269093334674835
270 11.9311 0.3287 cyclist 0.6529698669910431
271 15.3400 -0.1184 pedestrian 0.7553822696208954
271 11.9311 0.3287 cyclist 0.6140521913766861
272 11.9311 0.3454 cyclist 0.7186561226844788
272 15.3400 -0.1184 pedestrian 0.6887550950050354
273 11.9311 0.3287 cyclist 0.7546505033969879
273 15.3400 -0.1184 pedestrian 0.7293994426727295
274 15.3400 -0.1184 pedestrian 0.7763974368572235
274 12.1441 0.3454 cyclist 0.7751375734806061
275 12.1441 0.3287 cyclist 0.7748187184333801
275 15.3400 -0.1025 pedestrian 0.7738759219646454
276 15.3400 -0.1184 pedestrian 0.7709065675735474
276 12.1441 0.3454 cyclist 0.756797730922699
277 15.1269 -0.1025 pedestrian 0.7721497416496277
277 12.1441 0.3287 cyclist 0.7597381174564362
278 15.1269 -0.1184 pedestrian 0.7391052544116974
278 12.1441 0.3454 cyclist 0.7241725325584412
279 15.1269 -0.1184 pedestrian 0.7018255889415741
279 12.1441 0.3287 cyclist 0.6976657807826996
280 12.3572 0.3622 cyclist 0.7270238101482391
280 15.1269 -0.1502 pedestrian 0.6354049742221832
281 12.3572 0.3454 cyclist 0.7653858065605164
281 15.1269 -0.1343 pedestrian 0.6808047294616699
282 12.5702 0.3287 cyclist 0.775229424238205
282 15.1269 -0.1502 pedestrian 0.7132223546504974
283 12.5702 0.3287 cyclist 0.7690618634223938
283 15.1269 -0.1502 pedestrian 0.7285217940807343
284 12.5702 0.3622 cyclist 0.7818169891834259
284 15.1269 -0.1343 pedestrian 0.7141733765602112
285 12.5702 0.3454 cyclist 0.7831969261169434
285 15.1269 -0.1343 pedestrian 0.7114661931991577
286 12.5702 0.3287 cyclist 0.7582688927650452
286 15.1269 -0.1343 pedestrian 0.6739159226417542
287 12.5702 0.3454 cyclist 0.725955456495285
287 15.1269 -0.1502 pedestrian 0.6324577331542969
288 12.7833 0.3454 cyclist 0.8022405505180359
288 15.1269 -0.1502 pedestrian 0.6711776256561279
289 12.5702 0.3287 cyclist 0.8454813659191132
289 15.1269 -0.1502 pedestrian 0.7183933854103088
290 12.7833 0.3287 cyclist 0.8778336048126221
290 15.1269 -0.1661 pedestrian 0.7715061604976654
291 12.7833 0.3287 cyclist 0.8554767966270447
291 15.1269 -0.1502 pedestrian 0.7662490904331207
292 12.7833 0.3287 cyclist 0.8595235049724579
292 15.1269 -0.1661 pedestrian 0.7825022041797638
293 12.9963 0.3287 cyclist 0.866005003452301
293 14.9138 -0.1502 pedestrian 0.7674168050289154
294 12.7833 0.3287 cyclist 0.8202128708362579
294 14.9138 -0.1661 pedestrian 0.731974869966507
295 12.9963 0.3287 cyclist 0.7639796733856201
295 14.9138 -0.1661 pedestrian 0.6785156726837158
296 14.9138 -0.1502 pedestrian 0.7067842781543732
296 13.2094 0.3287 cyclist 0.579640656709671
297 14.9138 -0.1821 pedestrian 0.7561132907867432
297 13.2094 0.3287 cyclist 0.6054717749357224
298 14.9138 -0.1661 pedestrian 0.788031280040741
298 13.2094 0.3287 cyclist 0.6042609512805939
299 14.9138 -0.1661 pedestrian 0.7989015579223633
299 13.2094 0.3287 cyclist 0.5956186652183533
300 14.9138 -0.1661 pedestrian 0.799505352973938
300 13.2094 0.3287 cyclist 0.5885983258485794
301 14.9138 -0.1661 pedestrian 0.793381005525589
301 13.4225 0.3622 cyclist 0.5689557045698166
302 14.9138 -0.1661 pedestrian 0.7533212304115295
302 13.2094 0.3287 cyclist 0.5378134846687317
303 14.9138 -0.1821 pedestrian 0.6941372752189636
303 13.4225 0.3454 cyclist 0.5087737143039703
304 14.9138 -0.1981 pedestrian 0.6819835901260376
304 13.6355 0.3454 cyclist 0.4383078068494797
305 14.9138 -0.1821 pedestrian 0.7596086859703064
305 13.2094 0.3287 cyclist 0.4630073010921478
306 14.9138 -0.1821 pedestrian 0.7819429039955139
306 13.6355 0.3121 cyclist 0.4766675531864166
307 14.9138 -0.1821 pedestrian 0.7797704637050629
307 13.6355 0.3121 cyclist 0.4627350866794586
308 14.9138 -0.1821 pedestrian 0.7732036113739014
308 13.6355 0.3287 cyclist 0.4788814038038254
309 14.9138 -0.1821 pedestrian 0.764330118894577
309 13.6355 0.3287 cyclist 0.4611545503139496
310 14.9138 -0.1661 pedestrian 0.7224652171134949
310 13.6355 0.3287 cyclist 0.47657693922519684
311 14.9138 -0.1821 pedestrian 0.6810672581195831
311 13.6355 0.3121 cyclist 0.474226251244545
312 14.9138 -0.1981 pedestrian 0.6503891944885254
312 13.6355 0.3121 cyclist 0.5883674621582031
313 14.9138 -0.1821 pedestrian 0.7026437520980835
313 13.8486 0.3121 cyclist 0.6414298117160797
314 14.9138 -0.1981 pedestrian 0.733883261680603
314 13.8486 0.3121 cyclist 0.6500915884971619
315 14.9138 -0.1981 pedestrian 0.73735511302948
315 13.8486 0.3287 cyclist 0.6570573449134827
316 14.9138 -0.1981 pedestrian 0.7503097653388977
316 13.8486 0.2956 cyclist 0.6394499242305756
317 14.9138 -0.2142 pedestrian 0.7305284142494202
317 13.8486 0.2792 cyclist 0.6402771770954132
318 14.9138 -0.1981 pedestrian 0.6927441954612732
318 14.0616 0.3287 cyclist 0.5900298953056335
319 14.9138 -0.2142 pedestrian 0.6442915499210358
319 14.0616 0.3121 cyclist 0.5643190741539001
320 14.9138 -0.1981 pedestrian 0.5425116419792175
320 14.2747 0.2792 cyclist 0.5079742521047592
321 14.9138 -0.1821 pedestrian 0.557000994682312
321 14.0616 0.2629 cyclist 0.5438138544559479
322 14.9138 -0.1981 pedestrian 0.5834463536739349
322 14.2747 0.2792 cyclist 0.5295761227607727
323 14.9138 -0.1981 pedestrian 0.5813151001930237
323 14.2747 0.2792 cyclist 0.5360401570796967
324 14.9138 -0.1981 pedestrian 0.5904626846313477
324 14.4877 0.2792 cyclist 0.5180362910032272
325 14.9138 -0.1981 pedestrian 0.5715233087539673
325 14.2747 0.2629 cyclist 0.5224458277225494
326 14.9138 -0.1981 pedestrian 0.5426141023635864
326 14.4877 0.2629 cyclist 0.52140012383461
327 14.9138 -0.2142 pedestrian 0.5049894452095032
327 14.4877 0.2466 cyclist 0.49935559928417206
328 14.4877 0.2792 cyclist 0.5541846454143524
328 14.9138 -0.1981 pedestrian 0.3978847861289978
329 14.4877 0.2304 cyclist 0.5885421931743622
329 14.9138 -0.2142 pedestrian 0.40461716055870056
330 14.4877 0.2466 cyclist 0.6036918759346008
330 14.9138 -0.2304 pedestrian 0.4191135764122009
331 14.7008 0.2304 cyclist 0.6144212782382965
331 14.9138 -0.2304 pedestrian 0.42373746633529663
332 14.7008 0.2304 cyclist 0.587929368019104
332 14.9138 -0.2304 pedestrian 0.4326401650905609
333 14.7008 0.2304 cyclist 0.6089337468147278
333 14.9138 -0.2304 pedestrian 0.4308736324310303
334 14.4877 0.2629 cyclist 0.5625931024551392
334 14.9138 -0.2304 pedestrian 0.4251990020275116
335 14.7008 0.2304 cyclist 0.5568016022443771
335 14.9138 -0.2304 pedestrian 0.39265161752700806
336 14.9138 0.2304 cyclist 0.511772409081459
336 14.7008 -0.2466 pedestrian 0.3804952800273895
337 14.9138 0.1981 cyclist 0.5423201322555542
337 14.9138 -0.2466 pedestrian 0.39152634143829346
338 14.7008 0.2142 cyclist 0.5393454283475876
338 14.7008 -0.2466 pedestrian 0.4296325743198395
339 14.9138 0.2304 cyclist 0.5718311071395874
339 14.7008 -0.2466 pedestrian 0.4193551242351532
340 14.9138 0.1981 cyclist 0.5754391849040985
340 14.7008 -0.2629 pedestrian 0.4428800940513611
341 14.9138 0.2304 cyclist 0.5773667097091675
341 14.7008 -0.2629 pedestrian 0.4398581385612488
342 14.9138 0.1981 cyclist 0.5673151016235352
342 14.7008 -0.2466 pedestrian 0.4460761249065399
343 14.9138 0.1981 cyclist 0.5481090545654297
343 14.7008 -0.2629 pedestrian 0.43235793709754944
344 14.9138 0.2142 cyclist 0.42425157129764557
344 14.4877 -0.2792 pedestrian 0.36711132526397705
345 14.9138 0.1981 cyclist 0.4499036371707916
345 14.4877 -0.2629 pedestrian 0.3883664906024933
346 15.1269 0.2142 cyclist 0.4296458214521408
346 14.4877 -0.2629 pedestrian 0.40986597537994385
346 14.9138 0.1661 pedestrian 0.3321570083498955
347 14.9138 0.1981 cyclist 0.43753667175769806
347 14.4877 -0.2792 pedestrian 0.41557300090789795
347 14.9138 0.1821 pedestrian 0.32011889666318893
348 15.1269 0.2142 cyclist 0.4361914098262787
348 14.4877 -0.2792 pedestrian 0.42817196249961853
348 15.1269 0.1661 pedestrian 0.345229372382164
349 14.4877 -0.2629 pedestrian 0.441540002822876
349 15.1269 0.1981 cyclist 0.4350874572992325
349 15.1269 0.1502 pedestrian 0.32663825154304504
350 14.4877 -0.2792 pedestrian 0.4367287755012512
350 15.1269 0.2142 cyclist 0.40051403641700745
350 15.1269 0.1661 pedestrian 0.35124362260103226
351 14.4877 -0.2792 pedestrian 0.4053458273410797
351 15.1269 0.2142 cyclist 0.3952634334564209
351 15.1269 0.1661 pedestrian 0.34722449630498886
352 15.1269 0.1661 pedestrian 0.47020554542541504
352 14.4877 -0.2629 pedestrian 0.35941293835639954
353 15.1269 0.1502 pedestrian 0.4874249994754791
353 14.4877 -0.2629 pedestrian 0.38945192098617554
354 15.1269 0.1661 pedestrian 0.525111585855484
354 14.4877 -0.2466 pedestrian 0.42082804441452026
355 15.3400 0.1502 pedestrian 0.5378221869468689
355 14.4877 -0.2629 pedestrian 0.4220047891139984
356 15.3400 0.1343 pedestrian 0.5537057518959045
356 14.2747 -0.2629 pedestrian 0.43387171626091003
357 15.3400 0.1661 pedestrian 0.5423020720481873
357 14.2747 -0.2466 pedestrian 0.4496099650859833
358 15.3400 0.1343 pedestrian 0.5404380261898041
358 14.4877 -0.2466 pedestrian 0.437925785779953
359 15.3400 0.1502 pedestrian 0.5016266405582428
359 14.2747 -0.2466 pedestrian 0.42128854990005493
360 15.3400 0.1184 pedestrian 0.4997625946998596
360 14.2747 -0.2304 pedestrian 0.45194533467292786
360 15.3400 0.1981 cyclist 0.3812682628631592
361 15.3400 0.1025 pedestrian 0.5256711542606354
361 14.2747 -0.2466 pedestrian 0.5083034932613373
361 15.1269 0.1981 cyclist 0.4051564931869507
362 15.3400 0.1184 pedestrian 0.5420823097229004
362 14.2747 -0.2304 pedestrian 0.5394087135791779
362 15.3400 0.2142 cyclist 0.41374827921390533
363 14.2747 -0.2304 pedestrian 0.5509657263755798
363 15.3400 0.1025 pedestrian 0.5447666049003601
363 15.1269 0.1661 cyclist 0.4055730998516083
364 14.2747 -0.2304 pedestrian 0.5611612498760223
364 15.3400 0.1184 pedestrian 0.5529910624027252
364 15.3400 0.1981 cyclist 0.41728684306144714
365 14.2747 -0.2466 pedestrian 0.5752497017383575
365 15.3400 0.1025 pedestrian 0.5722838640213013
365 15.1269 0.1981 cyclist 0.4306580126285553
366 14.0616 -0.2304 pedestrian 0.5532922744750977
366 15.3400 0.1025 pedestrian 0.5217941701412201
366 15.3400 0.2142 cyclist 0.42221933603286743
367 14.0616 -0.2466 pedestrian 0.5220058262348175
367 15.3400 0.1025 pedestrian 0.4882325828075409
367 15.1269 0.2142 cyclist 0.4173371493816376
368 14.0616 -0.2304 pedestrian 0.5722536146640778
368 15.3400 0.1981 cyclist 0.4251420497894287
368 15.3400 0.1184 pedestrian 0.42284461855888367
369 14.0616 -0.2466 pedestrian 0.6311399638652802
369 15.3400 0.1025 pedestrian 0.46185553073883057
369 15.3400 0.1661 cyclist 0.43964114785194397
370 14.0616 -0.2466 pedestrian 0.6948748826980591
370 15.3400 0.1184 pedestrian 0.47916486859321594
370 15.3400 0.1821 cyclist 0.43106210231781006
371 14.0616 -0.2304 pedestrian 0.7021709978580475
371 15.3400 0.1025 pedestrian 0.48848244547843933
371 15.3400 0.1661 cyclist 0.4310947358608246
372 14.0616 -0.2304 pedestrian 0.7148681879043579
372 15.3400 0.1025 pedestrian 0.4939928352832794
372 15.3400 0.1981 cyclist 0.4440998435020447
373 14.0616 -0.2304 pedestrian 0.7037901878356934
373 15.3400 0.1025 pedestrian 0.5119082927703857
373 15.3400 0.1661 cyclist 0.44597962498664856
374 14.0616 -0.2304 pedestrian 0.6784044206142426
374 15.3400 0.1025 pedestrian 0.476543128490448
374 15.3400 0.1981 cyclist 0.447513148188591
375 14.0616 -0.2304 pedestrian 0.6262394785881042
375 15.3400 0.1025 pedestrian 0.4471036195755005
375 15.3400 0.1661 cyclist 0.43538811802864075
376 13.8486 -0.2466 pedestrian 0.5206689238548279
376 15.1269 0.1502 cyclist 0.47382235527038574
376 15.1269 0.1343 pedestrian 0.3935413658618927
377 13.8486 -0.2304 pedestrian 0.5476674139499664
377 15.3400 0.1343 cyclist 0.511101558804512
377 15.1269 0.1343 pedestrian 0.4087965190410614
378 13.8486 -0.2466 pedestrian 0.5776433646678925
378 15.1269 0.1343 cyclist 0.5400542318820953
378 15.1269 0.1343 pedestrian 0.385480135679245
379 13.8486 -0.2466 pedestrian 0.5871419608592987
379 15.1269 0.1343 cyclist 0.5348629653453827
379 15.1269 0.1343 pedestrian 0.40087124705314636
380 13.8486 -0.2466 pedestrian 0.5875503420829773
380 15.1269 0.1502 cyclist 0.5555620044469833
380 15.1269 0.1025 pedestrian 0.40688836574554443
381 13.8486 -0.2466 pedestrian 0.5748530030250549
381 15.1269 0.1343 cyclist 0.5666307210922241
381 15.1269 0.1184 pedestrian 0.4189518094062805
382 15.1269 0.1343 cyclist 0.5597769021987915
382 13.8486 -0.2466 pedestrian 0.5401900708675385
382 15.1269 0.1343 pedestrian 0.3945777714252472
383 15.1269 0.1502 cyclist 0.5491517782211304
383 13.8486 -0.2629 pedestrian 0.49511316418647766
383 15.1269 0.1343 pedestrian 0.3842998445034027
384 15.1269 0.1184 cyclist 0.599715918302536
384 13.6355 -0.2466 pedestrian 0.3681833744049072
385 15.3400 0.1343 cyclist 0.63346728682518
385 13.6355 -0.2629 pedestrian 0.39517566561698914
386 15.1269 0.1343 cyclist 0.6588645279407501
386 13.6355 -0.2304 pedestrian 0.41708502173423767
387 15.1269 0.1343 cyclist 0.6448261439800262
387 13.6355 -0.2304 pedestrian 0.42372754216194153
388 15.1269 0.1343 cyclist 0.6355348527431488
388 13.6355 -0.2466 pedestrian 0.4283425509929657
389 15.1269 0.1343 cyclist 0.6354066133499146
389 13.6355 -0.2304 pedestrian 0.43671244382858276
390 15.1269 0.1343 cyclist 0.5932321846485138
390 13.6355 -0.2304 pedestrian 0.4052983522415161
391 15.3400 0.1025 cyclist 0.576073408126831
391 13.4225 -0.2466 pedestrian 0.3840200901031494
392 15.3400 0.1184 cyclist 0.5839272141456604
392 13.4225 -0.2142 pedestrian 0.35602933168411255
393 15.3400 0.1025 cyclist 0.6149854063987732
393 13.4225 -0.1981 pedestrian 0.3674081861972809
394 15.3400 0.1343 cyclist 0.6357816457748413
394 13.4225 -0.2304 pedestrian 0.39060795307159424
395 15.3400 0.1025 cyclist 0.6291126906871796
395 13.4225 -0.2142 pedestrian 0.3844326436519623
396 15.3400 0.1025 cyclist 0.6245483160018921
396 13.4225 -0.2304 pedestrian 0.3776954114437103
397 15.1269 0.0709 cyclist 0.6093045771121979
397 13.4225 -0.2142 pedestrian 0.38718682527542114
398 15.3400 0.0709 cyclist 0.6098047494888306
398 13.4225 -0.2142 pedestrian 0.3603758215904236
399 15.1269 0.0867 cyclist 0.5819380581378937
399 13.2094 -0.2142 pedestrian 0.3467416763305664
400 15.1269 0.0867 cyclist 0.5192179679870605
400 13.2094 -0.1981 pedestrian 0.35592949390411377
400 15.1269 0.0551 pedestrian 0.32022666186094284
401 15.3400 0.0709 cyclist 0.5337221324443817
401 13.2094 -0.1821 pedestrian 0.39087361097335815
401 15.1269 0.0709 pedestrian 0.35640282928943634
402 15.3400 0.0709 cyclist 0.530214324593544
402 13.2094 -0.1821 pedestrian 0.44302448630332947
402 15.1269 0.0709 pedestrian 0.34768909960985184
403 15.1269 0.0867 cyclist 0.530127763748169
403 13.2094 -0.1981 pedestrian 0.44064047932624817
403 15.1269 0.0709 pedestrian 0.3562103435397148
404 15.3400 0.0709 cyclist 0.529637947678566
404 13.2094 -0.1981 pedestrian 0.44858548045158386
404 15.1269 0.0394 pedestrian 0.36022309213876724
405 15.1269 0.0709 cyclist 0.530560702085495
405 13.2094 -0.1821 pedestrian 0.44138434529304504
405 15.1269 0.0709 pedestrian 0.3790653347969055
406 15.3400 0.0709 cyclist 0.5296443700790405
406 13.2094 -0.1661 pedestrian 0.41969773173332214
406 15.1269 0.0394 pedestrian 0.3723256587982178
407 15.1269 0.0867 cyclist 0.5012087523937225
407 13.2094 -0.1981 pedestrian 0.3882424235343933
407 15.1269 0.0709 pedestrian 0.3779708445072174
408 15.1269 0.0394 pedestrian 0.5886678099632263
408 12.9963 -0.1661 pedestrian 0.43190136551856995
409 15.1269 0.0394 pedestrian 0.6448682546615601
409 12.9963 -0.1661 pedestrian 0.4653697907924652
410 15.1269 0.0394 pedestrian 0.6992666125297546
410 12.9963 -0.1502 pedestrian 0.493022084236145
411 15.1269 0.0394 pedestrian 0.7120412290096283
411 12.9963 -0.1661 pedestrian 0.47805526852607727
412 15.1269 0.0236 pedestrian 0.7365228831768036
412 12.9963 -0.1661 pedestrian 0.48971933126449585
413 15.1269 0.0394 pedestrian 0.7363027632236481
413 12.9963 -0.1661 pedestrian 0.4821103811264038
414 15.1269 0.0394 pedestrian 0.7341042459011078
414 12.9963 -0.1502 pedestrian 0.4648207724094391
415 15.1269 0.0394 pedestrian 0.7198441922664642
415 12.9963 -0.1661 pedestrian 0.43435800075531006
416 15.1269 0.0079 pedestrian 0.674043744802475
416 12.9963 -0.1661 pedestrian 0.4036200940608978
417 14.9138 0.0079 pedestrian 0.6918233931064606
417 12.9963 -0.1661 pedestrian 0.4311298429965973
418 15.1269 0.0236 pedestrian 0.6984190344810486
418 12.9963 -0.1502 pedestrian 0.4560334086418152
419 15.1269 0.0079 pedestrian 0.7067124545574188
419 12.7833 -0.1502 pedestrian 0.45460209250450134
420 14.9138 0.0236 pedestrian 0.7015130519866943
420 12.7833 -0.1502 pedestrian 0.44897758960723877
421 14.9138 0.0079 pedestrian 0.7048026621341705
421 12.7833 -0.1343 pedestrian 0.4604218006134033
422 15.1269 0.0079 pedestrian 0.6597106456756592
422 12.7833 -0.1661 pedestrian 0.43729639053344727
423 15.1269 0.0079 pedestrian 0.6089796423912048
423 12.7833 -0.1661 pedestrian 0.41522103548049927
424 14.9138 -0.0236 pedestrian 0.40207338333129883
424 12.5702 -0.1343 pedestrian 0.3733415901660919
424 14.9138 0.0079 cyclist 0.33194856345653534
425 14.9138 -0.0551 pedestrian 0.42980557680130005
425 12.5702 -0.1184 pedestrian 0.41784924268722534
425 14.7008 -0.0079 cyclist 0.33345404267311096
426 12.5702 -0.1025 pedestrian 0.4532349407672882
426 14.9138 -0.0551 pedestrian 0.44589823484420776
427 14.9138 -0.0394 pedestrian 0.4605177342891693
427 12.5702 -0.1184 pedestrian 0.44606301188468933
428 14.9138 -0.0394 pedestrian 0.49984854459762573
428 12.5702 -0.1343 pedestrian 0.46021801233291626
429 14.9138 -0.0394 pedestrian 0.5025540888309479
429 12.5702 -0.1184 pedestrian 0.48171788454055786
430 14.9138 -0.0551 pedestrian 0.4948864281177521
430 12.5702 -0.1184 pedestrian 0.4607674479484558
431 14.7008 -0.0709 pedestrian 0.45849183201789856
431 12.5702 -0.1184 pedestrian 0.4362353980541229
431 14.9138 -0.0394 cyclist 0.30522066354751587
432 12.5702 -0.0867 pedestrian 0.4703930914402008
432 14.7008 -0.0867 pedestrian 0.37980780005455017
432 14.9138 -0.0551 cyclist 0.3577171564102173
433 12.3572 -0.0867 pedestrian 0.4960908889770508
433 14.7008 -0.0867 pedestrian 0.3805900812149048
433 14.9138 -0.0551 cyclist 0.36986924707889557
434 12.3572 -0.0867 pedestrian 0.5461567938327789
434 14.7008 -0.0709 pedestrian 0.4135274291038513
434 14.9138 -0.0551 cyclist 0.3441583961248398
435 12.3572 -0.0709 pedestrian 0.5383417010307312
435 14.7008 -0.0709 pedestrian 0.40176764130592346
435 14.9138 -0.0551 cyclist 0.3414992541074753
436 12.3572 -0.0709 pedestrian 0.5893787741661072
436 14.7008 -0.0867 pedestrian 0.4590124189853668
436 14.9138 -0.0551 cyclist 0.3275344520807266
437 12.3572 -0.0867 pedestrian 0.5752122700214386
437 14.9138 -0.0709 pedestrian 0.4419454336166382
437 14.9138 -0.0551 cyclist 0.3259052112698555
438 12.5702 -0.0867 pedestrian 0.5510611534118652
438 14.7008 -0.0709 pedestrian 0.44640031456947327
438 14.9138 -0.0551 cyclist 0.3401961773633957
439 12.3572 -0.0709 pedestrian 0.5139643549919128
439 14.7008 -0.0709 pedestrian 0.4173392951488495
439 14.9138 -0.0394 cyclist 0.35409344732761383
440 12.3572 -0.0709 pedestrian 0.5433426201343536
440 14.9138 -0.0867 cyclist 0.39218635857105255
440 14.7008 -0.0867 pedestrian 0.31727924942970276
441 12.3572 -0.0551 pedestrian 0.6001123189926147
441 14.7008 -0.0709 cyclist 0.4105096906423569
441 14.7008 -0.1184 pedestrian 0.31651467084884644
442 12.3572 -0.0867 pedestrian 0.624144047498703
442 14.7008 -0.0709 cyclist 0.4021773785352707
442 14.7008 -0.0709 pedestrian 0.328294575214386
443 12.3572 -0.0551 pedestrian 0.6373655796051025
443 14.7008 -0.0867 cyclist 0.39072462916374207
443 14.7008 -0.0709 pedestrian 0.31591810286045074
444 12.3572 -0.0709 pedestrian 0.651514858007431
444 14.7008 -0.0867 pedestrian 0.3582119047641754
444 14.7008 -0.0867 cyclist 0.35249246656894684
445 12.3572 -0.0551 pedestrian 0.6549071371555328
445 14.7008 -0.0867 cyclist 0.36590372025966644
445 14.7008 -0.0709 pedestrian 0.323843389749527
446 12.3572 -0.0551 pedestrian 0.6088582277297974
446 14.7008 -0.0709 cyclist 0.3493991792201996
446 14.7008 -0.0709 pedestrian 0.3417906165122986
447 12.1441 -0.0709 pedestrian 0.5706284642219543
447 14.9138 -0.0551 cyclist 0.35972923040390015
447 14.7008 -0.0709 pedestrian 0.3211889863014221
448 12.1441 -0.0551 pedestrian 0.5046717822551727
448 14.4877 -0.0551 cyclist 0.391197144985199
449 12.3572 -0.0551 pedestrian 0.5499267578125
449 14.9138 -0.0551 cyclist 0.4033404588699341
450 12.3572 -0.0394 pedestrian 0.5703405141830444
450 14.7008 -0.0709 cyclist 0.38163404166698456
451 12.3572 -0.0394 pedestrian 0.5784548819065094
451 14.9138 -0.0551 cyclist 0.3849655091762543
452 12.3572 -0.0551 pedestrian 0.5885273218154907
452 14.7008 -0.0867 cyclist 0.36448875069618225
453 12.3572 -0.0394 pedestrian 0.5929253399372101
453 14.7008 -0.0867 cyclist 0.3683242201805115
454 12.3572 -0.0394 pedestrian 0.5666750967502594
454 14.9138 -0.0551 cyclist 0.3718491494655609
455 12.1441 -0.0236 pedestrian 0.5209296941757202
455 14.9138 -0.0709 cyclist 0.3773679882287979
456 14.9138 -0.0867 cyclist 0.4624790996313095
456 12.1441 -0.0236 pedestrian 0.41510310769081116
457 14.9138 -0.0551 cyclist 0.47990682721138
457 12.1441 -0.0236 pedestrian 0.42531299591064453
458 14.7008 -0.0709 cyclist 0.4655514061450958
458 12.1441 -0.0236 pedestrian 0.44837242364883423
459 14.7008 -0.0867 cyclist 0.46731144189834595
459 12.1441 -0.0236 pedestrian 0.446142315864563
460 14.7008 -0.0867 cyclist 0.4500131756067276
460 12.1441 -0.0236 pedestrian 0.4194064438343048
461 14.7008 -0.1025 cyclist 0.4550207853317261
461 12.1441 -0.0079 pedestrian 0.410122275352478
462 14.9138 -0.0551 cyclist 0.43786919116973877
462 12.1441 -0.0236 pedestrian 0.36498939990997314
463 14.9138 -0.1025 cyclist 0.44352833926677704
463 12.1441 -0.0079 pedestrian 0.33177825808525085
464 14.9138 -0.0867 cyclist 0.49770160019397736
465 14.9138 -0.0867 cyclist 0.5138879120349884
465 12.1441 0.0079 pedestrian 0.310753270983696
466 14.9138 -0.1184 cyclist 0.49942728877067566
466 12.1441 0.0079 pedestrian 0.32826589047908783
467 15.1269 -0.1025 cyclist 0.4957142621278763
467 12.1441 0.0079 pedestrian 0.34598641097545624
468 14.9138 -0.1184 cyclist 0.4479720890522003
468 12.1441 0.0079 pedestrian 0.3352094367146492
469 15.1269 -0.1025 cyclist 0.4479515850543976
469 12.1441 0.0236 pedestrian 0.33539173007011414
470 14.9138 -0.1184 cyclist 0.4311694949865341
470 12.1441 0.0079 pedestrian 0.32183751463890076
471 14.9138 -0.1025 cyclist 0.4184468388557434
471 12.1441 0.0236 pedestrian 0.30489252507686615
472 12.3572 0.0394 pedestrian 0.4895132780075073
472 14.9138 -0.1184 cyclist 0.35116779804229736
472 14.7008 -0.0867 pedestrian 0.33045727014541626
473 12.3572 0.0394 pedestrian 0.5364865660667419
473 14.7008 -0.1184 pedestrian 0.3714415207505226
473 14.9138 -0.1184 cyclist 0.3496078848838806
474 12.5702 0.0551 pedestrian 0.5758514702320099
474 14.7008 -0.0867 pedestrian 0.3912399932742119
474 14.9138 -0.1184 cyclist 0.3083660677075386
475 12.3572 0.0394 pedestrian 0.5832597315311432
475 14.7008 -0.1025 pedestrian 0.399955689907074
475 15.1269 -0.1661 cyclist 0.31109198927879333
476 12.5702 0.0551 pedestrian 0.6089727282524109
476 14.7008 -0.0867 pedestrian 0.39764533191919327
477 12.5702 0.0709 pedestrian 0.5980753600597382
477 14.7008 -0.1184 pedestrian 0.3935461863875389
478 12.5702 0.0394 pedestrian 0.5878029465675354
478 14.7008 -0.1025 pedestrian 0.3869152367115021
479 12.5702 0.0551 pedestrian 0.5702381134033203
479 14.7008 -0.1025 pedestrian 0.3719235882163048
480 12.5702 0.0709 pedestrian 0.6486555337905884
480 14.7008 -0.1184 pedestrian 0.4262363910675049
480 14.4877 -0.1981 cyclist 0.3485070765018463
481 12.5702 0.0867 pedestrian 0.7071206569671631
481 14.7008 -0.1343 pedestrian 0.4530951678752899
481 14.7008 -0.1661 cyclist 0.37590664625167847
482 12.5702 0.0867 pedestrian 0.7306729555130005
482 14.4877 -0.1343 pedestrian 0.4595135748386383
482 14.4877 -0.1981 cyclist 0.37363408505916595
483 12.7833 0.0867 pedestrian 0.7297187745571136
483 14.7008 -0.1184 pedestrian 0.46899139881134033
483 14.7008 -0.1981 cyclist 0.35473667085170746
484 12.5702 0.0867 pedestrian 0.7106009423732758
484 14.4877 -0.1502 pedestrian 0.49191683530807495
484 14.4877 -0.1981 cyclist 0.3583216816186905
485 12.7833 0.0867 pedestrian 0.7294350564479828
485 14.4877 -0.1502 pedestrian 0.4924381971359253
485 14.4877 -0.1981 cyclist 0.3495548367500305
486 12.7833 0.0867 pedestrian 0.6771799027919769
486 14.4877 -0.1502 pedestrian 0.47269222140312195
486 14.4877 -0.1981 cyclist 0.36612753570079803
487 12.7833 0.0867 pedestrian 0.6328318119049072
487 14.4877 -0.1502 pedestrian 0.4440515637397766
487 14.4877 -0.2142 cyclist 0.367254376411438
488 12.5702 0.1025 pedestrian 0.6727144122123718
488 14.4877 -0.1821 pedestrian 0.5055669546127319
489 12.7833 0.1184 pedestrian 0.7320240437984467
489 14.4877 -0.1981 pedestrian 0.5425899624824524
490 12.7833 0.1184 pedestrian 0.7932114601135254
490 14.4877 -0.1981 pedestrian 0.5797570049762726
491 12.7833 0.1184 pedestrian 0.7923773527145386
491 14.4877 -0.1981 pedestrian 0.5778493881225586
492 12.7833 0.1184 pedestrian 0.7980417609214783
492 14.4877 -0.1821 pedestrian 0.6079144179821014
493 12.7833 0.1025 pedestrian 0.8138762712478638
493 14.2747 -0.1821 pedestrian 0.6090314090251923
494 12.7833 0.1025 pedestrian 0.7829784154891968
494 14.4877 -0.1821 pedestrian 0.6081903278827667
495 12.7833 0.1025 pedestrian 0.7457955777645111
495 14.2747 -0.1821 pedestrian 0.5843260288238525
496 12.7833 0.1184 pedestrian 0.7613874971866608
496 14.4877 -0.1981 pedestrian 0.5660131573677063
497 12.7833 0.1184 pedestrian 0.8206747174263
497 14.2747 -0.1821 pedestrian 0.5824874043464661
498 12.7833 0.1184 pedestrian 0.8638030588626862
498 14.2747 -0.2142 pedestrian 0.6006299257278442
499 12.7833 0.1184 pedestrian 0.8620319366455078
499 14.2747 -0.1981 pedestrian 0.6110196113586426
500 12.7833 0.1184 pedestrian 0.8542598485946655
500 14.2747 -0.2142 pedestrian 0.6264882683753967
501 12.7833 0.1184 pedestrian 0.8445294499397278
501 14.2747 -0.1821 pedestrian 0.6372425258159637
502 12.7833 0.1343 pedestrian 0.7996949553489685
502 14.2747 -0.2142 pedestrian 0.5873512327671051
503 12.9963 0.1184 pedestrian 0.7711500823497772
503 14.2747 -0.1821 pedestrian 0.5408987998962402
504 12.9963 0.1184 pedestrian 0.6413390338420868
505 12.9963 0.1343 pedestrian 0.6877129375934601
506 12.9963 0.1502 pedestrian 0.7238741517066956
507 12.9963 0.1343 pedestrian 0.7274182736873627
508 12.9963 0.1502 pedestrian 0.7068439722061157
509 13.2094 0.1502 pedestrian 0.7078741490840912
510 12.9963 0.1343 pedestrian 0.6637959778308868
510 13.6355 -0.2466 cyclist 0.30613842606544495
511 12.9963 0.1184 pedestrian 0.6201165318489075
512 13.2094 0.1502 pedestrian 0.5587920248508453
513 13.2094 0.1502 pedestrian 0.5751378834247589
513 13.6355 -0.2792 cyclist 0.3130560964345932
514 13.2094 0.1502 pedestrian 0.5952132344245911
514 13.6355 -0.2792 cyclist 0.3093268349766731
515 13.2094 0.1502 pedestrian 0.6003101468086243
516 13.2094 0.1502 pedestrian 0.592676043510437
517 13.2094 0.1502 pedestrian 0.5922888219356537
517 13.2094 -0.2792 cyclist 0.30399738624691963
518 13.4225 0.1661 pedestrian 0.5584894716739655
518 12.9963 -0.2792 cyclist 0.3144204169511795
519 13.4225 0.1661 pedestrian 0.5334149599075317
519 12.9963 -0.2792 cyclist 0.31972695887088776
520 13.4225 0.1821 pedestrian 0.5938818752765656
520 12.7833 -0.2304 cyclist 0.39876091480255127
521 13.4225 0.1821 pedestrian 0.6386612355709076
521 12.7833 -0.2792 cyclist 0.4125818461179733
522 13.4225 0.1821 pedestrian 0.6753743588924408
522 12.7833 -0.2629 cyclist 0.43425585329532623
523 13.4225 0.1821 pedestrian 0.6754885911941528
523 12.7833 -0.2792 cyclist 0.4330902397632599
524 13.4225 0.1821 pedestrian 0.6863411962985992
524 12.7833 -0.2466 cyclist 0.4448607861995697
525 13.4225 0.1661 pedestrian 0.6810937821865082
525 12.5702 -0.2466 cyclist 0.454662024974823
526 13.4225 0.1661 pedestrian 0.6619314551353455
526 12.7833 -0.2466 cyclist 0.446264311671257
527 13.4225 0.1661 pedestrian 0.6268709301948547
527 12.5702 -0.2304 cyclist 0.42370544373989105
528 13.4225 0.1821 pedestrian 0.7038668692111969
528 12.7833 -0.2304 cyclist 0.37931880354881287
529 13.4225 0.1821 pedestrian 0.754008561372757
529 12.5702 -0.2304 cyclist 0.39096200466156006
530 13.4225 0.1821 pedestrian 0.7786067426204681
530 12.5702 -0.2304 cyclist 0.39705032110214233
531 13.4225 0.1981 pedestrian 0.7849341034889221
531 12.5702 -0.2304 cyclist 0.41324324905872345
532 13.4225 0.1981 pedestrian 0.7758844494819641
532 12.3572 -0.2466 cyclist 0.4060986191034317
533 13.6355 0.2142 pedestrian 0.780803382396698
533 12.1441 -0.2466 cyclist 0.4034784883260727
534 13.6355 0.1981 pedestrian 0.7476739585399628
534 12.3572 -0.2466 cyclist 0.41870157420635223
535 13.4225 0.1981 pedestrian 0.7015669941902161
535 12.3572 -0.2466 cyclist 0.40687623620033264
536 13.6355 0.2142 pedestrian 0.6558354794979095
536 12.3572 -0.2142 cyclist 0.36011935770511627
537 13.6355 0.2142 pedestrian 0.7075861990451813
537 12.1441 -0.2142 cyclist 0.3811175972223282
538 13.6355 0.2142 pedestrian 0.7373934686183929
538 11.9311 -0.1981 cyclist 0.356390580534935
538 12.1441 -0.1821 car 0.31672562658786774
539 13.6355 0.2142 pedestrian 0.746089369058609
539 12.1441 -0.2142 cyclist 0.35439904779195786
539 11.9311 -0.1821 car 0.32482603192329407
539 12.3572 -0.1502 car 0.3045010268688202
540 13.6355 0.2142 pedestrian 0.7461299300193787
540 11.9311 -0.1821 cyclist 0.36657555401325226
540 11.9311 -0.1661 car 0.348000630736351
541 13.6355 0.2142 pedestrian 0.7428492903709412
541 12.1441 -0.2142 cyclist 0.3771642744541168
541 11.9311 -0.1502 car 0.3513187915086746
542 13.6355 0.2142 pedestrian 0.7121436893939972
542 11.9311 -0.1821 cyclist 0.4053340256214142
542 11.7180 -0.1343 car 0.33827053755521774
543 13.6355 0.2142 pedestrian 0.6559431254863739
543 11.9311 -0.2142 cyclist 0.38317635655403137
543 11.7180 -0.1661 car 0.3249380365014076
544 13.6355 0.2466 pedestrian 0.6780563592910767
544 11.9311 -0.1821 cyclist 0.33419986069202423
545 13.6355 0.2466 pedestrian 0.7218666076660156
545 11.9311 -0.2142 cyclist 0.33494827151298523
546 13.8486 0.2466 pedestrian 0.7726285457611084
546 11.9311 -0.1981 cyclist 0.3432524502277374
547 13.6355 0.2466 pedestrian 0.7550923526287079
547 11.9311 -0.1981 cyclist 0.33008821308612823
548 13.8486 0.2466 pedestrian 0.7746335566043854
548 11.9311 -0.1821 cyclist 0.3452470451593399
549 13.8486 0.2466 pedestrian 0.7770009934902191
549 11.7180 -0.2142 cyclist 0.3280482143163681
550 13.8486 0.2304 pedestrian 0.7602546215057373
550 11.9311 -0.1821 cyclist 0.342136412858963
551 13.8486 0.2466 pedestrian 0.7327756881713867
551 11.9311 -0.1981 cyclist 0.3246106207370758
552 14.0616 0.2304 pedestrian 0.717230498790741
552 11.7180 -0.1661 cyclist 0.4909354895353317
553 14.0616 0.2304 pedestrian 0.7661811113357544
553 11.5050 -0.1502 cyclist 0.5185886174440384
554 14.0616 0.2466 pedestrian 0.8256139159202576
554 11.7180 -0.1343 cyclist 0.552597239613533
555 14.0616 0.2466 pedestrian 0.8383591175079346
555 11.5050 -0.1502 cyclist 0.566979393362999
556 14.0616 0.2466 pedestrian 0.8493298590183258
556 11.7180 -0.1343 cyclist 0.564555898308754
557 14.0616 0.2304 pedestrian 0.8541670143604279
557 11.7180 -0.1184 cyclist 0.572797417640686
558 14.0616 0.2304 pedestrian 0.8043482601642609
558 11.7180 -0.1343 cyclist 0.5730424672365189
559 14.0616 0.2304 pedestrian 0.7525443732738495
559 11.5050 -0.1502 cyclist 0.5641240477561951
560 14.0616 0.2304 pedestrian 0.6360974311828613
560 11.7180 -0.1343 cyclist 0.4849085360765457
560 11.7180 -0.0867 pedestrian 0.36217714101076126
561 14.0616 0.2304 pedestrian 0.6809384226799011
561 11.5050 -0.1025 cyclist 0.46975061297416687
561 11.7180 -0.0867 pedestrian 0.40018318593502045
562 14.2747 0.2466 pedestrian 0.7278929650783539
562 11.7180 -0.0867 pedestrian 0.45565082877874374
562 11.7180 -0.1343 cyclist 0.4468732438981533
563 14.2747 0.2304 pedestrian 0.7249865829944611
563 11.5050 -0.1025 pedestrian 0.4445512741804123
563 11.5050 -0.1184 cyclist 0.43406306952238083
564 14.2747 0.2304 pedestrian 0.744464099407196
564 11.5050 -0.0867 pedestrian 0.4615651071071625
564 11.7180 -0.1025 cyclist 0.42653944343328476
565 14.2747 0.2304 pedestrian 0.7548434138298035
565 11.7180 -0.0867 pedestrian 0.4605524390935898
565 11.7180 -0.1184 cyclist 0.42291409522295
566 14.2747 0.2304 pedestrian 0.7131660878658295
566 11.7180 -0.0867 pedestrian 0.5096905827522278
566 11.5050 -0.1184 cyclist 0.39725015312433243
567 14.2747 0.2466 pedestrian 0.6632249653339386
567 11.7180 -0.0867 pedestrian 0.5049132704734802
567 11.7180 -0.1025 cyclist 0.3532415106892586
568 14.2747 0.2304 pedestrian 0.548535019159317
568 11.5050 -0.0867 pedestrian 0.48424341529607773
569 14.4877 0.2142 pedestrian 0.5696884095668793
569 11.5050 -0.1025 pedestrian 0.47495174407958984
570 14.4877 0.2142 pedestrian 0.5775035321712494
570 11.5050 -0.0867 pedestrian 0.4743508920073509
570 11.9311 -0.0709 cyclist 0.32107075303792953
571 14.4877 0.2142 pedestrian 0.5879077613353729
571 11.7180 -0.0867 pedestrian 0.4629010558128357
571 11.7180 -0.0867 cyclist 0.3223627358675003
572 14.4877 0.2142 pedestrian 0.5889007151126862
572 11.5050 -0.0867 pedestrian 0.4552762135863304
572 11.5050 -0.0709 cyclist 0.34670400619506836
573 14.4877 0.2142 pedestrian 0.6137652099132538
573 11.5050 -0.0867 pedestrian 0.43764678388834
573 11.5050 -0.0551 cyclist 0.36470045894384384
574 14.4877 0.2142 pedestrian 0.5783529579639435
574 11.7180 -0.0867 pedestrian 0.421515628695488
574 11.7180 -0.0709 cyclist 0.39133288711309433
575 14.4877 0.2142 pedestrian 0.5167598128318787
575 11.5050 -0.0709 cyclist 0.41367972642183304
575 11.5050 -0.0551 pedestrian 0.3568977788090706
576 11.5050 -0.0236 cyclist 0.5766375064849854
576 14.7008 0.1981 pedestrian 0.45662349462509155
577 11.5050 -0.0236 cyclist 0.6199027001857758
577 14.7008 0.2142 pedestrian 0.4712561070919037
578 11.5050 -0.0236 cyclist 0.6200100779533386
578 14.7008 0.1821 pedestrian 0.482649564743042
579 11.5050 -0.0236 cyclist 0.6355571150779724
579 14.7008 0.1821 pedestrian 0.45277848839759827
580 11.5050 0.0079 cyclist 0.6125110387802124
580 14.7008 0.1981 pedestrian 0.4663829803466797
581 11.5050 -0.0236 cyclist 0.6299818754196167
581 14.7008 0.1981 pedestrian 0.44670960307121277
582 11.5050 0.0079 cyclist 0.6098379790782928
582 14.7008 0.1981 pedestrian 0.43971702456474304
583 11.5050 -0.0079 cyclist 0.5969469100236893
583 14.7008 0.1821 pedestrian 0.4219047427177429
584 11.5050 -0.0079 cyclist 0.5336554795503616
584 14.7008 0.1981 pedestrian 0.5037848949432373
585 11.5050 0.0079 cyclist 0.5423230826854706
585 14.7008 0.1821 pedestrian 0.5407377779483795
586 14.7008 0.1821 pedestrian 0.567703902721405
586 11.5050 0.0079 cyclist 0.5405284464359283
587 14.7008 0.1821 pedestrian 0.5484225749969482
587 11.5050 0.0079 cyclist 0.5359923243522644
588 14.7008 0.1661 pedestrian 0.555335521697998
588 11.5050 0.0079 cyclist 0.5174206495285034
589 14.7008 0.1821 pedestrian 0.5438798666000366
589 11.2919 0.0236 cyclist 0.5149597227573395
590 14.9138 0.1821 pedestrian 0.53618523478508
590 11.5050 0.0079 cyclist 0.4905172139406204
591 14.7008 0.1821 pedestrian 0.5234863460063934
591 11.5050 0.0079 cyclist 0.4667043387889862
592 14.7008 0.1661 pedestrian 0.6645556092262268
592 11.5050 0.0236 cyclist 0.37994273006916046
592 11.5050 0.0551 pedestrian 0.3629516065120697
593 14.7008 0.1502 pedestrian 0.7110435962677002
593 11.5050 0.0079 cyclist 0.38416461646556854
593 11.5050 0.0551 pedestrian 0.37761789560317993
594 14.7008 0.1502 pedestrian 0.7492461800575256
594 11.2919 0.0551 pedestrian 0.4166320860385895
594 11.5050 0.0079 cyclist 0.37411341071128845
595 14.7008 0.1502 pedestrian 0.7520913481712341
595 11.2919 0.0709 pedestrian 0.4036187529563904
595 11.2919 0.0394 cyclist 0.3652249425649643
596 14.7008 0.1502 pedestrian 0.7570507824420929
596 11.2919 0.0394 pedestrian 0.4230293929576874
596 11.5050 0.0079 cyclist 0.3277670294046402
597 14.7008 0.1502 pedestrian 0.7563683986663818
597 11.5050 0.0551 pedestrian 0.4128668010234833
597 11.2919 0.0236 cyclist 0.32147206366062164
598 14.7008 0.1502 pedestrian 0.7000851929187775
598 11.2919 0.0551 pedestrian 0.42924973368644714
598 11.5050 0.0079 cyclist 0.3131517320871353
599 14.7008 0.1502 pedestrian 0.6812798380851746
599 11.2919 0.0551 pedestrian 0.4084678590297699
599 11.2919 0.0394 cyclist 0.31868189573287964
600 14.7008 0.1502 pedestrian 0.6511140465736389
600 11.5050 0.0709 cyclist 0.45536381006240845
600 11.2919 0.0709 pedestrian 0.30492954701185226
601 14.7008 0.1502 pedestrian 0.69342240691185
601 11.2919 0.0867 cyclist 0.4847557097673416
601 11.2919 0.0709 pedestrian 0.30116258561611176
602 14.9138 0.1343 pedestrian 0.7355665266513824
602 11.2919 0.0551 cyclist 0.48385588824748993
603 14.7008 0.1502 pedestrian 0.7306197583675385
603 11.2919 0.0709 cyclist 0.48714084178209305
604 14.9138 0.1343 pedestrian 0.740755707025528
604 11.2919 0.0867 cyclist 0.45722516626119614
604 11.2919 0.1025 pedestrian 0.30824559181928635
605 14.7008 0.1502 pedestrian 0.7364111244678497
605 11.2919 0.0709 cyclist 0.4679778218269348
605 11.2919 0.0867 pedestrian 0.30518113635480404
606 14.7008 0.1343 pedestrian 0.6836568117141724
606 11.2919 0.1025 cyclist 0.45758670568466187
606 11.2919 0.1025 pedestrian 0.3049117773771286
607 14.7008 0.1184 pedestrian 0.6431882083415985
607 11.2919 0.1025 cyclist 0.4827049970626831
608 11.2919 0.1184 cyclist 0.5733936131000519
608 14.9138 0.1184 pedestrian 0.5572159886360168
609 11.0789 0.1025 cyclist 0.6021125614643097
609 14.7008 0.1184 pedestrian 0.5794554650783539
610 14.9138 0.1343 pedestrian 0.6162088513374329
610 11.2919 0.1184 cyclist 0.6002523303031921
611 14.7008 0.1184 pedestrian 0.6123575866222382
611 11.2919 0.1025 cyclist 0.610907644033432
612 14.7008 0.1184 pedestrian 0.6316777765750885
612 11.2919 0.1184 cyclist 0.569840133190155
613 14.7008 0.1184 pedestrian 0.6251672804355621
613 11.0789 0.1025 cyclist 0.585981011390686
614 14.7008 0.1184 pedestrian 0.5945278108119965
614 11.0789 0.1343 cyclist 0.569978803396225
615 14.7008 0.1184 pedestrian 0.6015093326568604
615 11.2919 0.1343 cyclist 0.5416589230298996
616 14.7008 0.0867 pedestrian 0.7037256956100464
616 11.0789 0.1502 cyclist 0.5545513331890106
617 14.7008 0.0867 pedestrian 0.7524109482765198
617 11.2919 0.1502 cyclist 0.5892068445682526
618 14.7008 0.0867 pedestrian 0.8009357154369354
618 11.2919 0.1661 cyclist 0.6039870381355286
619 14.7008 0.0867 pedestrian 0.7992874681949615
619 11.2919 0.1661 cyclist 0.6222514808177948
620 14.7008 0.0867 pedestrian 0.8171942234039307
620 11.2919 0.1661 cyclist 0.5963089764118195
621 14.7008 0.0867 pedestrian 0.8152491748332977
621 11.2919 0.1661 cyclist 0.5959104150533676
622 14.4877 0.0867 pedestrian 0.7736784219741821
622 11.0789 0.1981 cyclist 0.5950920283794403
623 14.7008 0.0867 pedestrian 0.7353039383888245
623 11.2919 0.1981 cyclist 0.5789804011583328
624 14.7008 0.0867 pedestrian 0.7104779779911041
624 11.0789 0.2142 cyclist 0.6435523629188538
625 14.7008 0.0867 pedestrian 0.749508798122406
625 11.0789 0.1981 cyclist 0.6721622347831726
626 14.7008 0.0867 pedestrian 0.79727903008461
626 11.0789 0.1981 cyclist 0.6867565214633942
627 14.7008 0.0867 pedestrian 0.7983428239822388
627 11.0789 0.1981 cyclist 0.6821852326393127
628 14.7008 0.0867 pedestrian 0.8184445202350616
628 11.0789 0.1981 cyclist 0.6737431287765503
629 14.7008 0.0867 pedestrian 0.8064685761928558
629 11.0789 0.2142 cyclist 0.6579722166061401
630 14.4877 0.0867 pedestrian 0.7823072671890259
630 11.0789 0.1981 cyclist 0.6533631384372711
631 14.7008 0.0551 pedestrian 0.7303487062454224
631 11.2919 0.1981 cyclist 0.6042643487453461
632 14.7008 0.0867 pedestrian 0.6976946890354156
632 11.0789 0.1821 cyclist 0.5694362819194794
633 14.7008 0.0867 pedestrian 0.7353338599205017
633 11.0789 0.1661 cyclist 0.5865442752838135
634 14.7008 0.0709 pedestrian 0.7816058099269867
634 11.0789 0.1821 cyclist 0.5981821715831757
635 14.4877 0.0709 pedestrian 0.7665104568004608
635 11.0789 0.1661 cyclist 0.6053351759910583
636 14.4877 0.0709 pedestrian 0.8026368916034698
636 11.0789 0.1981 cyclist 0.5771729648113251
637 14.4877 0.0709 pedestrian 0.8036918044090271
637 11.0789 0.1661 cyclist 0.5694547593593597
638 14.4877 0.0867 pedestrian 0.7869646847248077
638 11.0789 0.1981 cyclist 0.5588606297969818
639 14.4877 0.0709 pedestrian 0.7363390326499939
639 11.2919 0.1981 cyclist 0.5412063598632812
640 14.4877 0.0551 pedestrian 0.6689252853393555
640 11.0789 0.2142 cyclist 0.5689994394779205
641 14.7008 0.0551 pedestrian 0.6976728439331055
641 11.0789 0.2304 cyclist 0.6009447276592255
642 14.4877 0.0551 pedestrian 0.7419984936714172
642 11.0789 0.2304 cyclist 0.6145706176757812
643 14.4877 0.0551 pedestrian 0.7328983247280121
643 11.0789 0.2304 cyclist 0.6146837472915649
644 14.4877 0.0551 pedestrian 0.7669782340526581
644 11.0789 0.2304 cyclist 0.6202372610569
645 14.4877 0.0394 pedestrian 0.7651248872280121
645 11.0789 0.2304 cyclist 0.639691025018692
646 14.4877 0.0236 pedestrian 0.7597259879112244
646 11.2919 0.2304 cyclist 0.6134898960590363
647 14.4877 0.0394 pedestrian 0.70412278175354
647 11.2919 0.2466 cyclist 0.5929969251155853
648 14.4877 0.0236 pedestrian 0.7070086300373077
648 11.2919 0.2792 cyclist 0.6677056849002838
649 14.4877 0.0236 pedestrian 0.7684401273727417
649 11.2919 0.2629 cyclist 0.7295945286750793
650 14.4877 0.0236 pedestrian 0.8293184638023376
650 11.2919 0.2792 cyclist 0.7229380011558533
651 14.4877 0.0236 pedestrian 0.8458563685417175
651 11.2919 0.2629 cyclist 0.7212059497833252
652 14.4877 0.0236 pedestrian 0.8571609258651733
652 11.2919 0.2792 cyclist 0.7043026685714722
653 14.4877 0.0236 pedestrian 0.8688786625862122
653 11.2919 0.2629 cyclist 0.719340980052948
654 14.4877 0.0236 pedestrian 0.8412234485149384
654 11.5050 0.2629 cyclist 0.6914783120155334
655 14.4877 0.0236 pedestrian 0.7938857972621918
655 11.5050 0.2792 cyclist 0.6795567274093628
656 11.5050 0.2956 cyclist 0.8327504396438599
656 14.4877 0.0236 pedestrian 0.7877914607524872
657 11.5050 0.2956 cyclist 0.8706701397895813
657 14.2747 0.0236 pedestrian 0.8492954075336456
658 14.4877 0.0236 pedestrian 0.8979876339435577
658 11.7180 0.3121 cyclist 0.8801636099815369
659 14.4877 0.0236 pedestrian 0.9180347919464111
659 11.5050 0.3121 cyclist 0.8646435141563416
660 14.4877 0.0236 pedestrian 0.912521094083786
660 11.7180 0.3287 cyclist 0.8753778040409088
661 14.4877 0.0236 pedestrian 0.9063002169132233
661 11.7180 0.3287 cyclist 0.8864918053150177
662 14.4877 0.0236 pedestrian 0.8566901981830597
662 11.9311 0.3287 cyclist 0.8527984023094177
663 11.7180 0.3121 cyclist 0.8148210644721985
663 14.4877 0.0236 pedestrian 0.7954042553901672
664 11.7180 0.3287 cyclist 0.7871536612510681
664 14.4877 0.0079 pedestrian 0.7794753909111023
665 14.2747 0.0236 pedestrian 0.8320907652378082
665 11.9311 0.3287 cyclist 0.8246439099311829
666 14.4877 0.0079 pedestrian 0.890715628862381
666 11.9311 0.3287 cyclist 0.8525080978870392
667 14.2747 -0.0079 pedestrian 0.8906191885471344
667 11.9311 0.3287 cyclist 0.8388429284095764
668 14.4877 -0.0079 pedestrian 0.9053359925746918
668 11.9311 0.3287 cyclist 0.8496814668178558
669 14.4877 -0.0079 pedestrian 0.9072249233722687
669 11.9311 0.3287 cyclist 0.8576043248176575
670 14.4877 -0.0079 pedestrian 0.8673348426818848
670 11.9311 0.3287 cyclist 0.8254347443580627
671 14.2747 -0.0079 pedestrian 0.8150051832199097
671 11.9311 0.3287 cyclist 0.7502927780151367
672 14.4877 -0.0079 pedestrian 0.6533242762088776
672 12.3572 0.3622 cyclist 0.6183424890041351
673 14.2747 -0.0079 pedestrian 0.6786995828151703
673 12.1441 0.3287 cyclist 0.6468254029750824
674 14.2747 -0.0236 pedestrian 0.6949320137500763
674 12.1441 0.3454 cyclist 0.6502289474010468
675 14.4877 -0.0236 pedestrian 0.6894589364528656
675 12.3572 0.3622 cyclist 0.6418828368186951
676 14.2747 -0.0236 pedestrian 0.6719709634780884
676 12.3572 0.3287 cyclist 0.619462788105011
677 14.2747 -0.0236 pedestrian 0.6658251583576202
677 12.3572 0.3287 cyclist 0.6120433807373047
678 14.4877 -0.0236 pedestrian 0.6243722140789032
678 12.3572 0.3287 cyclist 0.5909684300422668
679 14.4877 -0.0236 pedestrian 0.5756897926330566
679 12.3572 0.3287 cyclist 0.5628466159105301
680 12.3572 0.3622 cyclist 0.5629077553749084
680 14.4877 -0.0236 pedestrian 0.5007413327693939
681 12.3572 0.3287 cyclist 0.59776571393013
681 14.4877 -0.0236 pedestrian 0.5519191026687622
682 12.5702 0.3454 cyclist 0.6089805066585541
682 14.4877 -0.0394 pedestrian 0.5904912650585175
683 12.5702 0.3454 cyclist 0.6214254796504974
683 14.4877 -0.0394 pedestrian 0.6061933040618896
684 12.5702 0.3622 cyclist 0.6256453394889832
684 14.4877 -0.0236 pedestrian 0.5963171422481537
685 12.7833 0.3622 cyclist 0.6272109746932983
685 14.4877 -0.0394 pedestrian 0.6057485938072205
686 12.7833 0.3287 cyclist 0.6154757440090179
686 14.4877 -0.0551 pedestrian 0.5855914056301117
687 12.7833 0.3622 cyclist 0.579240471124649
687 14.7008 -0.0551 pedestrian 0.5590614080429077
688 14.7008 -0.0551 pedestrian 0.6474120318889618
688 12.7833 0.3454 cyclist 0.5158254504203796
689 14.7008 -0.0394 pedestrian 0.6754556894302368
689 12.9963 0.3454 cyclist 0.5370931029319763
690 14.7008 -0.0709 pedestrian 0.71485435962677
690 12.9963 0.3454 cyclist 0.5500353872776031
691 14.7008 -0.0709 pedestrian 0.7054853439331055
691 12.9963 0.3287 cyclist 0.5464779734611511
692 14.7008 -0.0709 pedestrian 0.6864083111286163
692 13.2094 0.3287 cyclist 0.5344988405704498
693 14.7008 -0.0709 pedestrian 0.6724369823932648
693 12.9963 0.3454 cyclist 0.5245013236999512
694 14.7008 -0.0709 pedestrian 0.6248962879180908
694 13.2094 0.3287 cyclist 0.524554044008255
695 14.7008 -0.0709 pedestrian 0.5847778916358948
695 13.2094 0.3287 cyclist 0.4882061034440994
696 14.9138 -0.0867 pedestrian 0.6016831696033478
696 13.2094 0.3287 cyclist 0.5047368854284286
697 14.9138 -0.0867 pedestrian 0.6433423161506653
697 13.2094 0.3287 cyclist 0.5354509949684143
698 14.9138 -0.0709 pedestrian 0.6938298344612122
698 13.4225 0.3454 cyclist 0.5264403820037842
699 14.9138 -0.0867 pedestrian 0.685910165309906
699 13.4225 0.3287 cyclist 0.5162962824106216
700 14.9138 -0.0709 pedestrian 0.6988285779953003
700 13.6355 0.3287 cyclist 0.5142505317926407
701 15.1269 -0.0867 pedestrian 0.6936137974262238
701 13.4225 0.3287 cyclist 0.5107192546129227
702 15.1269 -0.0867 pedestrian 0.67107093334198
702 13.6355 0.3287 cyclist 0.5049767792224884
703 15.1269 -0.0867 pedestrian 0.6262596547603607
703 13.4225 0.3454 cyclist 0.48398466408252716
704 15.1269 -0.0867 pedestrian 0.6402626037597656
704 13.6355 0.3454 cyclist 0.5290657579898834
705 15.1269 -0.1025 pedestrian 0.6831153929233551
705 13.6355 0.3287 cyclist 0.5528092682361603
706 15.1269 -0.1025 pedestrian 0.7280565798282623
706 13.6355 0.3121 cyclist 0.5664396584033966
707 15.1269 -0.0867 pedestrian 0.7276692688465118
707 13.8486 0.3287 cyclist 0.5661004781723022
708 15.1269 -0.1025 pedestrian 0.7430218458175659
708 13.6355 0.3287 cyclist 0.5842429399490356
709 15.1269 -0.1025 pedestrian 0.7334088385105133
709 13.8486 0.3287 cyclist 0.5842315256595612
710 15.3400 -0.1025 pedestrian 0.6997513771057129
710 13.6355 0.3287 cyclist 0.5908650457859039
711 15.3400 -0.1025 pedestrian 0.6533902883529663
711 13.8486 0.3287 cyclist 0.5580447316169739
712 15.3400 -0.1184 pedestrian 0.6895908117294312
712 14.0616 0.2956 cyclist 0.5187334269285202
713 15.3400 -0.1025 pedestrian 0.7321589589118958
713 13.8486 0.2792 cyclist 0.5444750040769577
714 15.3400 -0.1025 pedestrian 0.7897660732269287
714 14.0616 0.2629 cyclist 0.5402941852807999
715 15.3400 -0.1025 pedestrian 0.7842472195625305
715 14.0616 0.2956 cyclist 0.5313995480537415
716 15.3400 -0.1025 pedestrian 0.7764264643192291
716 14.0616 0.2629 cyclist 0.5136822462081909
717 15.5530 -0.1025 pedestrian 0.7843771576881409
717 13.8486 0.2792 cyclist 0.5034971088171005
718 15.5530 -0.1184 pedestrian 0.7521572709083557
718 14.0616 0.2629 cyclist 0.48439909517765045
719 15.5530 -0.1025 pedestrian 0.7078227400779724
719 14.0616 0.2629 cyclist 0.46045808494091034
720 15.7661 -0.1025 pedestrian 0.7944448590278625
720 14.2747 0.2304 cyclist 0.5509686470031738
721 15.7661 -0.1184 pedestrian 0.8681008219718933
721 14.2747 0.2304 cyclist 0.5861437320709229
722 15.7661 -0.1025 pedestrian 0.9470305144786835
722 14.2747 0.2304 cyclist 0.6241115778684616
723 15.7661 -0.1025 pedestrian 0.9535519480705261
723 14.2747 0.2304 cyclist 0.6113411337137222
724 15.7661 -0.1025 pedestrian 0.9646168947219849
724 14.2747 0.2304 cyclist 0.6080840229988098
725 15.7661 -0.1025 pedestrian 0.9537922143936157
725 14.4877 0.2304 cyclist 0.5832627564668655
726 15.7661 -0.1025 pedestrian 0.9280706346035004
726 14.2747 0.2304 cyclist 0.5681015849113464
727 15.7661 -0.1184 pedestrian 0.8591420650482178
727 14.2747 0.2466 cyclist 0.5572307258844376
728 15.9791 -0.1184 pedestrian 0.8032289743423462
728 14.2747 0.1981 cyclist 0.6849092543125153
729 15.9791 -0.1025 pedestrian 0.8649311065673828
729 14.2747 0.1981 cyclist 0.7364995181560516
730 15.9791 -0.1184 pedestrian 0.8934246003627777
730 14.4877 0.1981 cyclist 0.7583683431148529
731 15.9791 -0.1025 pedestrian 0.9004279673099518
731 14.2747 0.1981 cyclist 0.7571626007556915
732 15.9791 -0.1184 pedestrian 0.910137951374054
732 14.2747 0.2304 cyclist 0.7502828240394592
733 15.9791 -0.1025 pedestrian 0.9034264981746674
733 14.2747 0.1981 cyclist 0.7520976960659027
734 15.9791 -0.1184 pedestrian 0.843865156173706
734 14.4877 0.1981 cyclist 0.7186766266822815
735 15.9791 -0.1184 pedestrian 0.7697877585887909
735 14.2747 0.2142 cyclist 0.6740339398384094
736 14.2747 0.1981 cyclist 0.7415246069431305
736 16.1922 -0.1184 pedestrian 0.7041686475276947
737 14.2747 0.1981 cyclist 0.804145872592926
737 16.1922 -0.1025 pedestrian 0.7474018037319183
738 14.2747 0.1821 cyclist 0.8384493589401245
738 16.1922 -0.1025 pedestrian 0.8078324496746063
739 14.2747 0.1981 cyclist 0.830396831035614
739 16.1922 -0.1025 pedestrian 0.8015331029891968
740 14.2747 0.1981 cyclist 0.839259922504425
740 16.1922 -0.1025 pedestrian 0.8049585819244385
741 14.2747 0.1981 cyclist 0.8340776860713959
741 16.4052 -0.1025 pedestrian 0.7864544093608856
742 14.2747 0.1821 cyclist 0.7998544573783875
742 16.1922 -0.1025 pedestrian 0.7492355704307556
743 14.2747 0.1981 cyclist 0.7481004297733307
743 16.4052 -0.1025 pedestrian 0.6975761950016022
744 14.2747 0.1343 cyclist 0.7312218248844147
744 16.4052 -0.1025 pedestrian 0.5849972665309906
745 14.2747 0.1343 cyclist 0.769556999206543
745 16.4052 -0.1025 pedestrian 0.6145336329936981
746 14.2747 0.1502 cyclist 0.8037869036197662
746 16.6183 -0.1025 pedestrian 0.6464737951755524
747 14.2747 0.1661 cyclist 0.788233757019043
747 16.6183 -0.1025 pedestrian 0.6551618278026581
748 14.2747 0.1502 cyclist 0.7801713347434998
748 16.6183 -0.1025 pedestrian 0.6561213135719299
749 14.2747 0.1343 cyclist 0.7788007259368896
749 16.6183 -0.1025 pedestrian 0.6522113382816315
750 14.0616 0.1343 cyclist 0.7487888634204865
750 16.6183 -0.1025 pedestrian 0.6040859818458557
751 14.0616 0.1343 cyclist 0.7072271108627319
751 16.6183 -0.1184 pedestrian 0.5586684048175812
752 14.0616 0.1184 cyclist 0.7205525636672974
752 16.8313 -0.0867 pedestrian 0.5220641791820526
753 14.0616 0.1184 cyclist 0.752606600522995
753 16.8313 -0.1025 pedestrian 0.5475100874900818
754 14.2747 0.1025 cyclist 0.7701721489429474
754 17.0444 -0.0867 pedestrian 0.5833133161067963
755 14.0616 0.1025 cyclist 0.7627672255039215
755 17.0444 -0.1025 pedestrian 0.5823414921760559
756 14.2747 0.1025 cyclist 0.7597005069255829
756 17.0444 -0.0867 pedestrian 0.5997526049613953
757 14.0616 0.1025 cyclist 0.7513387203216553
757 17.0444 -0.1025 pedestrian 0.6048040390014648
758 14.0616 0.1025 cyclist 0.7339999079704285
758 17.0444 -0.1025 pedestrian 0.578206866979599
759 14.0616 0.1184 cyclist 0.7061336636543274
759 17.0444 -0.1025 pedestrian 0.5231711268424988
760 14.0616 0.1184 cyclist 0.7154037952423096
760 17.0444 -0.0709 pedestrian 0.4628019332885742
761 14.0616 0.1025 cyclist 0.7478210628032684
761 17.2574 -0.0867 pedestrian 0.4693501591682434
762 14.2747 0.1184 cyclist 0.78571417927742
762 17.0444 -0.0709 pedestrian 0.5039843022823334
763 14.2747 0.1025 cyclist 0.77687668800354
763 17.0444 -0.1025 pedestrian 0.48915955424308777
764 14.2747 0.1025 cyclist 0.7769583761692047
764 17.2574 -0.0709 pedestrian 0.49995312094688416
765 14.2747 0.1343 cyclist 0.7640656530857086
765 17.2574 -0.1025 pedestrian 0.5054014325141907
766 14.0616 0.1343 cyclist 0.7379181683063507
766 17.2574 -0.0867 pedestrian 0.4801870286464691
767 14.0616 0.1343 cyclist 0.6906194984912872
767 17.2574 -0.1025 pedestrian 0.46403586864471436
768 14.0616 0.1184 cyclist 0.6648836135864258
768 17.2574 -0.0867 pedestrian 0.5195131599903107
769 14.0616 0.1025 cyclist 0.6883404552936554
769 17.2574 -0.0867 pedestrian 0.5735396444797516
770 14.2747 0.1184 cyclist 0.7221709787845612
770 17.4705 -0.0709 pedestrian 0.6175777018070221
771 14.0616 0.1025 cyclist 0.7158728539943695
771 17.4705 -0.0709 pedestrian 0.6243847012519836
772 14.2747 0.1025 cyclist 0.7170425951480865
772 17.4705 -0.0867 pedestrian 0.6686107218265533
773 14.2747 0.1025 cyclist 0.6983773410320282
773 17.4705 -0.0867 pedestrian 0.6607837378978729
774 14.2747 0.1025 cyclist 0.6757070422172546
774 17.4705 -0.0709 pedestrian 0.6443487703800201
775 14.0616 0.1184 cyclist 0.6449881196022034
775 17.4705 -0.0867 pedestrian 0.6103508472442627
776 14.4877 0.0867 cyclist 0.641889214515686
776 17.6836 -0.0709 pedestrian 0.5767315924167633
777 14.2747 0.0709 cyclist 0.6991646587848663
777 17.6836 -0.0709 pedestrian 0.6195189356803894
778 14.2747 0.0551 cyclist 0.7199463546276093
778 17.6836 -0.0709 pedestrian 0.6609279811382294
779 14.2747 0.0709 cyclist 0.7133295834064484
779 17.6836 -0.0709 pedestrian 0.6759671568870544
780 14.2747 0.0709 cyclist 0.7216804921627045
780 17.6836 -0.0867 pedestrian 0.6861359775066376
781 14.2747 0.0709 cyclist 0.7151688039302826
781 17.6836 -0.0867 pedestrian 0.7037228345870972
782 14.2747 0.0551 cyclist 0.6863855123519897
782 17.6836 -0.0867 pedestrian 0.6624891459941864
783 14.2747 0.0709 cyclist 0.6565290987491608
783 17.6836 -0.0709 pedestrian 0.626845121383667
784 14.2747 0.0236 cyclist 0.7106526792049408
784 17.6836 -0.0867 pedestrian 0.5832941830158234
785 14.2747 0.0079 cyclist 0.7481674253940582
785 17.6836 -0.0709 pedestrian 0.6156611442565918
786 14.2747 0.0079 cyclist 0.7927800714969635
786 17.6836 -0.0867 pedestrian 0.6542778611183167
787 14.2747 0.0394 cyclist 0.7839039266109467
787 17.6836 -0.0709 pedestrian 0.6642123758792877
788 14.2747 0.0394 cyclist 0.7929491996765137
788 17.6836 -0.0867 pedestrian 0.6701699495315552
789 14.2747 0.0079 cyclist 0.7921185195446014
789 17.6836 -0.0867 pedestrian 0.6748136281967163
790 14.4877 0.0079 cyclist 0.7650189399719238
790 17.6836 -0.0867 pedestrian 0.6321141421794891
791 14.2747 0.0236 cyclist 0.7040497064590454
791 17.6836 -0.0709 pedestrian 0.590562641620636
792 14.4877 -0.0394 cyclist 0.7541568577289581
792 17.8966 -0.0709 pedestrian 0.39769990742206573
793 14.4877 -0.0236 cyclist 0.7865222692489624
793 17.6836 -0.0551 pedestrian 0.40941113978624344
794 14.4877 -0.0551 cyclist 0.8259858191013336
794 17.8966 -0.0709 pedestrian 0.4147125333547592
795 14.2747 -0.0236 cyclist 0.8085701167583466
795 17.8966 -0.0709 pedestrian 0.41172385960817337
796 14.2747 -0.0236 cyclist 0.8270328938961029
796 17.8966 -0.0551 pedestrian 0.4284519925713539
797 14.4877 -0.0236 cyclist 0.8161424994468689
797 17.6836 -0.0551 pedestrian 0.41970499604940414
798 14.4877 -0.0551 cyclist 0.7944164574146271
798 17.8966 -0.0551 pedestrian 0.3978999853134155
799 14.2747 -0.0394 cyclist 0.752579540014267
799 17.8966 -0.0551 pedestrian 0.35373982042074203
800 14.4877 -0.0394 cyclist 0.8290738463401794
801 14.2747 -0.0551 cyclist 0.8694497644901276
802 14.2747 -0.0236 cyclist 0.9185517728328705
803 14.2747 -0.0236 cyclist 0.9033758640289307
804 14.2747 -0.0236 cyclist 0.9305512309074402
805 14.4877 -0.0236 cyclist 0.9079265296459198
806 14.4877 -0.0551 cyclist 0.8788741230964661
807 14.2747 -0.0394 cyclist 0.8176705837249756
808 14.4877 -0.0394 cyclist 0.7828224003314972
809 14.2747 -0.0551 cyclist 0.8217460215091705
810 14.4877 -0.0551 cyclist 0.8591862916946411
811 14.2747 -0.0551 cyclist 0.8381876349449158
812 14.2747 -0.0551 cyclist 0.8573026657104492
813 14.2747 -0.0551 cyclist 0.8453650176525116
814 14.4877 -0.0551 cyclist 0.8082442879676819
815 14.4877 -0.0867 cyclist 0.7477506697177887
816 14.4877 -0.1025 cyclist 0.7323468923568726
817 14.2747 -0.0867 cyclist 0.7596987783908844
818 14.4877 -0.0867 cyclist 0.803236186504364
819 14.2747 -0.0867 cyclist 0.7632158100605011
820 14.2747 -0.1025 cyclist 0.7729096114635468
821 14.4877 -0.1184 cyclist 0.7661641836166382
822 14.4877 -0.1184 cyclist 0.7783468067646027
823 14.4877 -0.0867 cyclist 0.7276880145072937
824 14.4877 -0.1025 cyclist 0.8381428420543671
825 14.2747 -0.1184 cyclist 0.8850325047969818
826 14.4877 -0.1184 cyclist 0.9282423555850983
827 14.4877 -0.1025 cyclist 0.901147335767746
828 14.2747 -0.0867 cyclist 0.9320239424705505
829 14.4877 -0.1184 cyclist 0.9304064810276031
830 14.4877 -0.1184 cyclist 0.9311828315258026
831 14.4877 -0.0867 cyclist 0.8627881109714508
832 14.2747 -0.1184 cyclist 0.8903530240058899
832 18.5358 0.0079 pedestrian 0.3072194680571556
833 14.2747 -0.1184 cyclist 0.9423505961894989
833 18.5358 0.0236 pedestrian 0.32791997492313385
834 14.2747 -0.1184 cyclist 0.9768964946269989
834 18.5358 -0.0079 pedestrian 0.33560774475336075
835 14.2747 -0.1343 cyclist 0.9474534094333649
835 18.5358 0.0236 pedestrian 0.3241545632481575
836 14.2747 -0.1184 cyclist 0.9814784228801727
836 18.5358 0.0236 pedestrian 0.35596659034490585
837 14.4877 -0.1502 cyclist 0.9674302041530609
837 18.5358 0.0236 pedestrian 0.3535623326897621
838 14.4877 -0.1184 cyclist 0.9447417259216309
838 18.5358 0.0236 pedestrian 0.3339703008532524
839 14.4877 -0.1502 cyclist 0.8816429376602173
839 18.5358 0.0079 pedestrian 0.342158742249012
840 14.4877 -0.1661 cyclist 0.8540071249008179
840 18.5358 0.0079 pedestrian 0.48778805136680603
841 14.4877 -0.1502 cyclist 0.890852153301239
841 18.5358 0.0236 pedestrian 0.5447725653648376
842 14.2747 -0.1502 cyclist 0.9273055195808411
842 18.5358 0.0236 pedestrian 0.5657504498958588
843 14.2747 -0.1502 cyclist 0.8954641222953796
843 18.5358 0.0236 pedestrian 0.5561832189559937
844 14.2747 -0.1502 cyclist 0.9143083989620209
844 18.5358 0.0236 pedestrian 0.5909453630447388
845 14.4877 -0.1502 cyclist 0.9014934003353119
845 18.5358 0.0236 pedestrian 0.6014932096004486
846 14.4877 -0.1821 cyclist 0.8783129155635834
846 18.5358 0.0236 pedestrian 0.5612420439720154
847 14.4877 -0.1502 cyclist 0.8159105479717255
847 18.5358 0.0394 pedestrian 0.5391258895397186
848 14.4877 -0.1661 cyclist 0.7493356168270111
848 18.5358 0.0079 pedestrian 0.5667223632335663
849 14.4877 -0.1502 cyclist 0.7745320498943329
849 18.5358 0.0236 pedestrian 0.6121712625026703
850 14.4877 -0.1821 cyclist 0.8046674728393555
850 18.5358 0.0236 pedestrian 0.6355797946453094
851 14.2747 -0.1502 cyclist 0.7773489654064178
851 18.5358 0.0236 pedestrian 0.6214839220046997
852 14.2747 -0.1502 cyclist 0.7880220115184784
852 18.5358 0.0236 pedestrian 0.6344130039215088
853 14.4877 -0.1502 cyclist 0.7847920060157776
853 18.5358 0.0236 pedestrian 0.6433190703392029
854 14.4877 -0.1821 cyclist 0.7733305990695953
854 18.5358 0.0079 pedestrian 0.6006165742874146
855 14.4877 -0.1821 cyclist 0.7151021361351013
855 18.5358 0.0079 pedestrian 0.5692461133003235
856 14.4877 -0.1661 cyclist 0.7061935365200043
856 18.5358 0.0236 pedestrian 0.5129848718643188
857 14.2747 -0.1821 cyclist 0.7469939589500427
857 18.5358 0.0236 pedestrian 0.5604357123374939
858 14.4877 -0.1821 cyclist 0.7771959006786346
858 18.5358 0.0236 pedestrian 0.5879835188388824
859 14.2747 -0.1821 cyclist 0.7578834891319275
859 18.5358 0.0236 pedestrian 0.5801361203193665
860 14.2747 -0.1821 cyclist 0.7516894936561584
860 18.5358 0.0236 pedestrian 0.590105801820755
861 14.2747 -0.1821 cyclist 0.7501546740531921
861 18.5358 0.0236 pedestrian 0.5982412993907928
862 14.2747 -0.1981 cyclist 0.7116702795028687
862 18.3227 0.0236 pedestrian 0.5491016805171967
863 14.2747 -0.1821 cyclist 0.6802619397640228
863 18.3227 0.0236 pedestrian 0.5221134722232819
864 14.0616 -0.2142 cyclist 0.6893092393875122
864 18.3227 0.0236 pedestrian 0.5313136875629425
865 14.0616 -0.2466 cyclist 0.7174191474914551
865 18.3227 0.0079 pedestrian 0.5536659955978394
866 14.0616 -0.2466 cyclist 0.7324218153953552
866 18.3227 0.0394 pedestrian 0.5812432765960693
867 14.0616 -0.2142 cyclist 0.7420090436935425
867 18.3227 0.0236 pedestrian 0.6015981435775757
868 14.0616 -0.2466 cyclist 0.7390885055065155
868 18.3227 0.0236 pedestrian 0.6029308438301086
869 13.8486 -0.2304 cyclist 0.7379028499126434
869 18.3227 0.0236 pedestrian 0.6077222228050232
870 14.0616 -0.2466 cyclist 0.7127879858016968
870 18.3227 0.0236 pedestrian 0.5756039023399353
871 14.0616 -0.2629 cyclist 0.6816262602806091
871 18.3227 0.0236 pedestrian 0.5429407954216003
872 14.0616 -0.2629 cyclist 0.7575364410877228
872 18.3227 0.0394 pedestrian 0.5526513159275055
873 13.8486 -0.2304 cyclist 0.7995596826076508
873 18.1097 0.0394 pedestrian 0.5892752408981323
874 13.8486 -0.2466 cyclist 0.806565523147583
874 18.1097 0.0551 pedestrian 0.6415296792984009
875 13.8486 -0.2466 cyclist 0.7977438271045685
875 18.1097 0.0551 pedestrian 0.6380999982357025
876 13.8486 -0.2792 cyclist 0.7875784933567047
876 18.1097 0.0551 pedestrian 0.6538371741771698
877 13.8486 -0.2466 cyclist 0.7858715057373047
877 18.1097 0.0551 pedestrian 0.6551109552383423
878 13.6355 -0.2466 cyclist 0.7562325298786163
878 18.1097 0.0394 pedestrian 0.6241332292556763
879 13.8486 -0.2466 cyclist 0.7236019372940063
879 18.1097 0.0551 pedestrian 0.5925554931163788
880 13.8486 -0.2629 cyclist 0.7328916788101196
880 17.8966 0.0394 pedestrian 0.602017730474472
881 13.8486 -0.2304 cyclist 0.7733748555183411
881 18.1097 0.0551 pedestrian 0.6297079026699066
882 13.6355 -0.2466 cyclist 0.7760084569454193
882 17.8966 0.0551 pedestrian 0.6740107834339142
883 13.8486 -0.2466 cyclist 0.7587307095527649
883 17.8966 0.0394 pedestrian 0.6740473210811615
884 13.6355 -0.2466 cyclist 0.7488200664520264
884 17.8966 0.0394 pedestrian 0.699936717748642
885 13.6355 -0.2792 cyclist 0.735596776008606
885 17.8966 0.0394 pedestrian 0.6944594085216522
886 13.6355 -0.2466 cyclist 0.7247435450553894
886 17.8966 0.0394 pedestrian 0.6739112138748169
887 13.6355 -0.2792 cyclist 0.6870298385620117
887 17.8966 0.0394 pedestrian 0.6279264688491821
888 13.6355 -0.2629 cyclist 0.7118195295333862
888 17.8966 0.0394 pedestrian 0.7104281783103943
889 13.4225 -0.2629 cyclist 0.6994920372962952
889 17.6836 0.0236 pedestrian 0.69061678647995
890 17.6836 0.0394 pedestrian 0.71917325258255
890 13.4225 -0.2629 cyclist 0.7116540670394897
891 17.6836 0.0236 pedestrian 0.7357988357543945
891 13.4225 -0.2629 cyclist 0.7118808031082153
892 17.6836 0.0551 pedestrian 0.7462289929389954
892 13.2094 -0.2629 cyclist 0.7060295939445496
893 17.6836 0.0236 pedestrian 0.7713578343391418
893 13.4225 -0.2792 cyclist 0.7174650430679321
894 17.6836 0.0394 pedestrian 0.7121061086654663
894 13.2094 -0.2792 cyclist 0.6984084844589233
895 13.2094 -0.2629 cyclist 0.6312875747680664
895 17.6836 0.0394 pedestrian 0.6303524374961853
895 13.6355 -0.2792 cyclist 0.5982877016067505
